0.001 0
0.101 0
0.201 0
0.301 2.72e+06
0.401 81600
0.501 3.9712e+06
0.601 6.12e+06
0.701 0
0.801 9.1392e+06
0.901 3.4e+06
1.001 1.03088e+07
1.101 1.02544e+07
1.201 1.03088e+07
1.301 1.71088e+07
1.401 1.72448e+07
1.501 1.7272e+07
1.601 1.7272e+07
1.701 1.72448e+07
1.801 1.7272e+07
1.901 7.616e+06
2.001 0
2.101 0
2.201 1.13424e+07
2.301 3.31296e+07
2.401 1.72176e+07
2.501 2.17056e+07
2.601 2.9376e+06
2.701 0
2.801 0
2.901 0
3.001 0
3.101 0
3.201 0
3.301 0
3.401 2.3528e+07
3.501 0
3.601 54400
3.701 0
3.801 108800
3.901 163200
4.001 0
4.101 217600
4.201 326400
4.301 0
4.401 489600
4.501 0
4.601 761600
4.701 1.1424e+06
4.801 0
4.901 1.6864e+06
5.001 1.5776e+06
5.101 979200
5.201 1.51232e+07
5.301 0
5.401 8.09744e+07
5.501 0
5.601 4.06368e+07
5.701 0
5.801 0
5.901 1.4688e+06
6.001 54400
6.101 1.6048e+06
6.201 81600
6.301 1.4416e+06
6.401 1.6592e+06
6.501 81600
6.601 1.4144e+06
6.701 1.4416e+06
6.801 108800
6.901 1.632e+06
7.001 108800
7.101 1.5776e+06
7.201 1.7408e+06
7.301 108800
7.401 1.6864e+06
7.501 1.5776e+06
7.601 272000
7.701 1.904e+06
7.801 108800
7.901 1.8496e+06
8.001 2.0128e+06
8.101 108800
8.201 1.9584e+06
8.301 1.5776e+06
8.401 544000
8.501 2.176e+06
8.601 108800
8.701 2.1216e+06
8.801 2.2848e+06
8.901 108800
9.001 2.2304e+06
9.101 1.36e+06
9.201 1.0336e+06
9.301 2.448e+06
9.401 108800
9.501 2.3936e+06
9.601 2.5568e+06
9.701 108800
9.801 2.5024e+06
9.901 1.088e+06
10.001 1.5776e+06
10.101 2.72e+06
10.201 108800
10.301 2.6656e+06
10.401 2.8288e+06
10.501 108800
10.601 2.7744e+06
10.701 788800
10.801 2.1488e+06
10.901 2.992e+06
11.001 108800
11.101 2.9376e+06
11.201 3.1008e+06
11.301 108800
11.401 3.0464e+06
11.501 516800
11.601 2.6928e+06
11.701 3.264e+06
11.801 108800
11.901 3.2368e+06
12.001 3.4e+06
12.101 108800
12.201 3.4e+06
12.301 272000
12.401 3.2912e+06
12.501 3.672e+06
12.601 108800
12.701 3.6176e+06
12.801 3.536e+06
12.901 408000
13.001 3.7808e+06
13.101 108800
13.201 3.8896e+06
13.301 4.0528e+06
13.401 108800
13.501 4.0528e+06
13.601 3.264e+06
13.701 1.0608e+06
13.801 4.216e+06
13.901 108800
14.001 4.2704e+06
14.101 4.488e+06
14.201 108800
14.301 4.4336e+06
14.401 3.0192e+06
14.501 1.7136e+06
14.601 4.624e+06
14.701 108800
14.801 4.7056e+06
14.901 4.8416e+06
15.001 136000
15.101 4.7872e+06
15.201 2.8016e+06
15.301 2.2304e+06
15.401 5.0864e+06
15.501 217600
15.601 4.9776e+06
15.701 5.2496e+06
15.801 217600
15.901 5.1408e+06
16.001 2.584e+06
16.101 2.8288e+06
16.201 5.5216e+06
16.301 217600
16.401 5.3584e+06
16.501 5.6848e+06
16.601 217600
16.701 5.5216e+06
16.801 2.312e+06
16.901 3.536e+06
17.001 5.9024e+06
17.101 217600
17.201 5.7936e+06
17.301 5.576e+06
17.401 734400
17.501 5.984e+06
17.601 2.04e+06
17.701 4.2704e+06
17.801 6.4192e+06
17.901 217600
18.001 6.3104e+06
18.101 5.3584e+06
18.201 1.496e+06
18.301 6.528e+06
18.401 1.8224e+06
18.501 5.0048e+06
18.601 6.9632e+06
18.701 244800
18.801 6.8272e+06
18.901 5.168e+06
19.001 2.2576e+06
19.101 7.0448e+06
19.201 1.6048e+06
19.301 5.7936e+06
19.401 7.5072e+06
19.501 217600
19.601 7.3984e+06
19.701 4.8416e+06
19.801 3.1008e+06
19.901 7.616e+06
20.001 1.2512e+06
20.101 6.6912e+06
20.201 8.0512e+06
20.301 217600
20.401 7.9424e+06
20.501 4.488e+06
20.601 3.9984e+06
20.701 8.16e+06
20.801 897600
20.901 7.5888e+06
21.001 7.7248e+06
21.101 1.088e+06
21.201 8.4864e+06
21.301 4.1344e+06
21.401 4.896e+06
21.501 8.704e+06
21.601 544000
21.701 8.4864e+06
21.801 7.3712e+06
21.901 1.9856e+06
22.001 9.0304e+06
22.101 3.7808e+06
22.201 5.7936e+06
22.301 9.248e+06
22.401 217600
22.501 9.384e+06
22.601 7.0176e+06
22.701 2.9104e+06
22.801 9.656e+06
22.901 3.4544e+06
23.001 6.7456e+06
23.101 9.928e+06
23.201 217600
23.301 1.00368e+07
23.401 6.7456e+06
23.501 3.8896e+06
23.601 1.03088e+07
23.701 3.1824e+06
23.801 7.5344e+06
23.901 9.9824e+06
24.001 1.0064e+06
24.101 1.07168e+07
24.201 6.4736e+06
24.301 4.8416e+06
24.401 1.09344e+07
24.501 2.9648e+06
24.601 8.3776e+06
24.701 9.792e+06
24.801 1.9312e+06
24.901 1.13424e+07
25.001 6.2288e+06
25.101 5.7664e+06
25.201 1.16144e+07
25.301 2.6656e+06
25.401 9.3296e+06
25.501 9.52e+06
25.601 2.9104e+06
25.701 1.19952e+07
25.801 5.9568e+06
25.901 6.7456e+06
26.001 1.22672e+07
26.101 2.3936e+06
26.201 1.03088e+07
26.301 9.2208e+06
26.401 3.8624e+06
26.501 1.27024e+07
26.601 5.6576e+06
26.701 7.6976e+06
26.801 1.224e+07
26.901 2.8288e+06
27.001 1.12608e+07
27.101 8.9488e+06
27.201 4.8416e+06
27.301 1.33824e+07
27.401 5.3856e+06
27.501 8.704e+06
27.601 1.1968e+07
27.701 3.5904e+06
27.801 1.22944e+07
27.901 8.704e+06
28.001 5.8752e+06
28.101 1.41984e+07
28.201 5.168e+06
28.301 9.7376e+06
28.401 1.17504e+07
28.501 4.4064e+06
28.601 1.3328e+07
28.701 8.4864e+06
28.801 6.9088e+06
28.901 1.50144e+07
29.001 4.9504e+06
29.101 1.07712e+07
29.201 1.15328e+07
29.301 5.2224e+06
29.401 1.43616e+07
29.501 8.2688e+06
29.601 7.9424e+06
29.701 1.48784e+07
29.801 5.6848e+06
29.901 1.17776e+07
30.001 1.13152e+07
30.101 6.0112e+06
30.201 1.54224e+07
30.301 7.9968e+06
30.401 9.0304e+06
30.501 1.45792e+07
30.601 6.4736e+06
30.701 1.29472e+07
30.801 1.09888e+07
30.901 6.8e+06
31.001 1.6592e+07
31.101 7.6432e+06
31.201 1.02e+07
31.301 1.42256e+07
31.401 7.2896e+06
31.501 1.41168e+07
31.601 1.06352e+07
31.701 7.616e+06
31.801 1.7272e+07
31.901 7.8064e+06
32.001 1.13968e+07
32.101 1.38992e+07
32.201 8.1872e+06
32.301 1.53408e+07
32.401 1.0336e+07
32.501 8.6768e+06
32.601 1.71632e+07
32.701 8.7584e+06
32.801 1.2648e+07
32.901 1.36e+07
33.001 9.1392e+06
33.101 1.64832e+07
33.201 1.01456e+07
33.301 9.9008e+06
33.401 1.68912e+07
33.501 9.7376e+06
33.601 1.38448e+07
33.701 1.3328e+07
33.801 1.00912e+07
33.901 1.7272e+07
34.001 1.03088e+07
34.101 1.1152e+07
34.201 1.6592e+07
34.301 1.06896e+07
34.401 1.5096e+07
34.501 1.30288e+07
34.601 1.10432e+07
34.701 1.7272e+07
34.801 1.12608e+07
34.901 1.2376e+07
35.001 1.632e+07
35.101 1.16144e+07
35.201 1.632e+07
35.301 1.27296e+07
35.401 1.1968e+07
35.501 1.7272e+07
35.601 1.21856e+07
35.701 1.36e+07
35.801 1.60208e+07
35.901 1.25664e+07
36.001 1.72448e+07
36.101 1.27568e+07
36.201 1.29472e+07
36.301 1.7272e+07
36.401 1.3192e+07
36.501 1.496e+07
36.601 1.56944e+07
36.701 1.36272e+07
36.801 1.72448e+07
36.901 1.38448e+07
37.001 1.40624e+07
37.101 1.72448e+07
37.201 1.428e+07
37.301 1.64016e+07
37.401 1.53408e+07
37.501 1.47152e+07
37.601 1.72448e+07
37.701 1.49328e+07
37.801 1.51504e+07
37.901 1.72448e+07
38.001 1.5368e+07
38.101 1.72448e+07
38.201 1.55856e+07
38.301 1.58032e+07
38.401 1.72448e+07
38.501 1.60208e+07
38.601 1.62384e+07
38.701 1.72448e+07
38.801 1.6456e+07
38.901 1.72448e+07
39.001 1.66736e+07
39.101 1.68912e+07
39.201 1.72448e+07
39.301 1.71088e+07
39.401 1.72448e+07
39.501 1.7272e+07
39.601 1.72448e+07
39.701 1.7272e+07
39.801 1.7272e+07
39.901 1.72448e+07
40.001 1.7272e+07
40.101 1.72448e+07
40.201 1.7272e+07
40.301 1.72448e+07
40.401 1.7272e+07
40.501 1.72448e+07
40.601 1.7272e+07
40.701 1.72448e+07
40.801 1.7272e+07
40.901 1.72448e+07
41.001 1.7272e+07
41.101 1.72448e+07
41.201 1.7272e+07
41.301 1.72448e+07
41.401 1.7272e+07
41.501 1.72448e+07
41.601 1.7272e+07
41.701 1.72448e+07
41.801 1.7272e+07
41.901 1.72448e+07
42.001 1.7272e+07
42.101 1.72448e+07
42.201 1.7272e+07
42.301 1.72448e+07
42.401 1.7272e+07
42.501 1.72448e+07
42.601 1.7272e+07
42.701 1.7272e+07
42.801 1.72448e+07
42.901 1.7272e+07
43.001 1.72448e+07
43.101 1.7272e+07
43.201 1.72448e+07
43.301 1.7272e+07
43.401 1.72448e+07
43.501 1.7272e+07
43.601 1.72448e+07
43.701 1.7272e+07
43.801 1.72448e+07
43.901 1.7272e+07
44.001 1.72448e+07
44.101 1.7272e+07
44.201 1.72448e+07
44.301 1.7272e+07
44.401 1.72448e+07
44.501 1.7272e+07
44.601 1.72448e+07
44.701 1.7272e+07
44.801 1.72448e+07
44.901 1.7272e+07
45.001 1.72448e+07
45.101 1.7272e+07
45.201 1.72448e+07
45.301 1.7272e+07
45.401 1.72448e+07
45.501 1.7272e+07
45.601 1.7272e+07
45.701 1.72448e+07
45.801 1.7272e+07
45.901 1.72448e+07
46.001 1.7272e+07
46.101 1.72448e+07
46.201 1.7272e+07
46.301 1.72448e+07
46.401 1.7272e+07
46.501 1.72448e+07
46.601 1.7272e+07
46.701 1.72448e+07
46.801 1.7272e+07
46.901 1.72448e+07
47.001 1.7272e+07
47.101 1.72448e+07
47.201 1.7272e+07
47.301 1.72448e+07
47.401 1.7272e+07
47.501 1.72448e+07
47.601 1.7272e+07
47.701 1.72448e+07
47.801 1.7272e+07
47.901 1.72448e+07
48.001 1.7272e+07
48.101 1.72448e+07
48.201 1.7272e+07
48.301 1.7272e+07
48.401 1.72448e+07
48.501 1.7272e+07
48.601 1.72448e+07
48.701 1.7272e+07
48.801 1.72448e+07
48.901 1.7272e+07
49.001 1.72448e+07
49.101 1.7272e+07
49.201 1.72448e+07
49.301 1.7272e+07
49.401 1.72448e+07
49.501 1.7272e+07
49.601 1.72448e+07
49.701 1.7272e+07
49.801 1.72448e+07
49.901 1.7272e+07
50.001 1.72448e+07
50.101 1.7272e+07
50.201 1.72448e+07
50.301 1.7272e+07
50.401 1.72448e+07
50.501 1.7272e+07
50.601 1.72448e+07
50.701 1.7272e+07
50.801 1.72448e+07
50.901 1.7272e+07
51.001 1.72448e+07
51.101 1.7272e+07
51.201 1.7272e+07
51.301 1.72448e+07
51.401 1.7272e+07
51.501 1.72448e+07
51.601 1.7272e+07
51.701 1.72448e+07
51.801 1.7272e+07
51.901 1.72448e+07
52.001 1.7272e+07
52.101 1.72448e+07
52.201 1.7272e+07
52.301 1.72448e+07
52.401 1.7272e+07
52.501 1.72448e+07
52.601 1.7272e+07
52.701 1.72448e+07
52.801 1.7272e+07
52.901 1.72448e+07
53.001 1.7272e+07
53.101 1.72448e+07
53.201 1.7272e+07
53.301 1.72448e+07
53.401 1.7272e+07
53.501 1.72448e+07
53.601 1.7272e+07
53.701 1.72448e+07
53.801 1.7272e+07
53.901 1.7272e+07
54.001 1.72448e+07
54.101 1.7272e+07
54.201 1.72448e+07
54.301 1.7272e+07
54.401 1.72448e+07
54.501 1.7272e+07
54.601 1.72448e+07
54.701 1.7272e+07
54.801 1.72448e+07
54.901 1.7272e+07
55.001 1.72448e+07
55.101 1.7272e+07
55.201 1.72448e+07
55.301 1.7272e+07
55.401 1.72448e+07
55.501 1.7272e+07
55.601 1.72448e+07
55.701 1.7272e+07
55.801 1.72448e+07
55.901 1.7272e+07
56.001 1.72448e+07
56.101 1.7272e+07
56.201 1.72448e+07
56.301 1.7272e+07
56.401 1.72448e+07
56.501 1.7272e+07
56.601 1.72448e+07
56.701 1.7272e+07
56.801 1.7272e+07
56.901 1.72448e+07
57.001 1.7272e+07
57.101 1.72448e+07
57.201 1.7272e+07
57.301 1.72448e+07
57.401 1.7272e+07
57.501 1.72448e+07
57.601 1.7272e+07
57.701 1.72448e+07
57.801 1.7272e+07
57.901 1.72448e+07
58.001 1.7272e+07
58.101 1.72448e+07
58.201 1.7272e+07
58.301 1.72448e+07
58.401 1.7272e+07
58.501 1.72448e+07
58.601 1.7272e+07
58.701 1.72448e+07
58.801 1.7272e+07
58.901 1.72448e+07
59.001 1.7272e+07
59.101 1.72448e+07
59.201 1.7272e+07
59.301 1.72448e+07
59.401 1.7272e+07
59.501 1.7272e+07
59.601 1.72448e+07
59.701 1.7272e+07
59.801 1.72448e+07
59.901 1.7272e+07
60.001 1.72448e+07
60.101 1.7272e+07
60.201 1.72448e+07
60.301 1.7272e+07
60.401 1.72448e+07
60.501 1.7272e+07
60.601 1.72448e+07
60.701 1.7272e+07
60.801 1.72448e+07
60.901 1.7272e+07
61.001 1.72448e+07
61.101 1.7272e+07
61.201 1.72448e+07
61.301 1.7272e+07
61.401 1.72448e+07
61.501 1.7272e+07
61.601 1.72448e+07
61.701 1.7272e+07
61.801 1.72448e+07
61.901 1.7272e+07
62.001 1.72448e+07
62.101 1.7272e+07
62.201 1.72448e+07
62.301 1.7272e+07
62.401 1.7272e+07
62.501 1.72448e+07
62.601 1.7272e+07
62.701 1.72448e+07
62.801 1.7272e+07
62.901 1.72448e+07
63.001 1.7272e+07
63.101 1.72448e+07
63.201 1.7272e+07
63.301 1.72448e+07
63.401 1.7272e+07
63.501 1.72448e+07
63.601 1.7272e+07
63.701 1.72448e+07
63.801 1.7272e+07
63.901 1.72448e+07
64.001 1.7272e+07
64.101 1.72448e+07
64.201 1.7272e+07
64.301 1.72448e+07
64.401 1.7272e+07
64.501 1.72448e+07
64.601 1.7272e+07
64.701 1.72448e+07
64.801 1.7272e+07
64.901 1.72448e+07
65.001 9.112e+06
65.101 0
65.201 0
65.301 2.22768e+07
65.401 1.78976e+07
65.501 1.3464e+07
65.601 5.78816e+07
65.701 1.71632e+07
65.801 1.71904e+07
65.901 1.7272e+07
66.001 1.72448e+07
66.101 1.7272e+07
66.201 1.72448e+07
66.301 1.7272e+07
66.401 1.72448e+07
66.501 1.7272e+07
66.601 1.72448e+07
66.701 1.7272e+07
66.801 1.72448e+07
66.901 1.7272e+07
67.001 1.72448e+07
67.101 1.7272e+07
67.201 1.72448e+07
67.301 1.7272e+07
67.401 1.72448e+07
67.501 1.7272e+07
67.601 1.72448e+07
67.701 1.7272e+07
67.801 1.72448e+07
67.901 1.7272e+07
68.001 1.7272e+07
68.101 1.72448e+07
68.201 1.7272e+07
68.301 1.72448e+07
68.401 1.7272e+07
68.501 1.72448e+07
68.601 1.7272e+07
68.701 1.72448e+07
68.801 1.7272e+07
68.901 1.72448e+07
69.001 1.7272e+07
69.101 1.72448e+07
69.201 1.7272e+07
69.301 1.72448e+07
69.401 1.7272e+07
69.501 1.72448e+07
69.601 1.7272e+07
69.701 1.72448e+07
69.801 1.7272e+07
69.901 1.72448e+07
70.001 1.7272e+07
70.101 1.72448e+07
70.201 1.7272e+07
70.301 1.72448e+07
70.401 1.7272e+07
70.501 1.72448e+07
70.601 1.7272e+07
70.701 1.72448e+07
70.801 1.7272e+07
70.901 1.7272e+07
71.001 1.72448e+07
71.101 1.7272e+07
71.201 1.72448e+07
71.301 1.7272e+07
71.401 1.72448e+07
71.501 1.7272e+07
71.601 1.72448e+07
71.701 1.7272e+07
71.801 1.72448e+07
71.901 1.7272e+07
72.001 1.72448e+07
72.101 1.7272e+07
72.201 1.72448e+07
72.301 1.7272e+07
72.401 1.72448e+07
72.501 1.7272e+07
72.601 1.72448e+07
72.701 1.7272e+07
72.801 1.72448e+07
72.901 1.7272e+07
73.001 1.72448e+07
73.101 1.7272e+07
73.201 1.72448e+07
73.301 1.7272e+07
73.401 1.72448e+07
73.501 1.7272e+07
73.601 1.7272e+07
73.701 1.72448e+07
73.801 1.7272e+07
73.901 1.72448e+07
74.001 1.7272e+07
74.101 1.72448e+07
74.201 1.7272e+07
74.301 1.72448e+07
74.401 1.7272e+07
74.501 1.72448e+07
74.601 1.7272e+07
74.701 1.72448e+07
74.801 1.7272e+07
74.901 1.72448e+07
75.001 1.7272e+07
75.101 1.72448e+07
75.201 1.7272e+07
75.301 1.72448e+07
75.401 1.7272e+07
75.501 1.72448e+07
75.601 1.7272e+07
75.701 1.72448e+07
75.801 1.7272e+07
75.901 1.72448e+07
76.001 1.7272e+07
76.101 1.72448e+07
76.201 1.7272e+07
76.301 1.72448e+07
76.401 1.7272e+07
76.501 1.7272e+07
76.601 1.72448e+07
76.701 1.7272e+07
76.801 1.72448e+07
76.901 1.7272e+07
77.001 1.72448e+07
77.101 1.7272e+07
77.201 1.72448e+07
77.301 1.7272e+07
77.401 1.72448e+07
77.501 1.7272e+07
77.601 1.72448e+07
77.701 1.7272e+07
77.801 1.72448e+07
77.901 1.7272e+07
78.001 1.72448e+07
78.101 1.7272e+07
78.201 1.72448e+07
78.301 1.7272e+07
78.401 1.72448e+07
78.501 1.7272e+07
78.601 1.72448e+07
78.701 1.7272e+07
78.801 1.72448e+07
78.901 1.7272e+07
79.001 1.72448e+07
79.101 1.7272e+07
79.201 1.7272e+07
79.301 1.72448e+07
79.401 1.7272e+07
79.501 1.72448e+07
79.601 1.7272e+07
79.701 1.72448e+07
79.801 1.7272e+07
79.901 1.72448e+07
80.001 1.7272e+07
80.101 1.20768e+07
80.201 0
80.301 0
80.401 0
80.501 3.57408e+07
80.601 1.78976e+07
80.701 5.49168e+07
80.801 1.71632e+07
80.901 1.71632e+07
81.001 1.7272e+07
81.101 1.72448e+07
81.201 1.7272e+07
81.301 1.72448e+07
81.401 1.7272e+07
81.501 1.72448e+07
81.601 1.7272e+07
81.701 1.72448e+07
81.801 1.7272e+07
81.901 1.72448e+07
82.001 1.7272e+07
82.101 1.7272e+07
82.201 1.72448e+07
82.301 1.7272e+07
82.401 1.72448e+07
82.501 1.7272e+07
82.601 1.72448e+07
82.701 1.7272e+07
82.801 1.72448e+07
82.901 1.7272e+07
83.001 1.72448e+07
83.101 1.7272e+07
83.201 1.72448e+07
83.301 1.7272e+07
83.401 1.72448e+07
83.501 1.7272e+07
83.601 1.72448e+07
83.701 1.7272e+07
83.801 1.72448e+07
83.901 1.7272e+07
84.001 1.72448e+07
84.101 1.7272e+07
84.201 1.72448e+07
84.301 1.7272e+07
84.401 1.72448e+07
84.501 1.7272e+07
84.601 1.72448e+07
84.701 1.7272e+07
84.801 1.72448e+07
84.901 1.7272e+07
85.001 1.7272e+07
85.101 1.72448e+07
85.201 1.7272e+07
85.301 1.72448e+07
85.401 1.7272e+07
85.501 1.72448e+07
85.601 1.7272e+07
85.701 1.72448e+07
85.801 1.7272e+07
85.901 1.72448e+07
86.001 1.7272e+07
86.101 1.72448e+07
86.201 1.7272e+07
86.301 1.72448e+07
86.401 1.7272e+07
86.501 1.72448e+07
86.601 1.7272e+07
86.701 1.72448e+07
86.801 1.7272e+07
86.901 1.72448e+07
87.001 1.7272e+07
87.101 1.72448e+07
87.201 1.7272e+07
87.301 1.72448e+07
87.401 1.7272e+07
87.501 1.72448e+07
87.601 1.7272e+07
87.701 1.7272e+07
87.801 1.72448e+07
87.901 1.7272e+07
88.001 1.72448e+07
88.101 1.7272e+07
88.201 1.72448e+07
88.301 1.7272e+07
88.401 1.72448e+07
88.501 1.7272e+07
88.601 1.72448e+07
88.701 1.7272e+07
88.801 1.72448e+07
88.901 1.7272e+07
89.001 1.72448e+07
89.101 1.7272e+07
89.201 1.72448e+07
89.301 1.7272e+07
89.401 1.72448e+07
89.501 1.7272e+07
89.601 1.72448e+07
89.701 1.7272e+07
89.801 1.72448e+07
89.901 1.7272e+07
90.001 1.72448e+07
90.101 1.7272e+07
90.201 1.72448e+07
90.301 1.7272e+07
90.401 1.72448e+07
90.501 1.7272e+07
90.601 1.7272e+07
90.701 1.72448e+07
90.801 1.7272e+07
90.901 1.72448e+07
91.001 1.7272e+07
91.101 1.72448e+07
91.201 1.7272e+07
91.301 1.72448e+07
91.401 1.7272e+07
91.501 1.72448e+07
91.601 1.7272e+07
91.701 1.72448e+07
91.801 1.7272e+07
91.901 1.72448e+07
92.001 1.7272e+07
92.101 1.72448e+07
92.201 1.7272e+07
92.301 1.72448e+07
92.401 1.7272e+07
92.501 1.72448e+07
92.601 1.7272e+07
92.701 1.72448e+07
92.801 1.7272e+07
92.901 1.72448e+07
93.001 1.7272e+07
93.101 1.72448e+07
93.201 1.7272e+07
93.301 1.7272e+07
93.401 1.72448e+07
93.501 1.7272e+07
93.601 1.72448e+07
93.701 1.7272e+07
93.801 1.72448e+07
93.901 1.7272e+07
94.001 1.72448e+07
94.101 1.7272e+07
94.201 1.72448e+07
94.301 1.7272e+07
94.401 1.72448e+07
94.501 1.7272e+07
94.601 1.72448e+07
94.701 1.7272e+07
94.801 1.72448e+07
94.901 1.7272e+07
95.001 1.72448e+07
95.101 1.7272e+07
95.201 1.50688e+07
95.301 0
95.401 0
95.501 0
95.601 3.12528e+07
95.701 1.78976e+07
95.801 5.64128e+07
95.901 1.71904e+07
96.001 1.7136e+07
96.101 1.7272e+07
96.201 1.7272e+07
96.301 1.72448e+07
96.401 1.7272e+07
96.501 1.72448e+07
96.601 1.7272e+07
96.701 1.72448e+07
96.801 1.7272e+07
96.901 1.72448e+07
97.001 1.7272e+07
97.101 1.72448e+07
97.201 1.7272e+07
97.301 1.72448e+07
97.401 1.7272e+07
97.501 1.72448e+07
97.601 1.7272e+07
97.701 1.72448e+07
97.801 1.7272e+07
97.901 1.72448e+07
98.001 1.7272e+07
98.101 1.72448e+07
98.201 1.7272e+07
98.301 1.72448e+07
98.401 1.7272e+07
98.501 1.72448e+07
98.601 1.7272e+07
98.701 1.72448e+07
98.801 1.7272e+07
98.901 1.7272e+07
99.001 1.72448e+07
99.101 1.7272e+07
99.201 1.72448e+07
99.301 1.7272e+07
99.401 1.72448e+07
99.501 1.7272e+07
99.601 1.72448e+07
99.701 1.7272e+07
99.801 1.72448e+07
99.901 1.7272e+07
100.001 1.72448e+07
100.101 1.7272e+07
100.201 1.72448e+07
100.301 1.7272e+07
100.401 1.72448e+07
100.501 1.7272e+07
100.601 1.72448e+07
100.701 1.7272e+07
100.801 1.72448e+07
100.901 1.7272e+07
101.001 1.72448e+07
101.101 1.7272e+07
101.201 1.72448e+07
101.301 1.7272e+07
101.401 1.72448e+07
101.501 1.7272e+07
101.601 1.72448e+07
101.701 1.7272e+07
101.801 1.7272e+07
101.901 1.72448e+07
102.001 1.7272e+07
102.101 1.72448e+07
102.201 1.7272e+07
102.301 1.72448e+07
102.401 1.7272e+07
102.501 1.72448e+07
102.601 1.7272e+07
102.701 1.72448e+07
102.801 1.7272e+07
102.901 1.72448e+07
103.001 1.7272e+07
103.101 1.72448e+07
103.201 1.7272e+07
103.301 1.72448e+07
103.401 1.7272e+07
103.501 1.72448e+07
103.601 1.7272e+07
103.701 1.72448e+07
103.801 1.7272e+07
103.901 1.72448e+07
104.001 1.7272e+07
104.101 1.72448e+07
104.201 1.7272e+07
104.301 1.72448e+07
104.401 1.7272e+07
104.501 1.72448e+07
104.601 1.7272e+07
104.701 1.7272e+07
104.801 1.72448e+07
104.901 1.7272e+07
105.001 1.72448e+07
105.101 1.7272e+07
105.201 1.72448e+07
105.301 1.7272e+07
105.401 1.72448e+07
105.501 1.7272e+07
105.601 1.72448e+07
105.701 1.7272e+07
105.801 1.72448e+07
105.901 1.7272e+07
106.001 1.72448e+07
106.101 1.7272e+07
106.201 1.72448e+07
106.301 1.7272e+07
106.401 1.72448e+07
106.501 1.7272e+07
106.601 1.72448e+07
106.701 1.7272e+07
106.801 1.72448e+07
106.901 1.7272e+07
107.001 1.72448e+07
107.101 1.7272e+07
107.201 1.72448e+07
107.301 1.7272e+07
107.401 1.7272e+07
107.501 1.72448e+07
107.601 1.7272e+07
107.701 1.72448e+07
107.801 1.7272e+07
107.901 1.72448e+07
108.001 1.7272e+07
108.101 1.72448e+07
108.201 1.7272e+07
108.301 1.72448e+07
108.401 1.7272e+07
108.501 1.72448e+07
108.601 1.7272e+07
108.701 1.72448e+07
108.801 1.7272e+07
108.901 1.72448e+07
109.001 1.7272e+07
109.101 1.72448e+07
109.201 1.7272e+07
109.301 1.72448e+07
109.401 1.7272e+07
109.501 1.72448e+07
109.601 1.7272e+07
109.701 1.72448e+07
109.801 1.7272e+07
109.901 1.72448e+07
110.001 1.7272e+07
110.101 1.72448e+07
110.201 1.7272e+07
110.301 1.7272e+07
110.401 843200
110.501 0
110.601 0
110.701 3.12528e+07
110.801 1.34096e+07
110.901 5.79088e+07
111.001 1.7136e+07
111.101 1.71632e+07
111.201 1.72448e+07
111.301 1.7272e+07
111.401 1.72448e+07
111.501 1.7272e+07
111.601 1.72448e+07
111.701 1.7272e+07
111.801 1.72448e+07
111.901 1.7272e+07
112.001 1.72448e+07
112.101 1.7272e+07
112.201 1.72448e+07
112.301 1.7272e+07
112.401 1.72448e+07
112.501 1.7272e+07
112.601 1.72448e+07
112.701 1.7272e+07
112.801 1.72448e+07
112.901 1.7272e+07
113.001 1.7272e+07
113.101 1.72448e+07
113.201 1.7272e+07
113.301 1.72448e+07
113.401 1.7272e+07
113.501 1.72448e+07
113.601 1.7272e+07
113.701 1.72448e+07
113.801 1.7272e+07
113.901 1.72448e+07
114.001 1.7272e+07
114.101 1.72448e+07
114.201 1.7272e+07
114.301 1.72448e+07
114.401 1.7272e+07
114.501 1.72448e+07
114.601 1.7272e+07
114.701 1.72448e+07
114.801 1.7272e+07
114.901 1.72448e+07
115.001 1.7272e+07
115.101 1.72448e+07
115.201 1.7272e+07
115.301 1.72448e+07
115.401 1.7272e+07
115.501 1.72448e+07
115.601 1.7272e+07
115.701 1.72448e+07
115.801 1.7272e+07
115.901 1.7272e+07
116.001 1.72448e+07
116.101 1.7272e+07
116.201 1.72448e+07
116.301 1.7272e+07
116.401 1.72448e+07
116.501 1.7272e+07
116.601 1.72448e+07
116.701 1.7272e+07
116.801 1.72448e+07
116.901 1.7272e+07
117.001 1.72448e+07
117.101 1.7272e+07
117.201 1.72448e+07
117.301 1.7272e+07
117.401 1.72448e+07
117.501 1.7272e+07
117.601 1.72448e+07
117.701 1.7272e+07
117.801 1.72448e+07
117.901 1.7272e+07
118.001 1.72448e+07
118.101 1.7272e+07
118.201 1.72448e+07
118.301 1.7272e+07
118.401 1.72448e+07
118.501 1.7272e+07
118.601 1.7272e+07
118.701 1.72448e+07
118.801 1.7272e+07
118.901 1.72448e+07
119.001 1.7272e+07
119.101 1.72448e+07
119.201 1.7272e+07
119.301 1.72448e+07
119.401 1.7272e+07
119.501 1.72448e+07
119.601 1.7272e+07
119.701 1.72448e+07
119.801 1.7272e+07
119.901 1.72448e+07
120.001 1.7272e+07
120.101 1.72448e+07
120.201 1.7272e+07
120.301 1.72448e+07
120.401 1.7272e+07
120.501 1.72448e+07
120.601 1.7272e+07
120.701 1.72448e+07
120.801 1.7272e+07
120.901 1.72448e+07
121.001 1.7272e+07
121.101 1.72448e+07
121.201 1.7272e+07
121.301 1.72448e+07
121.401 1.7272e+07
121.501 1.7272e+07
121.601 1.72448e+07
121.701 1.7272e+07
121.801 1.72448e+07
121.901 1.7272e+07
122.001 1.72448e+07
122.101 1.7272e+07
122.201 1.72448e+07
122.301 1.7272e+07
122.401 1.72448e+07
122.501 1.7272e+07
122.601 1.72448e+07
122.701 1.7272e+07
122.801 1.72448e+07
122.901 1.7272e+07
123.001 1.72448e+07
123.101 1.7272e+07
123.201 1.72448e+07
123.301 1.7272e+07
123.401 1.72448e+07
123.501 1.7272e+07
123.601 1.72448e+07
123.701 1.7272e+07
123.801 1.72448e+07
123.901 1.7272e+07
124.001 1.72448e+07
124.101 1.7272e+07
124.201 1.72448e+07
124.301 1.7272e+07
124.401 1.7272e+07
124.501 1.72448e+07
124.601 1.7272e+07
124.701 1.72448e+07
124.801 1.7272e+07
124.901 1.72448e+07
125.001 1.7272e+07
125.101 1.72448e+07
125.201 1.7272e+07
125.301 1.72448e+07
125.401 1.7272e+07
125.501 3.8352e+06
125.601 0
125.701 0
125.801 2.67648e+07
125.901 1.78976e+07
126.001 5.4944e+07
126.101 1.7136e+07
126.201 1.71632e+07
126.301 1.72176e+07
126.401 1.7272e+07
126.501 1.72448e+07
126.601 1.7272e+07
126.701 1.72448e+07
126.801 1.7272e+07
126.901 1.72448e+07
127.001 1.7272e+07
127.101 1.7272e+07
127.201 1.72448e+07
127.301 1.7272e+07
127.401 1.72448e+07
127.501 1.7272e+07
127.601 1.72448e+07
127.701 1.7272e+07
127.801 1.72448e+07
127.901 1.7272e+07
128.001 1.72448e+07
128.101 1.7272e+07
128.201 1.72448e+07
128.301 1.7272e+07
128.401 1.72448e+07
128.501 1.7272e+07
128.601 1.72448e+07
128.701 1.7272e+07
128.801 1.72448e+07
128.901 1.7272e+07
129.001 1.72448e+07
129.101 1.7272e+07
129.201 1.72448e+07
129.301 1.7272e+07
129.401 1.72448e+07
129.501 1.7272e+07
129.601 1.72448e+07
129.701 1.7272e+07
129.801 1.72448e+07
129.901 1.7272e+07
130.001 1.7272e+07
130.101 1.72448e+07
130.201 1.7272e+07
130.301 1.72448e+07
130.401 1.7272e+07
130.501 1.72448e+07
130.601 1.7272e+07
130.701 1.72448e+07
130.801 1.7272e+07
130.901 1.72448e+07
131.001 1.7272e+07
131.101 1.72448e+07
131.201 1.7272e+07
131.301 1.72448e+07
131.401 1.7272e+07
131.501 1.72448e+07
131.601 1.7272e+07
131.701 1.72448e+07
131.801 1.7272e+07
131.901 1.72448e+07
132.001 1.7272e+07
132.101 1.72448e+07
132.201 1.7272e+07
132.301 1.72448e+07
132.401 1.7272e+07
132.501 1.72448e+07
132.601 1.7272e+07
132.701 1.7272e+07
132.801 1.72448e+07
132.901 1.7272e+07
133.001 1.72448e+07
133.101 1.7272e+07
133.201 1.72448e+07
133.301 1.7272e+07
133.401 1.72448e+07
133.501 1.7272e+07
133.601 1.72448e+07
133.701 1.7272e+07
133.801 1.72448e+07
133.901 1.7272e+07
134.001 1.72448e+07
134.101 1.7272e+07
134.201 1.72448e+07
134.301 1.7272e+07
134.401 1.72448e+07
134.501 1.7272e+07
134.601 1.72448e+07
134.701 1.7272e+07
134.801 1.72448e+07
134.901 1.7272e+07
135.001 1.72448e+07
135.101 1.7272e+07
135.201 1.72448e+07
135.301 1.7272e+07
135.401 1.72448e+07
135.501 1.7272e+07
135.601 1.7272e+07
135.701 1.72448e+07
135.801 1.7272e+07
135.901 1.72448e+07
136.001 1.7272e+07
136.101 1.72448e+07
136.201 1.7272e+07
136.301 1.72448e+07
136.401 1.7272e+07
136.501 1.72448e+07
136.601 1.7272e+07
136.701 1.72448e+07
136.801 1.7272e+07
136.901 1.72448e+07
137.001 1.7272e+07
137.101 1.72448e+07
137.201 1.7272e+07
137.301 1.72448e+07
137.401 1.7272e+07
137.501 1.72448e+07
137.601 1.7272e+07
137.701 1.72448e+07
137.801 1.7272e+07
137.901 1.72448e+07
138.001 1.7272e+07
138.101 1.72448e+07
138.201 1.7272e+07
138.301 1.7272e+07
138.401 1.72448e+07
138.501 1.7272e+07
138.601 1.72448e+07
138.701 1.7272e+07
138.801 1.72448e+07
138.901 1.7272e+07
139.001 1.72448e+07
139.101 1.7272e+07
139.201 1.72448e+07
139.301 1.7272e+07
139.401 1.72448e+07
139.501 1.7272e+07
139.601 1.72448e+07
139.701 1.7272e+07
139.801 1.72448e+07
139.901 1.7272e+07
140.001 1.72448e+07
140.101 1.7272e+07
140.201 1.72448e+07
140.301 1.7272e+07
140.401 1.72448e+07
140.501 1.7272e+07
140.601 6.8272e+06
140.701 0
140.801 0
140.901 2.23312e+07
141.001 1.78976e+07
141.101 1.77344e+07
141.201 5.58416e+07
141.301 1.7136e+07
141.401 1.72176e+07
141.501 1.72448e+07
141.601 1.7272e+07
141.701 1.72448e+07
141.801 1.7272e+07
141.901 1.72448e+07
142.001 1.7272e+07
142.101 1.72448e+07
142.201 1.7272e+07
142.301 1.72448e+07
142.401 1.7272e+07
142.501 1.72448e+07
142.601 1.7272e+07
142.701 1.72448e+07
142.801 1.7272e+07
142.901 1.72448e+07
143.001 1.7272e+07
143.101 1.72448e+07
143.201 1.7272e+07
143.301 1.72448e+07
143.401 1.7272e+07
143.501 1.72448e+07
143.601 1.7272e+07
143.701 1.72448e+07
143.801 1.7272e+07
143.901 1.72448e+07
144.001 1.7272e+07
144.101 1.7272e+07
144.201 1.72448e+07
144.301 1.7272e+07
144.401 1.72448e+07
144.501 1.7272e+07
144.601 1.72448e+07
144.701 1.7272e+07
144.801 1.72448e+07
144.901 1.7272e+07
145.001 1.72448e+07
145.101 1.7272e+07
145.201 1.72448e+07
145.301 1.7272e+07
145.401 1.72448e+07
145.501 1.7272e+07
145.601 1.72448e+07
145.701 1.7272e+07
145.801 1.72448e+07
145.901 1.7272e+07
146.001 1.72448e+07
146.101 1.7272e+07
146.201 1.72448e+07
146.301 1.7272e+07
146.401 1.72448e+07
146.501 1.7272e+07
146.601 1.72448e+07
146.701 1.7272e+07
146.801 1.7272e+07
146.901 1.72448e+07
147.001 1.7272e+07
147.101 1.72448e+07
147.201 1.7272e+07
147.301 1.72448e+07
147.401 1.7272e+07
147.501 1.72448e+07
147.601 1.7272e+07
147.701 1.72448e+07
147.801 1.7272e+07
147.901 1.72448e+07
148.001 1.7272e+07
148.101 1.72448e+07
148.201 1.7272e+07
148.301 1.72448e+07
148.401 1.7272e+07
148.501 1.72448e+07
148.601 1.7272e+07
148.701 1.72448e+07
148.801 1.7272e+07
148.901 1.72448e+07
149.001 1.7272e+07
149.101 1.72448e+07
149.201 1.7272e+07
149.301 1.72448e+07
149.401 1.7272e+07
149.501 1.72448e+07
149.601 1.7272e+07
149.701 1.7272e+07
149.801 1.72448e+07
149.901 1.7272e+07
150.001 1.72448e+07
150.101 1.7272e+07
150.201 1.72448e+07
150.301 1.7272e+07
150.401 1.72448e+07
150.501 1.7272e+07
150.601 1.72448e+07
150.701 1.7272e+07
150.801 1.72448e+07
150.901 1.7272e+07
151.001 1.72448e+07
151.101 1.7272e+07
151.201 1.72448e+07
151.301 1.7272e+07
151.401 1.72448e+07
151.501 1.7272e+07
151.601 1.72448e+07
151.701 1.7272e+07
151.801 1.72448e+07
151.901 1.7272e+07
152.001 1.72448e+07
152.101 1.7272e+07
152.201 1.72448e+07
152.301 1.7272e+07
152.401 1.7272e+07
152.501 1.72448e+07
152.601 1.7272e+07
152.701 1.72448e+07
152.801 1.7272e+07
152.901 1.72448e+07
153.001 1.7272e+07
153.101 1.72448e+07
153.201 1.7272e+07
153.301 1.72448e+07
153.401 1.7272e+07
153.501 1.72448e+07
153.601 1.7272e+07
153.701 1.72448e+07
153.801 1.7272e+07
153.901 1.72448e+07
154.001 1.7272e+07
154.101 1.72448e+07
154.201 1.7272e+07
154.301 1.72448e+07
154.401 1.7272e+07
154.501 1.72448e+07
154.601 1.7272e+07
154.701 1.72448e+07
154.801 1.7272e+07
154.901 1.72448e+07
155.001 1.7272e+07
155.101 1.72448e+07
155.201 1.7272e+07
155.301 1.7272e+07
155.401 1.72448e+07
155.501 1.7272e+07
155.601 1.72448e+07
155.701 9.8736e+06
155.801 0
155.901 0
156.001 1.78432e+07
156.101 1.78432e+07
156.201 1.7952e+07
156.301 5.712e+07
156.401 1.7136e+07
156.501 1.72176e+07
156.601 1.72448e+07
156.701 1.7272e+07
156.801 1.72448e+07
156.901 1.7272e+07
157.001 1.72448e+07
157.101 1.7272e+07
157.201 1.72448e+07
157.301 1.7272e+07
157.401 1.72448e+07
157.501 1.7272e+07
157.601 1.72448e+07
157.701 1.7272e+07
157.801 1.72448e+07
157.901 1.7272e+07
158.001 1.7272e+07
158.101 1.72448e+07
158.201 1.7272e+07
158.301 1.72448e+07
158.401 1.7272e+07
158.501 1.72448e+07
158.601 1.7272e+07
158.701 1.72448e+07
158.801 1.7272e+07
158.901 1.72448e+07
159.001 1.7272e+07
159.101 1.72448e+07
159.201 1.7272e+07
159.301 1.72448e+07
159.401 1.7272e+07
159.501 1.72448e+07
159.601 1.7272e+07
159.701 1.72448e+07
159.801 1.7272e+07
159.901 1.72448e+07
160.001 1.7272e+07
160.101 1.72448e+07
160.201 1.7272e+07
160.301 1.72448e+07
160.401 1.7272e+07
160.501 1.72448e+07
160.601 1.7272e+07
160.701 1.72448e+07
160.801 1.7272e+07
160.901 1.7272e+07
161.001 1.72448e+07
161.101 1.7272e+07
161.201 1.72448e+07
161.301 1.7272e+07
161.401 1.72448e+07
161.501 1.7272e+07
161.601 1.72448e+07
161.701 1.7272e+07
161.801 1.72448e+07
161.901 1.7272e+07
162.001 1.72448e+07
162.101 1.7272e+07
162.201 1.72448e+07
162.301 1.7272e+07
162.401 1.72448e+07
162.501 1.7272e+07
162.601 1.72448e+07
162.701 1.7272e+07
162.801 1.72448e+07
162.901 1.7272e+07
163.001 1.72448e+07
163.101 1.7272e+07
163.201 1.72448e+07
163.301 1.7272e+07
163.401 1.72448e+07
163.501 1.7272e+07
163.601 1.72448e+07
163.701 1.7272e+07
163.801 1.7272e+07
163.901 1.72448e+07
164.001 1.7272e+07
164.101 1.72448e+07
164.201 1.7272e+07
164.301 1.72448e+07
164.401 1.7272e+07
164.501 1.72448e+07
164.601 1.7272e+07
164.701 1.72448e+07
164.801 1.7272e+07
164.901 1.72448e+07
165.001 1.7272e+07
165.101 1.72448e+07
165.201 1.7272e+07
165.301 1.72448e+07
165.401 1.7272e+07
165.501 1.72448e+07
165.601 1.7272e+07
165.701 1.72448e+07
165.801 1.7272e+07
165.901 1.72448e+07
166.001 1.7272e+07
166.101 1.72448e+07
166.201 1.7272e+07
166.301 1.72448e+07
166.401 1.7272e+07
166.501 1.7272e+07
166.601 1.72448e+07
166.701 1.7272e+07
166.801 1.72448e+07
166.901 1.7272e+07
167.001 1.72448e+07
167.101 1.7272e+07
167.201 1.72448e+07
167.301 1.7272e+07
167.401 1.72448e+07
167.501 1.7272e+07
167.601 1.72448e+07
167.701 1.7272e+07
167.801 1.72448e+07
167.901 1.7272e+07
168.001 1.72448e+07
168.101 1.7272e+07
168.201 1.72448e+07
168.301 1.7272e+07
168.401 1.72448e+07
168.501 1.7272e+07
168.601 1.72448e+07
168.701 1.7272e+07
168.801 1.72448e+07
168.901 1.7272e+07
169.001 1.72448e+07
169.101 1.7272e+07
169.201 1.72448e+07
169.301 1.7272e+07
169.401 1.7272e+07
169.501 1.72448e+07
169.601 1.7272e+07
169.701 1.72448e+07
169.801 1.7272e+07
169.901 1.72448e+07
170.001 1.7272e+07
170.101 1.72448e+07
170.201 1.7272e+07
170.301 1.72448e+07
170.401 1.7272e+07
170.501 1.72448e+07
170.601 1.7272e+07
170.701 1.72448e+07
170.801 1.28656e+07
170.901 0
171.001 0
171.101 0
171.201 3.57408e+07
171.301 1.78976e+07
171.401 5.41552e+07
171.501 1.7136e+07
171.601 1.71904e+07
171.701 1.72448e+07
171.801 1.7272e+07
171.901 1.72448e+07
172.001 1.7272e+07
172.101 1.7272e+07
172.201 1.72448e+07
172.301 1.7272e+07
172.401 1.72448e+07
172.501 1.7272e+07
172.601 1.72448e+07
172.701 1.7272e+07
172.801 1.72448e+07
172.901 1.7272e+07
173.001 1.72448e+07
173.101 1.7272e+07
173.201 1.72448e+07
173.301 1.7272e+07
173.401 1.72448e+07
173.501 1.7272e+07
173.601 1.72448e+07
173.701 1.7272e+07
173.801 1.72448e+07
173.901 1.7272e+07
174.001 1.72448e+07
174.101 1.7272e+07
174.201 1.72448e+07
174.301 1.7272e+07
174.401 1.72448e+07
174.501 1.7272e+07
174.601 1.72448e+07
174.701 1.7272e+07
174.801 1.72448e+07
174.901 1.7272e+07
175.001 1.7272e+07
175.101 1.72448e+07
175.201 1.7272e+07
175.301 1.72448e+07
175.401 1.7272e+07
175.501 1.72448e+07
175.601 1.7272e+07
175.701 1.72448e+07
175.801 1.7272e+07
175.901 1.72448e+07
176.001 1.7272e+07
176.101 1.72448e+07
176.201 1.7272e+07
176.301 1.72448e+07
176.401 1.7272e+07
176.501 1.72448e+07
176.601 1.7272e+07
176.701 1.72448e+07
176.801 1.7272e+07
176.901 1.72448e+07
177.001 1.7272e+07
177.101 1.72448e+07
177.201 1.7272e+07
177.301 1.72448e+07
177.401 1.7272e+07
177.501 1.72448e+07
177.601 1.7272e+07
177.701 1.7272e+07
177.801 1.72448e+07
177.901 1.7272e+07
178.001 1.72448e+07
178.101 1.7272e+07
178.201 1.72448e+07
178.301 1.7272e+07
178.401 1.72448e+07
178.501 1.7272e+07
178.601 1.72448e+07
178.701 1.7272e+07
178.801 1.72448e+07
178.901 1.7272e+07
179.001 1.72448e+07
179.101 1.7272e+07
179.201 1.72448e+07
179.301 1.7272e+07
179.401 1.72448e+07
179.501 1.7272e+07
179.601 1.72448e+07
179.701 1.7272e+07
179.801 1.72448e+07
179.901 1.7272e+07
180.001 1.72448e+07
180.101 1.7272e+07
180.201 1.72448e+07
180.301 1.7272e+07
180.401 1.72448e+07
180.501 1.7272e+07
180.601 1.7272e+07
180.701 1.72448e+07
180.801 1.7272e+07
180.901 1.72448e+07
181.001 1.7272e+07
181.101 1.72448e+07
181.201 1.7272e+07
181.301 1.72448e+07
181.401 1.7272e+07
181.501 1.72448e+07
181.601 1.7272e+07
181.701 1.72448e+07
181.801 1.7272e+07
181.901 1.72448e+07
182.001 1.7272e+07
182.101 1.72448e+07
182.201 1.7272e+07
182.301 1.72448e+07
182.401 1.7272e+07
182.501 1.72448e+07
182.601 1.7272e+07
182.701 1.72448e+07
182.801 1.7272e+07
182.901 1.72448e+07
183.001 1.7272e+07
183.101 1.72448e+07
183.201 1.7272e+07
183.301 1.72448e+07
183.401 1.7272e+07
183.501 1.7272e+07
183.601 1.72448e+07
183.701 1.7272e+07
183.801 1.72448e+07
183.901 1.7272e+07
184.001 1.72448e+07
184.101 1.7272e+07
184.201 1.72448e+07
184.301 1.7272e+07
184.401 1.72448e+07
184.501 1.7272e+07
184.601 1.72448e+07
184.701 1.7272e+07
184.801 1.72448e+07
184.901 1.7272e+07
185.001 1.72448e+07
185.101 1.7272e+07
185.201 1.72448e+07
185.301 1.7272e+07
185.401 1.72448e+07
185.501 1.7272e+07
185.601 1.72448e+07
185.701 1.7272e+07
185.801 1.72448e+07
185.901 1.58576e+07
186.001 0
186.101 0
186.201 0
186.301 3.12528e+07
186.401 1.78976e+07
186.501 5.56784e+07
186.601 1.71632e+07
186.701 1.7136e+07
186.801 1.7272e+07
186.901 1.72448e+07
187.001 1.7272e+07
187.101 1.72448e+07
187.201 1.7272e+07
187.301 1.72448e+07
187.401 1.7272e+07
187.501 1.72448e+07
187.601 1.7272e+07
187.701 1.72448e+07
187.801 1.7272e+07
187.901 1.72448e+07
188.001 1.7272e+07
188.101 1.72448e+07
188.201 1.7272e+07
188.301 1.72448e+07
188.401 1.7272e+07
188.501 1.72448e+07
188.601 1.7272e+07
188.701 1.72448e+07
188.801 1.7272e+07
188.901 1.72448e+07
189.001 1.7272e+07
189.101 1.7272e+07
189.201 1.72448e+07
189.301 1.7272e+07
189.401 1.72448e+07
189.501 1.7272e+07
189.601 1.72448e+07
189.701 1.7272e+07
189.801 1.72448e+07
189.901 1.7272e+07
190.001 1.72448e+07
190.101 1.7272e+07
190.201 1.72448e+07
190.301 1.7272e+07
190.401 1.72448e+07
190.501 1.7272e+07
190.601 1.72448e+07
190.701 1.7272e+07
190.801 1.72448e+07
190.901 1.7272e+07
191.001 1.72448e+07
191.101 1.7272e+07
191.201 1.72448e+07
191.301 1.7272e+07
191.401 1.72448e+07
191.501 1.7272e+07
191.601 1.72448e+07
191.701 1.7272e+07
191.801 1.7272e+07
191.901 1.72448e+07
192.001 1.7272e+07
192.101 1.72448e+07
192.201 1.7272e+07
192.301 1.72448e+07
192.401 1.7272e+07
192.501 1.72448e+07
192.601 1.7272e+07
192.701 1.72448e+07
192.801 1.7272e+07
192.901 1.72448e+07
193.001 1.7272e+07
193.101 1.72448e+07
193.201 1.7272e+07
193.301 1.72448e+07
193.401 1.7272e+07
193.501 1.72448e+07
193.601 1.7272e+07
193.701 1.72448e+07
193.801 1.7272e+07
193.901 1.72448e+07
194.001 1.7272e+07
194.101 1.72448e+07
194.201 1.7272e+07
194.301 1.72448e+07
194.401 1.7272e+07
194.501 1.72448e+07
194.601 1.7272e+07
194.701 1.7272e+07
194.801 1.72448e+07
194.901 1.7272e+07
195.001 1.72448e+07
195.101 1.7272e+07
195.201 1.72448e+07
195.301 1.7272e+07
195.401 1.72448e+07
195.501 1.7272e+07
195.601 1.72448e+07
195.701 1.7272e+07
195.801 1.72448e+07
195.901 1.7272e+07
196.001 1.72448e+07
196.101 1.7272e+07
196.201 1.72448e+07
196.301 1.7272e+07
196.401 1.72448e+07
196.501 1.7272e+07
196.601 1.72448e+07
196.701 1.7272e+07
196.801 1.72448e+07
196.901 1.7272e+07
197.001 1.72448e+07
197.101 1.7272e+07
197.201 1.72448e+07
197.301 1.7272e+07
197.401 1.7272e+07
197.501 1.72448e+07
197.601 1.7272e+07
197.701 1.72448e+07
197.801 1.7272e+07
197.901 1.72448e+07
198.001 1.56944e+07
198.101 0
198.201 0
198.301 0
198.401 0
198.501 0
198.601 0
198.701 0
198.801 0
198.901 0
199.001 0
199.101 0
199.201 0
199.301 0
199.401 0
199.501 0
199.601 0
199.701 0
199.801 0
199.901 0
200.001 0
