0.160065 34000
0.320321 34340
0.320636 34680
0.320951 35020
0.321267 35360
0.321582 35700
0.321897 36040
0.322212 36380
0.322527 36720
0.322843 37060
0.323158 37400
0.323473 37740
0.323788 38080
0.324103 38420
0.324419 38760
0.324734 39100
0.325049 39440
0.325364 39780
0.325679 40120
0.325995 40460
0.32631 40800
0.326625 41140
0.32694 41480
0.327255 41820
0.327571 42160
0.327886 42500
0.328201 42840
0.328516 43180
0.328831 43520
0.329147 43860
0.329462 44200
0.329777 44540
0.330092 44880
0.330407 45220
0.330723 45560
0.331038 45900
0.331353 46240
0.331668 46580
0.331983 46920
0.332299 47260
0.332614 47600
0.332929 47940
0.333244 48280
0.333559 48620
0.333875 48960
0.33419 49300
0.334505 49640
0.33482 49980
0.335135 50320
0.335451 50660
0.335766 51000
0.480572 51340
0.480887 51680
0.481203 52020
0.481518 52360
0.481833 52700
0.482148 53040
0.482463 53380
0.482779 53720
0.483094 54060
0.483409 54400
0.483724 54740
0.484039 55080
0.484355 55420
0.48467 55760
0.484985 56100
0.4853 56440
0.485615 56780
0.485931 57120
0.486246 57460
0.486561 57800
0.486876 58140
0.487191 58480
0.487507 58820
0.487822 59160
0.488137 59500
0.488452 59840
0.488767 60180
0.489083 60520
0.489398 60860
0.489713 61200
0.490028 61540
0.490343 61880
0.490659 62220
0.490974 62560
0.491289 62900
0.491604 63240
0.491919 63580
0.492235 63920
0.49255 64260
0.492865 64600
0.49318 64940
0.493495 65280
0.493811 65620
0.494126 65960
0.494441 66300
0.494756 66640
0.495071 66980
0.495387 67320
0.495702 67660
0.496017 68000
0.496332 68340
0.496647 68680
0.496963 69020
0.497278 69360
0.497593 69700
0.497908 70040
0.498223 70380
0.498539 70720
0.498854 71060
0.499169 71400
0.499484 71740
0.499799 72080
0.500115 72420
0.50043 72760
0.500745 73100
0.50106 73440
0.501375 73780
0.501691 74120
0.502006 74460
0.502321 74800
0.502636 75140
0.502951 75480
0.503267 75820
0.503582 76160
0.503897 76500
0.640981 76840
0.641296 77180
0.641611 77520
0.641927 77860
0.642242 78200
0.642557 78540
0.642872 78880
0.643187 79220
0.643503 79560
0.643818 79900
0.644133 80240
0.644448 80580
0.644763 80920
0.645079 81260
0.645394 81600
0.645709 81940
0.646024 82280
0.646339 82620
0.646655 82960
0.64697 83300
0.647285 83640
0.6476 83980
0.647915 84320
0.648231 84660
0.648546 85000
0.648861 85340
0.649176 85680
0.649491 86020
0.649807 86360
0.650122 86700
0.650437 87040
0.650752 87380
0.651067 87720
0.651383 88060
0.651698 88400
0.652013 88740
0.652328 89080
0.652643 89420
0.652959 89760
0.653274 90100
0.653589 90440
0.653904 90780
0.654219 91120
0.654535 91460
0.65485 91800
0.655165 92140
0.65548 92480
0.655795 92820
0.656111 93160
0.656426 93500
0.656741 93840
0.657056 94180
0.657371 94520
0.657687 94860
0.658002 95200
0.658317 95540
0.658632 95880
0.658947 96220
0.659263 96560
0.659578 96900
0.659893 97240
0.660208 97580
0.660523 97920
0.660839 98260
0.661154 98600
0.661469 98940
0.661784 99280
0.662099 99620
0.662415 99960
0.66273 100300
0.663045 100640
0.66336 100980
0.663675 101320
0.663991 101660
0.664306 102000
0.664621 102340
0.664936 102680
0.665251 103020
0.665567 103360
0.665882 103700
0.666197 104040
0.666512 104380
0.666827 104720
0.667143 105060
0.667458 105400
0.667773 105740
0.668088 106080
0.668403 106420
0.668719 106760
0.669034 107100
0.669349 107440
0.669664 107780
0.669979 108120
0.670295 108460
0.67061 108800
0.670925 109140
0.67124 109480
0.671555 109820
0.671871 110160
0.672186 110500
0.672501 110840
0.672816 111180
0.673131 111520
0.673447 111860
0.673762 112200
0.674077 112540
0.674392 112880
0.674707 113220
0.675023 113560
0.675338 113900
0.675653 114240
0.675968 114580
0.801232 114920
0.801548 115260
0.801863 115600
0.802178 115940
0.802493 116280
0.802808 116620
0.803124 116960
0.803439 117300
0.803754 117640
0.804069 117980
0.804384 118320
0.8047 118660
0.805015 119000
0.80533 119340
0.805645 119680
0.80596 120020
0.806276 120360
0.806591 120700
0.806906 121040
0.807221 121380
0.807536 121720
0.807852 122060
0.808167 122400
0.808482 122740
0.808797 123080
0.809112 123420
0.809428 123760
0.809743 124100
0.810058 124440
0.810373 124780
0.810688 125120
0.811004 125460
0.811319 125800
0.811634 126140
0.811949 126480
0.812264 126820
0.81258 127160
0.812895 127500
0.81321 127840
0.813525 128180
0.81384 128520
0.814156 128860
0.814471 129200
0.814786 129540
0.815101 129880
0.815416 130220
0.815732 130560
0.816047 130900
0.816362 131240
0.816677 131580
0.816992 131920
0.817308 132260
0.817623 132600
0.817938 132940
0.818253 133280
0.818568 133620
0.818884 133960
0.819199 134300
0.819514 134640
0.819829 134980
0.820144 135320
0.82046 135660
0.820775 136000
0.82109 136340
0.821405 136680
0.82172 137020
0.822036 137360
0.822351 137700
0.822666 138040
0.822981 138380
0.823296 138720
0.823612 139060
0.823927 139400
0.824242 139740
0.824557 140080
0.824872 140420
0.825188 140760
0.825503 141100
0.825818 141440
0.826133 141780
0.826448 142120
0.826764 142460
0.827079 142800
0.827394 143140
0.827709 143480
0.828024 143820
0.82834 144160
0.828655 144500
0.82897 144840
0.829285 145180
0.8296 145520
0.829916 145860
0.830231 146200
0.830546 146540
0.830861 146880
0.831176 147220
0.831492 147560
0.831807 147900
0.832122 148240
0.832437 148580
0.832752 148920
0.833068 149260
0.833383 149600
0.833698 149940
0.834013 150280
0.834328 150620
0.834644 150960
0.834959 151300
0.835274 151640
0.835589 151980
0.835904 152320
0.83622 152660
0.836535 153000
0.83685 153340
0.837165 153680
0.83748 154020
0.837796 154360
0.838111 154700
0.838426 155040
0.838741 155380
0.839056 155720
0.839372 156060
0.839687 156400
0.840002 156740
0.840317 157080
0.840632 157420
0.840948 157760
0.841263 158100
0.841578 158440
0.841893 158780
0.842208 159120
0.842524 159460
0.842839 159800
0.843154 160140
0.843469 160480
0.843784 160820
0.8441 161160
0.844415 161500
0.84473 161840
0.845045 162180
0.84536 162520
0.845676 162860
0.845991 163200
0.846306 163540
0.846621 163880
0.846936 164220
0.847252 164560
0.847567 164900
0.847882 165240
0.848197 165580
0.848512 165920
0.848828 166260
0.849143 166600
0.849458 166940
0.849773 167280
0.850088 167620
0.850404 167960
0.850719 168300
0.851034 168640
0.851349 168980
0.851664 169320
0.85198 169660
0.852295 170000
0.85261 170340
0.852925 170680
0.85324 171020
0.853556 171360
0.853871 171700
0.961484 172040
0.961799 172380
0.962114 172720
0.962429 173060
0.962744 173400
0.96306 173740
0.963375 174080
0.96369 174420
0.964005 174760
0.96432 175100
0.964636 175440
0.964951 175780
0.965266 176120
0.965581 176460
0.965896 176800
0.966212 177140
0.966527 177480
0.966842 177820
0.967157 178160
0.967472 178500
0.967788 178840
0.968103 179180
0.968418 179520
0.968733 179860
0.969048 180200
0.969364 180540
0.969679 180880
0.969994 181220
0.970309 181560
0.970624 181900
0.97094 182240
0.971255 182580
0.97157 182920
0.971885 183260
0.9722 183600
0.972516 183940
0.972831 184280
0.973146 184620
0.973461 184960
0.973776 185300
0.974092 185640
0.974407 185980
0.974722 186320
0.975037 186660
0.975352 187000
0.975668 187340
0.975983 187680
0.976298 188020
0.976613 188360
0.976928 188700
0.977244 189040
0.977559 189380
0.977874 189720
0.978189 190060
0.978504 190400
0.97882 190740
0.979135 191080
0.97945 191420
0.979765 191760
0.98008 192100
0.980396 192440
0.980711 192780
0.981026 193120
0.981341 193460
0.981656 193800
0.981972 194140
0.982287 194480
0.982602 194820
0.982917 195160
0.983232 195500
0.983548 195840
0.983863 196180
0.984178 196520
0.984493 196860
0.984808 197200
0.985124 197540
0.985439 197880
0.985754 198220
0.986069 198560
0.986384 198900
0.9867 199240
0.987015 199580
0.98733 199920
0.987645 200260
0.98796 200600
0.988276 200940
0.988591 201280
0.988906 201620
0.989221 201960
0.989536 202300
0.989852 202640
0.990167 202980
0.990482 203320
0.990797 203660
0.991112 204000
0.991428 204340
0.991743 204680
0.992058 205020
0.992373 205360
0.992688 205700
0.993004 206040
0.993319 206380
0.993634 206720
0.993949 207060
0.994264 207400
0.99458 207740
0.994895 208080
0.99521 208420
0.995525 208760
0.99584 209100
0.996156 209440
0.996471 209780
0.996786 210120
0.997101 210460
0.997416 210800
0.997732 211140
0.998047 211480
0.998362 211820
0.998677 212160
0.998992 212500
0.999308 212840
0.999623 213180
0.999938 213520
1.00025 213860
1.00057 214200
1.00088 214540
1.0012 214880
1.00151 215220
1.00183 215560
1.00214 215900
1.00246 216240
1.00277 216580
1.00309 216920
1.00341 217260
1.00372 217600
1.00404 217940
1.00435 218280
1.00467 218620
1.00498 218960
1.0053 219300
1.00561 219640
1.00593 219980
1.00624 220320
1.00656 220660
1.00687 221000
1.00719 221340
1.0075 221680
1.00782 222020
1.00813 222360
1.00845 222700
1.00876 223040
1.00908 223380
1.00939 223720
1.00971 224060
1.01002 224400
1.01034 224740
1.01065 225080
1.01097 225420
1.01129 225760
1.0116 226100
1.01192 226440
1.01223 226780
1.01255 227120
1.01286 227460
1.01318 227800
1.01349 228140
1.01381 228480
1.01412 228820
1.01444 229160
1.01475 229500
1.01507 229840
1.01538 230180
1.0157 230520
1.01601 230860
1.01633 231200
1.01664 231540
1.01696 231880
1.01727 232220
1.01759 232560
1.0179 232900
1.01822 233240
1.01853 233580
1.01885 233920
1.01917 234260
1.01948 234600
1.0198 234940
1.02011 235280
1.02043 235620
1.02074 235960
1.02106 236300
1.02137 236640
1.02169 236980
1.022 237320
1.02232 237660
1.02263 238000
1.02295 238340
1.02326 238680
1.02358 239020
1.02389 239360
1.02421 239700
1.02452 240040
1.02484 240380
1.02515 240720
1.02547 241060
1.02578 241400
1.0261 241740
1.02641 242080
1.02673 242420
1.02705 242760
1.02736 243100
1.02768 243440
1.02799 243780
1.02831 244120
1.02862 244460
1.02894 244800
1.02925 245140
1.02957 245480
1.02988 245820
1.0302 246160
1.03051 246500
1.03083 246840
1.03114 247180
1.03146 247520
1.03177 247860
1.03209 248200
1.0324 248540
1.03272 248880
1.03303 249220
1.03335 249560
1.03366 249900
1.03398 250240
1.03429 250580
1.03461 250920
1.03493 251260
1.03524 251600
1.03556 251940
1.03587 252280
1.03619 252620
1.0365 252960
1.03682 253300
1.03713 253640
1.03745 253980
1.03776 254320
1.03808 254660
1.03839 255000
1.03871 255340
1.03902 255680
1.03934 256020
1.03965 256360
1.03997 256700
1.04028 257040
1.0406 257380
1.12173 257720
1.12205 258060
1.12237 258400
1.12268 258740
1.123 259080
1.12331 259420
1.12363 259760
1.12394 260100
1.12426 260440
1.12457 260780
1.12489 261120
1.1252 261460
1.12552 261800
1.12583 262140
1.12615 262480
1.12646 262820
1.12678 263160
1.12709 263500
1.12741 263840
1.12772 264180
1.12804 264520
1.12835 264860
1.12867 265200
1.12898 265540
1.1293 265880
1.12961 266220
1.12993 266560
1.13025 266900
1.13056 267240
1.13088 267580
1.13119 267920
1.13151 268260
1.13182 268600
1.13214 268940
1.13245 269280
1.13277 269620
1.13308 269960
1.1334 270300
1.13371 270640
1.13403 270980
1.13434 271320
1.13466 271660
1.13497 272000
1.13529 272340
1.1356 272680
1.13592 273020
1.13623 273360
1.13655 273700
1.13686 274040
1.13718 274380
1.13749 274720
1.13781 275060
1.13813 275400
1.13844 275740
1.13876 276080
1.13907 276420
1.13939 276760
1.1397 277100
1.14002 277440
1.14033 277780
1.14065 278120
1.14096 278460
1.14128 278800
1.14159 279140
1.14191 279480
1.14222 279820
1.14254 280160
1.14285 280500
1.14317 280840
1.14348 281180
1.1438 281520
1.14411 281860
1.14443 282200
1.14474 282540
1.14506 282880
1.14537 283220
1.14569 283560
1.14601 283900
1.14632 284240
1.14664 284580
1.14695 284920
1.14727 285260
1.14758 285600
1.1479 285940
1.14821 286280
1.14853 286620
1.14884 286960
1.14916 287300
1.14947 287640
1.14979 287980
1.1501 288320
1.15042 288660
1.15073 289000
1.15105 289340
1.15136 289680
1.15168 290020
1.15199 290360
1.15231 290700
1.15262 291040
1.15294 291380
1.15325 291720
1.15357 292060
1.15389 292400
1.1542 292740
1.15452 293080
1.15483 293420
1.15515 293760
1.15546 294100
1.15578 294440
1.15609 294780
1.15641 295120
1.15672 295460
1.15704 295800
1.15735 296140
1.15767 296480
1.15798 296820
1.1583 297160
1.15861 297500
1.15893 297840
1.15924 298180
1.15956 298520
1.15987 298860
1.16019 299200
1.1605 299540
1.16082 299880
1.16113 300220
1.16145 300560
1.16177 300900
1.16208 301240
1.1624 301580
1.16271 301920
1.16303 302260
1.16334 302600
1.16366 302940
1.16397 303280
1.16429 303620
1.1646 303960
1.16492 304300
1.16523 304640
1.16555 304980
1.16586 305320
1.16618 305660
1.16649 306000
1.16681 306340
1.16712 306680
1.16744 307020
1.16775 307360
1.16807 307700
1.16838 308040
1.1687 308380
1.16901 308720
1.16933 309060
1.16965 309400
1.16996 309740
1.17028 310080
1.17059 310420
1.17091 310760
1.17122 311100
1.17154 311440
1.17185 311780
1.17217 312120
1.17248 312460
1.1728 312800
1.17311 313140
1.17343 313480
1.17374 313820
1.17406 314160
1.17437 314500
1.17469 314840
1.175 315180
1.17532 315520
1.17563 315860
1.17595 316200
1.17626 316540
1.17658 316880
1.17689 317220
1.17721 317560
1.17753 317900
1.17784 318240
1.17816 318580
1.17847 318920
1.17879 319260
1.1791 319600
1.17942 319940
1.17973 320280
1.18005 320620
1.18036 320960
1.18068 321300
1.18099 321640
1.18131 321980
1.18162 322320
1.18194 322660
1.18225 323000
1.18257 323340
1.18288 323680
1.1832 324020
1.18351 324360
1.18383 324700
1.18414 325040
1.18446 325380
1.18477 325720
1.18509 326060
1.18541 326400
1.18572 326740
1.18604 327080
1.18635 327420
1.18667 327760
1.18698 328100
1.1873 328440
1.18761 328780
1.18793 329120
1.18824 329460
1.18856 329800
1.18887 330140
1.18919 330480
1.1895 330820
1.18982 331160
1.19013 331500
1.19045 331840
1.19076 332180
1.19108 332520
1.19139 332860
1.19171 333200
1.19202 333540
1.19234 333880
1.19265 334220
1.19297 334560
1.19329 334900
1.1936 335240
1.19392 335580
1.19423 335920
1.19455 336260
1.19486 336600
1.19518 336940
1.19549 337280
1.19581 337620
1.19612 337960
1.19644 338300
1.19675 338640
1.19707 338980
1.19738 339320
1.1977 339660
1.19801 340000
1.19833 340340
1.19864 340680
1.19896 341020
1.19927 341360
1.19959 341700
1.1999 342040
1.20022 342380
1.20053 342720
1.20085 343060
1.20117 343400
1.20148 343740
1.2018 344080
1.20211 344420
1.20243 344760
1.20274 345100
1.20306 345440
1.20337 345780
1.20369 346120
1.204 346460
1.20432 346800
1.20463 347140
1.20495 347480
1.20526 347820
1.20558 348160
1.20589 348500
1.20621 348840
1.20652 349180
1.20684 349520
1.20715 349860
1.20747 350200
1.20778 350540
1.2081 350880
1.20841 351220
1.20873 351560
1.20905 351900
1.20936 352240
1.20968 352580
1.20999 352920
1.21031 353260
1.21062 353600
1.21094 353940
1.21125 354280
1.21157 354620
1.21188 354960
1.2122 355300
1.21251 355640
1.21283 355980
1.21314 356320
1.21346 356660
1.21377 357000
1.21409 357340
1.2144 357680
1.21472 358020
1.21503 358360
1.21535 358700
1.21566 359040
1.21598 359380
1.21629 359720
1.21661 360060
1.21693 360400
1.21724 360740
1.21756 361080
1.21787 361420
1.21819 361760
1.2185 362100
1.21882 362440
1.21913 362780
1.21945 363120
1.21976 363460
1.22008 363800
1.22039 364140
1.22071 364480
1.22102 364820
1.22134 365160
1.22165 365500
1.22197 365840
1.22228 366180
1.2226 366520
1.22291 366860
1.22323 367200
1.22354 367540
1.22386 367880
1.22417 368220
1.22449 368560
1.22481 368900
1.22512 369240
1.22544 369580
1.22575 369920
1.22607 370260
1.22638 370600
1.2267 370940
1.22701 371280
1.22733 371620
1.22764 371960
1.22796 372300
1.22827 372640
1.22859 372980
1.2289 373320
1.22922 373660
1.22953 374000
1.22985 374340
1.23016 374680
1.23048 375020
1.23079 375360
1.23111 375700
1.23142 376040
1.23174 376380
1.23205 376720
1.23237 377060
1.23269 377400
1.233 377740
1.23332 378080
1.23363 378420
1.23395 378760
1.23426 379100
1.23458 379440
1.23489 379780
1.23521 380120
1.23552 380460
1.23584 380800
1.23615 381140
1.23647 381480
1.23678 381820
1.2371 382160
1.23741 382500
1.23773 382840
1.23804 383180
1.23836 383520
1.23867 383860
1.23899 384200
1.2393 384540
1.23962 384880
1.23993 385220
1.24025 385560
1.24057 385900
1.28199 386240
1.2823 386580
1.28262 386920
1.28293 387260
1.28325 387600
1.28356 387940
1.28388 388280
1.28419 388620
1.28451 388960
1.28482 389300
1.28514 389640
1.28545 389980
1.28577 390320
1.28608 390660
1.2864 391000
1.28671 391340
1.28703 391680
1.28734 392020
1.28766 392360
1.28797 392700
1.28829 393040
1.28861 393380
1.28892 393720
1.28924 394060
1.28955 394400
1.28987 394740
1.29018 395080
1.2905 395420
1.29081 395760
1.29113 396100
1.29144 396440
1.29176 396780
1.29207 397120
1.29239 397460
1.2927 397800
1.29302 398140
1.29333 398480
1.29365 398820
1.29396 399160
1.29428 399500
1.29459 399840
1.29491 400180
1.29522 400520
1.29554 400860
1.29585 401200
1.29617 401540
1.29649 401880
1.2968 402220
1.29712 402560
1.29743 402900
1.29775 403240
1.29806 403580
1.29838 403920
1.29869 404260
1.29901 404600
1.29932 404940
1.29964 405280
1.29995 405620
1.30027 405960
1.30058 406300
1.3009 406640
1.30121 406980
1.30153 407320
1.30184 407660
1.30216 408000
1.30247 408340
1.30279 408680
1.3031 409020
1.30342 409360
1.30373 409700
1.30405 410040
1.30437 410380
1.30468 410720
1.305 411060
1.30531 411400
1.30563 411740
1.30594 412080
1.30626 412420
1.30657 412760
1.30689 413100
1.3072 413440
1.30752 413780
1.30783 414120
1.30815 414460
1.30846 414800
1.30878 415140
1.30909 415480
1.30941 415820
1.30972 416160
1.31004 416500
1.31035 416840
1.31067 417180
1.31098 417520
1.3113 417860
1.31161 418200
1.31193 418540
1.31225 418880
1.31256 419220
1.31288 419560
1.31319 419900
1.31351 420240
1.31382 420580
1.31414 420920
1.31445 421260
1.31477 421600
1.31508 421940
1.3154 422280
1.31571 422620
1.31603 422960
1.31634 423300
1.31666 423640
1.31697 423980
1.31729 424320
1.3176 424660
1.31792 425000
1.31823 425340
1.31855 425680
1.31886 426020
1.31918 426360
1.31949 426700
1.31981 427040
1.32013 427380
1.32044 427720
1.32076 428060
1.32107 428400
1.32139 428740
1.3217 429080
1.32202 429420
1.32233 429760
1.32265 430100
1.32296 430440
1.32328 430780
1.32359 431120
1.32391 431460
1.32422 431800
1.32454 432140
1.32485 432480
1.32517 432820
1.32548 433160
1.3258 433500
1.32611 433840
1.32643 434180
1.32674 434520
1.32706 434860
1.32737 435200
1.32769 435540
1.32801 435880
1.32832 436220
1.32864 436560
1.32895 436900
1.32927 437240
1.32958 437580
1.3299 437920
1.33021 438260
1.33053 438600
1.33084 438940
1.33116 439280
1.33147 439620
1.33179 439960
1.3321 440300
1.33242 440640
1.33273 440980
1.33305 441320
1.33336 441660
1.33368 442000
1.33399 442340
1.33431 442680
1.33462 443020
1.33494 443360
1.33525 443700
1.33557 444040
1.33589 444380
1.3362 444720
1.33652 445060
1.33683 445400
1.33715 445740
1.33746 446080
1.33778 446420
1.33809 446760
1.33841 447100
1.33872 447440
1.33904 447780
1.33935 448120
1.33967 448460
1.33998 448800
1.3403 449140
1.34061 449480
1.34093 449820
1.34124 450160
1.34156 450500
1.34187 450840
1.34219 451180
1.3425 451520
1.34282 451860
1.34313 452200
1.34345 452540
1.34377 452880
1.34408 453220
1.3444 453560
1.34471 453900
1.34503 454240
1.34534 454580
1.34566 454920
1.34597 455260
1.34629 455600
1.3466 455940
1.34692 456280
1.34723 456620
1.34755 456960
1.34786 457300
1.34818 457640
1.34849 457980
1.34881 458320
1.34912 458660
1.34944 459000
1.34975 459340
1.35007 459680
1.35038 460020
1.3507 460360
1.35101 460700
1.35133 461040
1.35165 461380
1.35196 461720
1.35228 462060
1.35259 462400
1.35291 462740
1.35322 463080
1.35354 463420
1.35385 463760
1.35417 464100
1.35448 464440
1.3548 464780
1.35511 465120
1.35543 465460
1.35574 465800
1.35606 466140
1.35637 466480
1.35669 466820
1.357 467160
1.35732 467500
1.35763 467840
1.35795 468180
1.35826 468520
1.35858 468860
1.35889 469200
1.35921 469540
1.35953 469880
1.35984 470220
1.36016 470560
1.36047 470900
1.36079 471240
1.3611 471580
1.36142 471920
1.36173 472260
1.36205 472600
1.36236 472940
1.36268 473280
1.36299 473620
1.36331 473960
1.36362 474300
1.36394 474640
1.36425 474980
1.36457 475320
1.36488 475660
1.3652 476000
1.36551 476340
1.36583 476680
1.36614 477020
1.36646 477360
1.36677 477700
1.36709 478040
1.36741 478380
1.36772 478720
1.36804 479060
1.36835 479400
1.36867 479740
1.36898 480080
1.3693 480420
1.36961 480760
1.36993 481100
1.37024 481440
1.37056 481780
1.37087 482120
1.37119 482460
1.3715 482800
1.37182 483140
1.37213 483480
1.37245 483820
1.37276 484160
1.37308 484500
1.37339 484840
1.37371 485180
1.37402 485520
1.37434 485860
1.37465 486200
1.37497 486540
1.37529 486880
1.3756 487220
1.37592 487560
1.37623 487900
1.37655 488240
1.37686 488580
1.37718 488920
1.37749 489260
1.37781 489600
1.37812 489940
1.37844 490280
1.37875 490620
1.37907 490960
1.37938 491300
1.3797 491640
1.38001 491980
1.38033 492320
1.38064 492660
1.38096 493000
1.38127 493340
1.38159 493680
1.3819 494020
1.38222 494360
1.38253 494700
1.38285 495040
1.38317 495380
1.38348 495720
1.3838 496060
1.38411 496400
1.38443 496740
1.38474 497080
1.38506 497420
1.38537 497760
1.38569 498100
1.386 498440
1.38632 498780
1.38663 499120
1.38695 499460
1.38726 499800
1.38758 500140
1.38789 500480
1.38821 500820
1.38852 501160
1.38884 501500
1.38915 501840
1.38947 502180
1.38978 502520
1.3901 502860
1.39041 503200
1.39073 503540
1.39105 503880
1.39136 504220
1.39168 504560
1.39199 504900
1.39231 505240
1.39262 505580
1.39294 505920
1.39325 506260
1.39357 506600
1.39388 506940
1.3942 507280
1.39451 507620
1.39483 507960
1.39514 508300
1.39546 508640
1.39577 508980
1.39609 509320
1.3964 509660
1.39672 510000
1.39703 510340
1.39735 510680
1.39766 511020
1.39798 511360
1.39829 511700
1.39861 512040
1.39893 512380
1.39924 512720
1.39956 513060
1.39987 513400
1.40019 513740
1.4005 514080
1.40082 514420
1.40113 514760
1.40145 515100
1.40176 515440
1.40208 515780
1.40239 516120
1.40271 516460
1.40302 516800
1.40334 517140
1.40365 517480
1.40397 517820
1.40428 518160
1.4046 518500
1.40491 518840
1.40523 519180
1.40554 519520
1.40586 519860
1.40617 520200
1.40649 520540
1.40681 520880
1.40712 521220
1.40744 521560
1.40775 521900
1.40807 522240
1.40838 522580
1.4087 522920
1.40901 523260
1.40933 523600
1.40964 523940
1.40996 524280
1.41027 524620
1.41059 524960
1.4109 525300
1.41122 525640
1.41153 525980
1.41185 526320
1.41216 526660
1.41248 527000
1.41279 527340
1.41311 527680
1.41342 528020
1.41374 528360
1.41405 528700
1.41437 529040
1.41469 529380
1.415 529720
1.41532 530060
1.41563 530400
1.41595 530740
1.41626 531080
1.41658 531420
1.41689 531760
1.41721 532100
1.41752 532440
1.41784 532780
1.41815 533120
1.41847 533460
1.41878 533800
1.4191 534140
1.41941 534480
1.41973 534820
1.42004 535160
1.42036 535500
1.42067 535840
1.42099 536180
1.4213 536520
1.42162 536860
1.42193 537200
1.42225 537540
1.42257 537880
1.42288 538220
1.4232 538560
1.42351 538900
1.42383 539240
1.42414 539580
1.42446 539920
1.42477 540260
1.42509 540600
1.4254 540940
1.42572 541280
1.42603 541620
1.42635 541960
1.42666 542300
1.42698 542640
1.42729 542980
1.42761 543320
1.42792 543660
1.42824 544000
1.42855 544340
1.42887 544680
1.42918 545020
1.4295 545360
1.42981 545700
1.43013 546040
1.43045 546380
1.43076 546720
1.43108 547060
1.43139 547400
1.43171 547740
1.43202 548080
1.43234 548420
1.43265 548760
1.43297 549100
1.43328 549440
1.4336 549780
1.43391 550120
1.43423 550460
1.43454 550800
1.43486 551140
1.43517 551480
1.43549 551820
1.4358 552160
1.43612 552500
1.43643 552840
1.43675 553180
1.43706 553520
1.43738 553860
1.43769 554200
1.43801 554540
1.43833 554880
1.43864 555220
1.43896 555560
1.43927 555900
1.43959 556240
1.4399 556580
1.44022 556920
1.44053 557260
1.44085 557600
1.44116 557940
1.44148 558280
1.44179 558620
1.44211 558960
1.44242 559300
1.44274 559640
1.44305 559980
1.44337 560320
1.44368 560660
1.444 561000
1.44431 561340
1.44463 561680
1.44494 562020
1.44526 562360
1.44557 562700
1.44589 563040
1.44621 563380
1.44652 563720
1.44684 564060
1.44715 564400
1.44747 564740
1.44778 565080
1.4481 565420
1.44841 565760
1.44873 566100
1.44904 566440
1.44936 566780
1.44967 567120
1.44999 567460
1.4503 567800
1.45062 568140
1.45093 568480
1.45125 568820
1.45156 569160
1.45188 569500
1.45219 569840
1.45251 570180
1.45282 570520
1.45314 570860
1.45345 571200
1.45377 571540
1.45409 571880
1.4544 572220
1.45472 572560
1.45503 572900
1.45535 573240
1.45566 573580
1.45598 573920
1.45629 574260
1.45661 574600
1.45692 574940
1.45724 575280
1.45755 575620
1.45787 575960
1.45818 576300
1.4585 576640
1.45881 576980
1.45913 577320
1.45944 577660
1.45976 578000
1.46007 578340
1.46039 578680
1.4607 579020
1.46102 579360
1.46133 579700
1.46165 580040
1.46197 580380
1.46228 580720
1.4626 581060
1.46291 581400
1.46323 581740
1.46354 582080
1.46386 582420
1.46417 582760
1.46449 583100
1.4648 583440
1.46512 583780
1.46543 584120
1.46575 584460
1.46606 584800
1.46638 585140
1.46669 585480
1.46701 585820
1.46732 586160
1.46764 586500
1.46795 586840
1.46827 587180
1.46858 587520
1.4689 587860
1.46921 588200
1.46953 588540
1.46985 588880
1.47016 589220
1.47048 589560
1.47079 589900
1.47111 590240
1.47142 590580
1.47174 590920
1.47205 591260
1.47237 591600
1.47268 591940
1.473 592280
1.47331 592620
1.47363 592960
1.47394 593300
1.47426 593640
1.47457 593980
1.47489 594320
1.4752 594660
1.47552 595000
1.47583 595340
1.47615 595680
1.47646 596020
1.47678 596360
1.47709 596700
1.47741 597040
1.47773 597380
1.47804 597720
1.47836 598060
1.47867 598400
1.47899 598740
1.4793 599080
1.47962 599420
1.47993 599760
1.48025 600100
1.48056 600440
1.48088 600780
1.48119 601120
1.48151 601460
1.48182 601800
1.48214 602140
1.48245 602480
1.48277 602820
1.48308 603160
1.4834 603500
1.48371 603840
1.48403 604180
1.48434 604520
1.48466 604860
1.48497 605200
1.48529 605540
1.48561 605880
1.48592 606220
1.48624 606560
1.48655 606900
1.48687 607240
1.48718 607580
1.4875 607920
1.48781 608260
1.48813 608600
1.48844 608940
1.48876 609280
1.48907 609620
1.48939 609960
1.4897 610300
1.49002 610640
1.49033 610980
1.49065 611320
1.49096 611660
1.49128 612000
1.49159 612340
1.49191 612680
1.49222 613020
1.49254 613360
1.49285 613700
1.49317 614040
1.49349 614380
1.4938 614720
1.49412 615060
1.49443 615400
1.49475 615740
1.49506 616080
1.49538 616420
1.49569 616760
1.49601 617100
1.49632 617440
1.49664 617780
1.49695 618120
1.49727 618460
1.49758 618800
1.4979 619140
1.49821 619480
1.49853 619820
1.49884 620160
1.49916 620500
1.49947 620840
1.49979 621180
1.5001 621520
1.50042 621860
1.50073 622200
1.50105 622540
1.50137 622880
1.50168 623220
1.502 623560
1.50231 623900
1.50263 624240
1.50294 624580
1.50326 624920
1.50357 625260
1.50389 625600
1.5042 625940
1.50452 626280
1.50483 626620
1.50515 626960
1.50546 627300
1.50578 627640
1.50609 627980
1.50641 628320
1.50672 628660
1.50704 629000
1.50735 629340
1.50767 629680
1.50798 630020
1.5083 630360
1.50861 630700
1.50893 631040
1.50925 631380
1.50956 631720
1.50988 632060
1.51019 632400
1.51051 632740
1.51082 633080
1.51114 633420
1.51145 633760
1.51177 634100
1.51208 634440
1.5124 634780
1.51271 635120
1.51303 635460
1.51334 635800
1.51366 636140
1.51397 636480
1.51429 636820
1.5146 637160
1.51492 637500
1.51523 637840
1.51555 638180
1.51586 638520
1.51618 638860
1.51649 639200
1.51681 639540
1.51713 639880
1.51744 640220
1.51776 640560
1.51807 640900
1.51839 641240
1.5187 641580
1.51902 641920
1.51933 642260
1.51965 642600
1.51996 642940
1.52028 643280
1.52059 643620
1.52091 643960
1.52122 644300
1.52154 644640
1.52185 644980
1.52217 645320
1.52248 645660
1.5228 646000
1.52311 646340
1.52343 646680
1.52374 647020
1.52406 647360
1.52437 647700
1.52469 648040
1.52501 648380
1.52532 648720
1.52564 649060
1.52595 649400
1.52627 649740
1.52658 650080
1.5269 650420
1.52721 650760
1.52753 651100
1.52784 651440
1.52816 651780
1.52847 652120
1.52879 652460
1.5291 652800
1.52942 653140
1.52973 653480
1.53005 653820
1.53036 654160
1.53068 654500
1.53099 654840
1.53131 655180
1.53162 655520
1.53194 655860
1.53225 656200
1.53257 656540
1.53289 656880
1.5332 657220
1.53352 657560
1.53383 657900
1.53415 658240
1.53446 658580
1.53478 658920
1.53509 659260
1.53541 659600
1.53572 659940
1.53604 660280
1.53635 660620
1.53667 660960
1.53698 661300
1.5373 661640
1.53761 661980
1.53793 662320
1.53824 662660
1.53856 663000
1.53887 663340
1.53919 663680
1.5395 664020
1.53982 664360
1.54013 664700
1.54045 665040
1.54077 665380
1.54108 665720
1.5414 666060
1.54171 666400
1.54203 666740
1.54234 667080
1.54266 667420
1.54297 667760
1.54329 668100
1.5436 668440
1.54392 668780
1.54423 669120
1.54455 669460
1.54486 669800
1.54518 670140
1.54549 670480
1.54581 670820
1.54612 671160
1.54644 671500
1.54675 671840
1.54707 672180
1.54738 672520
1.5477 672860
1.54801 673200
1.54833 673540
1.54865 673880
1.54896 674220
1.54928 674560
1.54959 674900
1.54991 675240
1.55022 675580
1.55054 675920
1.55085 676260
1.55117 676600
1.55148 676940
1.5518 677280
1.55211 677620
1.55243 677960
1.55274 678300
1.55306 678640
1.55337 678980
1.55369 679320
1.554 679660
1.55432 680000
1.55463 680340
1.55495 680680
1.55526 681020
1.55558 681360
1.55589 681700
1.55621 682040
1.55653 682380
1.55684 682720
1.55716 683060
1.55747 683400
1.55779 683740
1.5581 684080
1.55842 684420
1.55873 684760
1.55905 685100
1.55936 685440
1.55968 685780
1.55999 686120
1.56031 686460
1.56062 686800
1.56094 687140
1.56125 687480
1.56157 687820
1.56188 688160
1.5622 688500
1.56251 688840
1.56283 689180
1.56314 689520
1.56346 689860
1.56377 690200
1.56409 690540
1.56441 690880
1.56472 691220
1.56504 691560
1.56535 691900
1.56567 692240
1.56598 692580
1.5663 692920
1.56661 693260
1.56693 693600
1.56724 693940
1.56756 694280
1.56787 694620
1.56819 694960
1.5685 695300
1.56882 695640
1.56913 695980
1.56945 696320
1.56976 696660
1.57008 697000
1.57039 697340
1.57071 697680
1.57102 698020
1.57134 698360
1.57165 698700
1.57197 699040
1.57229 699380
1.5726 699720
1.57292 700060
1.57323 700400
1.57355 700740
1.57386 701080
1.57418 701420
1.57449 701760
1.57481 702100
1.57512 702440
1.57544 702780
1.57575 703120
1.57607 703460
1.57638 703800
1.5767 704140
1.57701 704480
1.57733 704820
1.57764 705160
1.57796 705500
1.57827 705840
1.57859 706180
1.5789 706520
1.57922 706860
1.57953 707200
1.57985 707540
1.58017 707880
1.58048 708220
1.5808 708560
1.58111 708900
1.58143 709240
1.58174 709580
1.58206 709920
1.58237 710260
1.58269 710600
1.583 710940
1.58332 711280
1.58363 711620
1.58395 711960
1.58426 712300
1.58458 712640
1.58489 712980
1.58521 713320
1.58552 713660
1.58584 714000
1.58615 714340
1.58647 714680
1.58678 715020
1.5871 715360
1.58741 715700
1.58773 716040
1.58805 716380
1.58836 716720
1.58868 717060
1.58899 717400
1.58931 717740
1.58962 718080
1.58994 718420
1.59025 718760
1.59057 719100
1.59088 719440
1.5912 719780
1.59151 720120
1.59183 720460
1.59214 720800
1.59246 721140
1.59277 721480
1.59309 721820
1.5934 722160
1.59372 722500
1.59403 722840
1.59435 723180
1.59466 723520
1.59498 723860
1.59529 724200
1.59561 724540
1.59593 724880
1.59624 725220
1.59656 725560
1.59687 725900
1.59719 726240
1.5975 726580
1.59782 726920
1.59813 727260
1.59845 727600
1.59876 727940
1.59908 728280
1.59939 728620
1.59971 728960
1.60002 729300
1.60034 729640
1.60065 729980
1.60097 730320
1.60128 730660
1.6016 731000
1.60191 731340
1.60223 731680
1.60254 732020
1.60286 732360
1.60317 732700
1.60349 733040
1.60381 733380
1.60412 733720
1.60444 734060
1.60475 734400
1.60507 734740
1.60538 735080
1.6057 735420
1.60601 735760
1.60633 736100
1.60664 736440
1.60696 736780
1.60727 737120
1.60759 737460
1.6079 737800
1.60822 738140
1.60853 738480
1.60885 738820
1.60916 739160
1.60948 739500
1.60979 739840
1.61011 740180
1.61042 740520
1.61074 740860
1.61105 741200
1.61137 741540
1.61169 741880
1.612 742220
1.61232 742560
1.61263 742900
1.61295 743240
1.61326 743580
1.61358 743920
1.61389 744260
1.61421 744600
1.61452 744940
1.61484 745280
1.61515 745620
1.61547 745960
1.61578 746300
1.6161 746640
1.61641 746980
1.61673 747320
1.61704 747660
1.61736 748000
1.61767 748340
1.61799 748680
1.6183 749020
1.61862 749360
1.61893 749700
1.61925 750040
1.61957 750380
1.61988 750720
1.6202 751060
1.62051 751400
1.62083 751740
1.62114 752080
1.62146 752420
1.62177 752760
1.62209 753100
1.6224 753440
1.62272 753780
1.62303 754120
1.62335 754460
1.62366 754800
1.62398 755140
1.62429 755480
1.62461 755820
1.62492 756160
1.62524 756500
1.62555 756840
1.62587 757180
1.62618 757520
1.6265 757860
1.62681 758200
1.62713 758540
1.62745 758880
1.62776 759220
1.62808 759560
1.62839 759900
1.62871 760240
1.62902 760580
1.62934 760920
1.62965 761260
1.62997 761600
1.63028 761940
1.6306 762280
1.63091 762620
1.63123 762960
1.63154 763300
1.63186 763640
1.63217 763980
1.63249 764320
1.6328 764660
1.63312 765000
1.63343 765340
1.63375 765680
1.63406 766020
1.63438 766360
1.63469 766700
1.63501 767040
1.63533 767380
1.63564 767720
1.63596 768060
1.63627 768400
1.63659 768740
1.6369 769080
1.63722 769420
1.63753 769760
1.63785 770100
1.63816 770440
1.63848 770780
1.63879 771120
1.63911 771460
1.63942 771800
1.63974 772140
1.64005 772480
1.64037 772820
1.64068 773160
1.641 773500
1.64131 773840
1.64163 774180
1.64194 774520
1.64226 774860
1.64257 775200
1.64289 775540
1.64321 775880
1.64352 776220
1.64384 776560
1.64415 776900
1.64447 777240
1.64478 777580
1.6451 777920
1.64541 778260
1.64573 778600
1.64604 778940
1.64636 779280
1.64667 779620
1.64699 779960
1.6473 780300
1.64762 780640
1.64793 780980
1.64825 781320
1.64856 781660
1.64888 782000
1.64919 782340
1.64951 782680
1.64982 783020
1.65014 783360
1.65045 783700
1.65077 784040
1.65109 784380
1.6514 784720
1.65172 785060
1.65203 785400
1.65235 785740
1.65266 786080
1.65298 786420
1.65329 786760
1.65361 787100
1.65392 787440
1.65424 787780
1.65455 788120
1.65487 788460
1.65518 788800
1.6555 789140
1.65581 789480
1.65613 789820
1.65644 790160
1.65676 790500
1.65707 790840
1.65739 791180
1.6577 791520
1.65802 791860
1.65833 792200
1.65865 792540
1.65897 792880
1.65928 793220
1.6596 793560
1.65991 793900
1.66023 794240
1.66054 794580
1.66086 794920
1.66117 795260
1.66149 795600
1.6618 795940
1.66212 796280
1.66243 796620
1.66275 796960
1.66306 797300
1.66338 797640
1.66369 797980
1.66401 798320
1.66432 798660
1.66464 799000
1.66495 799340
1.66527 799680
1.66558 800020
1.6659 800360
1.66621 800700
1.66653 801040
1.66685 801380
1.66716 801720
1.66748 802060
1.66779 802400
1.66811 802740
1.66842 803080
1.66874 803420
1.66905 803760
1.66937 804100
1.66968 804440
1.67 804780
1.67031 805120
1.67063 805460
1.67094 805800
1.67126 806140
1.67157 806480
1.67189 806820
1.6722 807160
1.67252 807500
1.67283 807840
1.67315 808180
1.67346 808520
1.67378 808860
1.67409 809200
1.67441 809540
1.67473 809880
1.67504 810220
1.67536 810560
1.67567 810900
1.67599 811240
1.6763 811580
1.67662 811920
1.67693 812260
1.67725 812600
1.67756 812940
1.67788 813280
1.67819 813620
1.67851 813960
1.67882 814300
1.67914 814640
1.67945 814980
1.67977 815320
1.68008 815660
1.6804 816000
1.68071 816340
1.68103 816680
1.68134 817020
1.68166 817360
1.68197 817700
1.68229 818040
1.68261 818380
1.68292 818720
1.68324 819060
1.68355 819400
1.68387 819740
1.68418 820080
1.6845 820420
1.68481 820760
1.68513 821100
1.68544 821440
1.68576 821780
1.68607 822120
1.68639 822460
1.6867 822800
1.68702 823140
1.68733 823480
1.68765 823820
1.68796 824160
1.68828 824500
1.68859 824840
1.68891 825180
1.68922 825520
1.68954 825860
1.68985 826200
1.69017 826540
1.69049 826880
1.6908 827220
1.69112 827560
1.69143 827900
1.69175 828240
1.69206 828580
1.69238 828920
1.69269 829260
1.69301 829600
1.69332 829940
1.69364 830280
1.69395 830620
1.69427 830960
1.69458 831300
1.6949 831640
1.69521 831980
1.69553 832320
1.69584 832660
1.69616 833000
1.69647 833340
1.69679 833680
1.6971 834020
1.69742 834360
1.69773 834700
1.69805 835040
1.69837 835380
1.69868 835720
1.699 836060
1.69931 836400
1.69963 836740
1.69994 837080
1.70026 837420
1.70057 837760
1.70089 838100
1.7012 838440
1.70152 838780
1.70183 839120
1.70215 839460
1.70246 839800
1.70278 840140
1.70309 840480
1.70341 840820
1.70372 841160
1.70404 841500
1.70435 841840
1.70467 842180
1.70498 842520
1.7053 842860
1.70561 843200
1.70593 843540
1.70625 843880
1.70656 844220
1.70688 844560
1.70719 844900
1.70751 845240
1.70782 845580
1.70814 845920
1.70845 846260
1.70877 846600
1.70908 846940
1.7094 847280
1.70971 847620
1.71003 847960
1.71034 848300
1.71066 848640
1.71097 848980
1.71129 849320
1.7116 849660
1.71192 850000
1.71223 850340
1.71255 850680
1.71286 851020
1.71318 851360
1.71349 851700
1.71381 852040
1.71413 852380
1.71444 852720
1.71476 853060
1.71507 853400
1.71539 853740
1.7157 854080
1.71602 854420
1.71633 854760
1.71665 855100
1.71696 855440
1.71728 855780
1.71759 856120
1.71791 856460
1.71822 856800
1.71854 857140
1.71885 857480
1.71917 857820
1.71948 858160
1.7198 858500
1.72011 858840
1.72043 859180
1.72074 859520
1.72106 859860
1.72137 860200
1.72169 860540
1.72201 860880
1.72232 861220
1.72264 861560
1.72295 861900
1.72327 862240
1.72358 862580
1.7239 862920
1.72421 863260
1.72453 863600
1.72484 863940
1.72516 864280
1.72547 864620
1.72579 864960
1.7261 865300
1.72642 865640
1.72673 865980
1.72705 866320
1.72736 866660
1.72768 867000
1.72799 867340
1.72831 867680
1.72862 868020
1.72894 868360
1.72925 868700
1.72957 869040
1.72989 869380
1.7302 869720
1.73052 870060
1.73083 870400
1.73115 870740
1.73146 871080
1.73178 871420
1.73209 871760
1.73241 872100
1.73272 872440
1.73304 872780
1.73335 873120
1.73367 873460
1.73398 873800
1.7343 874140
1.73461 874480
1.73493 874820
1.73524 875160
1.73556 875500
1.73587 875840
1.73619 876180
1.7365 876520
1.73682 876860
1.73713 877200
1.73745 877540
1.73777 877880
1.73808 878220
1.7384 878560
1.73871 878900
1.73903 879240
1.73934 879580
1.73966 879920
1.73997 880260
1.74029 880600
1.7406 880940
1.74092 881280
1.74123 881620
1.74155 881960
1.74186 882300
1.74218 882640
1.74249 882980
1.74281 883320
1.74312 883660
1.74344 884000
1.74375 884340
1.74407 884680
1.74438 885020
1.7447 885360
1.74501 885700
1.74533 886040
1.74565 886380
1.74596 886720
1.74628 887060
1.74659 887400
1.74691 887740
1.74722 888080
1.74754 888420
1.74785 888760
1.74817 889100
1.74848 889440
1.7488 889780
1.74911 890120
1.74943 890460
1.74974 890800
1.75006 891140
1.75037 891480
1.75069 891820
1.751 892160
1.75132 892500
1.75163 892840
1.75195 893180
1.75226 893520
1.75258 893860
1.75289 894200
1.75321 894540
1.75353 894880
1.75384 895220
1.75416 895560
1.75447 895900
1.75479 896240
1.7551 896580
1.75542 896920
1.75573 897260
1.75605 897600
1.75636 897940
1.75668 898280
1.75699 898620
1.75731 898960
1.75762 899300
1.75794 899640
1.75825 899980
1.75857 900320
1.75888 900660
1.7592 901000
1.75951 901340
1.75983 901680
1.76014 902020
1.76046 902360
1.76077 902700
1.76109 903040
1.76141 903380
1.76172 903720
1.76204 904060
1.76235 904400
1.76267 904740
1.76298 905080
1.7633 905420
1.76361 905760
1.76393 906100
1.76424 906440
1.76456 906780
1.76487 907120
1.76519 907460
1.7655 907800
1.76582 908140
1.76613 908480
1.76645 908820
1.76676 909160
1.76708 909500
1.76739 909840
1.76771 910180
1.76802 910520
1.76834 910860
1.76865 911200
1.76897 911540
1.76929 911880
1.7696 912220
1.76992 912560
1.77023 912900
1.77055 913240
1.77086 913580
1.77118 913920
1.77149 914260
1.77181 914600
1.77212 914940
1.77244 915280
1.77275 915620
1.77307 915960
1.77338 916300
1.7737 916640
1.77401 916980
1.77433 917320
1.77464 917660
1.77496 918000
1.77527 918340
1.77559 918680
1.7759 919020
1.77622 919360
1.77653 919700
1.77685 920040
1.77717 920380
1.77748 920720
1.7778 921060
1.77811 921400
1.77843 921740
1.77874 922080
1.77906 922420
1.77937 922760
1.77969 923100
1.78 923440
1.78032 923780
1.78063 924120
1.78095 924460
1.78126 924800
1.78158 925140
1.78189 925480
1.78221 925820
1.78252 926160
1.78284 926500
1.78315 926840
1.78347 927180
1.78378 927520
1.7841 927860
1.78441 928200
1.78473 928540
1.78505 928880
1.78536 929220
1.78568 929560
1.78599 929900
1.78631 930240
1.78662 930580
1.78694 930920
1.78725 931260
1.78757 931600
1.78788 931940
1.7882 932280
1.78851 932620
1.78883 932960
1.78914 933300
1.78946 933640
1.78977 933980
1.79009 934320
1.7904 934660
1.79072 935000
1.79103 935340
1.79135 935680
1.79166 936020
1.79198 936360
1.79229 936700
1.79261 937040
1.79293 937380
1.79324 937720
1.79356 938060
1.79387 938400
1.79419 938740
1.7945 939080
1.79482 939420
1.79513 939760
1.79545 940100
1.79576 940440
1.79608 940780
1.79639 941120
1.79671 941460
1.79702 941800
1.79734 942140
1.79765 942480
1.79797 942820
1.79828 943160
1.7986 943500
1.79891 943840
1.79923 944180
1.79954 944520
1.79986 944860
1.80017 945200
1.80049 945540
1.80081 945880
1.80112 946220
1.80144 946560
1.80175 946900
1.80207 947240
1.80238 947580
1.8027 947920
1.80301 948260
1.80333 948600
1.80364 948940
1.80396 949280
1.80427 949620
1.80459 949960
1.8049 950300
1.80522 950640
1.80553 950980
1.80585 951320
1.80616 951660
1.80648 952000
1.80679 952340
1.80711 952680
1.80742 953020
1.80774 953360
1.80805 953700
1.80837 954040
1.80869 954380
1.809 954720
1.80932 955060
1.80963 955400
1.80995 955740
1.81026 956080
1.81058 956420
1.81089 956760
1.81121 957100
1.81152 957440
1.81184 957780
1.81215 958120
1.81247 958460
1.81278 958800
1.8131 959140
1.81341 959480
1.81373 959820
1.81404 960160
1.81436 960500
1.81467 960840
1.81499 961180
1.8153 961520
1.81562 961860
1.81593 962200
1.81625 962540
1.81657 962880
1.81688 963220
1.8172 963560
1.81751 963900
1.81783 964240
1.81814 964580
1.81846 964920
1.81877 965260
1.81909 965600
1.8194 965940
1.81972 966280
1.82003 966620
1.82035 966960
1.82066 967300
1.82098 967640
1.82129 967980
1.82161 968320
1.82192 968660
1.82224 969000
1.82255 969340
1.82287 969680
1.82318 970020
1.8235 970360
1.82381 970700
1.82413 971040
1.82445 971380
1.82476 971720
1.82508 972060
1.82539 972400
1.82571 972740
1.82602 973080
1.82634 973420
1.82665 973760
1.82697 974100
1.82728 974440
1.8276 974780
1.82791 975120
1.82823 975460
1.82854 975800
1.82886 976140
1.82917 976480
1.82949 976820
1.8298 977160
1.83012 977500
1.83043 977840
1.83075 978180
1.83106 978520
1.83138 978860
1.83169 979200
1.83201 979540
1.83233 979880
1.83264 980220
1.83296 980560
1.83327 980900
1.83359 981240
1.8339 981580
1.83422 981920
1.83453 982260
1.83485 982600
1.83516 982940
1.83548 983280
1.83579 983620
1.83611 983960
1.83642 984300
1.83674 984640
1.83705 984980
1.83737 985320
1.83768 985660
1.838 986000
1.83831 986340
1.83863 986680
1.83894 987020
1.83926 987360
1.83957 987700
1.83989 988040
1.84021 988380
1.84052 988720
1.84084 989060
1.84115 989400
1.84147 989740
1.84178 990080
1.8421 990420
1.84241 990760
1.84273 991100
1.84304 991440
1.84336 991780
1.84367 992120
1.84399 992460
1.8443 992800
1.84462 993140
1.84493 993480
1.84525 993820
1.84556 994160
1.84588 994500
1.84619 994840
1.84651 995180
1.84682 995520
1.84714 995860
1.84745 996200
1.84777 996540
1.84809 996880
1.8484 997220
1.84872 997560
1.84903 997900
1.84935 998240
1.84966 998580
1.84998 998920
1.85029 999260
1.85061 999600
1.85092 999940
1.85124 1000280
1.85155 1000620
1.85187 1000960
1.85218 1001300
1.8525 1001640
1.85281 1001980
1.85313 1002320
1.85344 1002660
1.85376 1003000
1.85407 1003340
1.85439 1003680
1.8547 1004020
1.85502 1004360
1.85533 1004700
1.85565 1005040
1.85597 1005380
1.85628 1005720
1.8566 1006060
1.85691 1006400
1.85723 1006740
1.85754 1007080
1.85786 1007420
1.85817 1007760
1.85849 1008100
1.8588 1008440
1.85912 1008780
1.85943 1009120
1.85975 1009460
1.86006 1009800
1.86038 1010140
1.86069 1010480
1.86101 1010820
1.86132 1011160
1.86164 1011500
1.86195 1011840
1.86227 1012180
1.86258 1012520
1.8629 1012860
1.86321 1013200
1.86353 1013540
1.86385 1013880
1.86416 1014220
1.86448 1014560
1.86479 1014900
1.86511 1015240
1.86542 1015580
1.86574 1015920
1.86605 1016260
1.86637 1016600
1.86668 1016940
1.867 1017280
1.86731 1017620
1.86763 1017960
1.86794 1018300
1.86826 1018640
1.86857 1018980
1.86889 1019320
1.8692 1019660
1.86952 1020000
1.86983 1020340
1.87015 1020680
1.87046 1021020
1.87078 1021360
1.87109 1021700
1.87141 1022040
1.87173 1022380
1.87204 1022720
1.87236 1023060
1.87267 1023400
1.87299 1023740
1.8733 1024080
1.87362 1024420
1.87393 1024760
1.87425 1025100
1.87456 1025440
1.87488 1025780
1.87519 1026120
1.87551 1026460
1.87582 1026800
1.87614 1027140
1.87645 1027480
1.87677 1027820
1.87708 1028160
1.8774 1028500
1.87771 1028840
1.87803 1029180
1.87834 1029520
1.87866 1029860
1.87897 1030200
1.87929 1030540
1.87961 1030880
1.87992 1031220
1.88024 1031560
1.88055 1031900
1.88087 1032240
1.88118 1032580
1.8815 1032920
1.88181 1033260
1.88213 1033600
1.88244 1033940
1.88276 1034280
1.88307 1034620
1.88339 1034960
1.8837 1035300
1.88402 1035640
1.88433 1035980
1.88465 1036320
1.88496 1036660
1.88528 1037000
1.88559 1037340
1.88591 1037680
1.88622 1038020
1.88654 1038360
1.88685 1038700
1.88717 1039040
1.88749 1039380
1.8878 1039720
1.88812 1040060
1.88843 1040400
1.88875 1040740
1.88906 1041080
1.88938 1041420
1.88969 1041760
1.89001 1042100
1.89032 1042440
1.89064 1042780
1.89095 1043120
1.89127 1043460
1.89158 1043800
1.8919 1044140
1.89221 1044480
1.89253 1044820
1.89284 1045160
1.89316 1045500
1.89347 1045840
1.89379 1046180
1.8941 1046520
1.89442 1046860
1.89473 1047200
1.89505 1047540
1.89537 1047880
1.89568 1048220
1.896 1048560
1.89631 1048900
1.89663 1049240
1.89694 1049580
1.89726 1049920
1.89757 1050260
1.89789 1050600
1.8982 1050940
1.89852 1051280
1.89883 1051620
1.89915 1051960
1.89946 1052300
1.89978 1052640
1.90009 1052980
1.90041 1053320
1.90072 1053660
1.90104 1054000
1.90135 1054340
1.90167 1054680
1.90198 1055020
1.9023 1055360
1.90261 1055700
1.90293 1056040
1.90325 1056380
1.90356 1056720
1.90388 1057060
1.90419 1057400
1.90451 1057740
1.90482 1058080
1.90514 1058420
1.90545 1058760
1.90577 1059100
1.90608 1059440
1.9064 1059780
1.90671 1060120
1.90703 1060460
1.90734 1060800
1.90766 1061140
1.90797 1061480
1.90829 1061820
1.9086 1062160
1.90892 1062500
1.90923 1062840
1.90955 1063180
1.90986 1063520
1.91018 1063860
1.91049 1064200
1.91081 1064540
1.91113 1064880
1.91144 1065220
1.91176 1065560
1.91207 1065900
1.91239 1066240
1.9127 1066580
1.91302 1066920
1.91333 1067260
1.91365 1067600
1.91396 1067940
1.91428 1068280
1.91459 1068620
1.91491 1068960
1.91522 1069300
1.91554 1069640
1.91585 1069980
1.91617 1070320
1.91648 1070660
1.9168 1071000
1.91711 1071340
1.91743 1071680
1.91774 1072020
1.91806 1072360
1.91837 1072700
1.91869 1073040
1.91901 1073380
1.91932 1073720
1.91964 1074060
1.91995 1074400
1.92027 1074740
1.92058 1075080
1.9209 1075420
1.92121 1075760
1.92153 1076100
1.92184 1076440
1.92216 1076780
1.92247 1077120
1.92279 1077460
1.9231 1077800
1.92342 1078140
1.92373 1078480
1.92405 1078820
1.92436 1079160
1.92468 1079500
1.92499 1079840
1.92531 1080180
1.92579 660960
2.69094 330480
3.35676 330820
3.47241 331160
3.79339 331500
4.1038 331840
4.11972 332180
4.13517 332520
4.15061 332860
4.16606 333200
4.1815 333540
4.19694 333880
4.21239 334220
4.22783 334560
4.24328 334900
4.26532 335240
4.28108 335580
4.29652 335920
4.31196 336260
4.32772 336600
4.34317 336940
4.35893 337280
4.37469 337620
4.39013 337960
4.40589 338300
4.42683 338640
4.44227 338980
4.45803 339320
4.47379 339660
4.48955 340000
4.50531 340340
4.52107 340680
4.53683 341020
4.55259 341360
4.56867 341700
4.58802 342040
4.60378 342380
4.61986 342720
4.63562 343060
4.65138 343400
4.66745 343740
4.68321 344080
4.69929 344420
4.71536 344760
4.73112 345100
4.74922 345440
4.7653 345780
4.78137 346120
4.79745 346460
4.81352 346800
4.8296 347140
4.84567 347480
4.86175 347820
4.87782 348160
4.8939 348500
4.91042 348840
4.92681 349180
4.94288 349520
4.95896 349860
4.97535 350200
4.99142 350540
5.00781 350880
5.02421 351220
5.04028 351560
5.05667 351900
5.07306 352240
5.08914 352580
5.10553 352920
5.12192 353260
5.13831 353600
5.1547 353940
5.17109 354280
5.18748 354620
5.20387 354960
5.22057 355300
5.23728 355640
5.25462 355980
5.27195 356320
5.2896 356660
5.30694 357000
5.32428 357340
5.34161 357680
5.35926 358020
5.3766 358360
5.39425 358700
5.41505 359040
5.43586 359380
5.45666 359720
5.47746 360060
5.49827 360400
5.51907 360740
5.54019 361080
5.56162 361420
5.58936 361760
5.61741 362100
5.64546 362440
5.6732 362780
5.70125 363120
5.72962 363460
5.7602 363800
5.79109 364140
5.82166 364480
5.85224 364820
5.88313 365160
5.91591 365500
5.94963 365840
5.98367 366180
6.0174 366520
6.05144 366860
6.08801 367200
6.12583 367540
6.16365 367880
6.20148 368220
6.24025 368560
6.2828 368900
6.32567 369240
6.36853 369580
6.41235 369920
6.4612 370260
6.51037 370600
6.55954 370940
6.60872 371280
6.65789 371620
6.70706 371960
6.75623 372300
6.8054 372640
6.85489 372980
6.90437 373320
6.95953 373660
7.01721 374000
7.0749 374340
7.13289 374680
7.19089 375020
7.24857 375360
7.30657 375700
7.36488 376040
7.42288 376380
7.48087 376720
7.53919 377060
7.5975 377400
7.65581 377740
7.71412 378080
7.77243 378420
7.83106 378760
7.88969 379100
7.948 379440
8.01545 379780
8.08606 380120
8.15635 380460
8.22695 380800
8.29756 381140
8.36816 381480
8.43908 381820
8.50969 382160
8.58061 382500
8.65153 382840
8.72245 383180
8.79368 383520
8.8646 383860
8.93584 384200
9.00707 384540
9.07831 384880
9.14986 385220
9.22645 385560
9.31565 385900
9.40517 386240
9.49469 386580
9.5842 386920
9.67404 387260
9.76355 387600
9.85338 387940
9.94353 388280
10.0334 388620
10.1235 388960
10.2137 389300
10.3038 389640
10.3943 389980
10.4844 390320
10.5749 390660
10.6657 391000
10.7561 391340
10.8469 391680
10.9377 392020
11.0284 392360
11.1195 392700
11.2103 393040
11.3014 393380
11.3928 393720
11.4839 394060
11.5753 394400
11.6667 394740
11.7581 395080
11.8499 395420
11.9413 395760
12.033 396100
12.1357 396440
12.258 396780
12.3807 397120
12.5036 397460
12.6262 397800
12.7491 398140
12.8724 398480
12.9953 398820
13.1185 399160
13.2421 399500
13.3653 399840
13.4889 400180
13.6128 400520
13.7363 400860
13.8602 401200
13.9844 401540
14.1083 401880
14.2325 402220
14.357 402560
14.4812 402900
14.6057 403240
14.7305 403580
14.855 403920
14.9798 404260
15.1049 404600
15.2298 404940
15.3549 405280
15.4803 405620
15.6055 405960
15.7309 406300
15.8567 406640
15.9821 406980
16.1079 407320
16.234 407660
16.3597 408000
16.4858 408340
16.6122 408680
16.7383 409020
16.8647 409360
16.9914 409700
17.1178 410040
17.2445 410380
17.3715 410720
17.4982 411060
17.6253 411400
17.7526 411740
17.8796 412080
18.007 412420
18.1346 412760
18.262 413100
18.3896 413440
18.5176 413780
18.6453 414120
18.7732 414460
18.9015 414800
19.0295 415140
19.2186 415480
19.4112 415820
19.6041 416160
19.797 416500
19.9899 416840
20.1831 417180
20.3767 417520
20.5702 417860
20.7637 418200
20.9576 418540
21.1517 418880
21.3459 419220
21.5401 419560
21.7345 419900
21.9293 420240
22.1241 420580
22.3189 420920
22.514 421260
22.7094 421600
22.9049 421940
23.1003 422280
23.296 422620
23.4921 422960
23.6881 423300
23.8842 423640
24.0806 423980
24.2773 424320
24.4739 424660
24.6706 425000
24.8676 425340
25.0649 425680
25.2623 426020
25.4596 426360
25.6572 426700
25.8551 427040
26.0531 427380
26.251 427720
26.4493 428060
26.6479 428400
26.8464 428740
27.045 429080
27.2439 429420
27.4431 429760
27.6423 430100
27.8415 430440
28.0411 430780
28.2409 431120
28.4407 431460
28.6406 431800
28.8407 432140
29.0412 432480
29.2417 432820
29.4421 433160
29.6429 433500
29.844 433840
30.0451 434180
30.2462 434520
30.4476 434860
30.6493 435200
30.8511 435540
31.0528 435880
31.2548 436220
31.4572 436560
31.6596 436900
31.8619 437240
32.0646 437580
32.2676 437920
32.4706 438260
32.6735 438600
32.8769 438940
33.0805 439280
33.2841 439620
33.4877 439960
33.6916 440300
33.8959 440640
34.1001 440980
34.3044 441320
34.509 441660
34.7138 442000
34.9187 442340
35.1236 442680
35.3288 443020
35.5343 443360
35.7398 443700
35.9453 444040
36.1512 444380
36.3573 444720
36.5634 445060
36.7696 445400
36.976 445740
37.1828 446080
37.3896 446420
37.5963 446760
37.8034 447100
38.0108 447440
38.2182 447780
38.4256 448120
38.6334 448460
38.8414 448800
39.0494 449140
39.2574 449480
39.4658 449820
39.6745 450160
39.8831 450500
40.0918 450840
40.3008 451180
40.5101 451520
40.7193 451860
40.9286 452200
41.1382 452540
41.3482 452880
41.5581 453220
41.768 453560
42.0063 453900
42.4271 454240
42.8482 454580
43.2696 454920
43.6914 455260
44.1134 455600
44.5358 455940
44.9585 456280
45.3815 456620
45.8048 456960
46.2284 457300
46.6524 457640
47.0766 457980
47.5012 458320
47.9261 458660
48.3513 459000
48.7768 459340
49.2026 459680
49.6288 460020
50.0553 460360
50.482 460700
50.9091 461040
51.3365 461380
51.7643 461720
52.1923 462060
52.6207 462400
53.0493 462740
53.4783 463080
53.9076 463420
54.3372 463760
54.7672 464100
55.1974 464440
55.628 464780
56.0589 465120
56.4901 465460
56.9216 465800
57.3534 466140
57.7855 466480
58.218 466820
58.6508 467160
59.0838 467500
59.5172 467840
59.951 468180
60.385 468520
60.8193 468860
61.254 469200
61.689 469540
62.1243 469880
62.5599 470220
62.9958 470560
63.432 470900
63.8686 471240
64.3054 471580
64.7426 471920
65.1801 472260
65.6179 472600
66.0561 472940
66.4945 473280
66.9333 473620
67.3723 473960
67.8117 474300
68.2514 474640
68.6915 474980
69.1318 475320
69.5724 475660
70.0134 476000
70.4547 476340
70.8963 476680
71.3382 477020
71.7804 477360
72.223 477700
72.6658 478040
73.109 478380
73.5525 478720
73.9963 479060
74.4404 479400
74.8848 479740
75.3296 480080
75.7746 480420
76.22 480760
76.6657 481100
77.1117 481440
77.558 481780
78.0047 482120
78.4516 482460
78.8989 482800
79.3465 483140
79.7944 483480
80.2426 483820
80.6911 484160
81.14 484500
81.5891 484840
82.0386 485180
82.4884 485520
82.9385 485860
83.3889 486200
83.8396 486540
84.2907 486880
84.7421 487220
85.1937 487560
85.6457 487900
86.0981 488240
86.5507 488580
87.0036 488920
87.4569 489260
87.9105 489600
88.3643 489940
88.8185 490280
89.2731 490620
89.7279 490960
90.183 491300
90.6385 491640
91.0943 491980
91.5504 492320
92.0068 492660
92.4635 493000
92.9206 493340
93.3779 493680
93.8356 494020
94.2936 494360
94.7519 494700
95.2105 495040
95.6694 495380
96.1287 495720
96.5882 496060
97.0481 496400
97.5083 496740
97.9688 497080
98.4296 497420
98.8908 497760
99.3522 498100
99.814 498440
100.276 498780
100.738 499120
101.201 499460
101.664 499800
102.128 500140
102.591 500480
103.055 500820
103.519 501160
103.984 501500
104.449 501840
104.914 502180
105.38 502520
105.846 502860
106.312 503200
106.778 503540
107.245 503880
107.712 504220
108.18 504560
108.647 504900
109.116 505240
109.584 505580
110.053 505920
110.522 506260
110.991 506600
111.461 506940
111.931 507280
112.401 507620
112.871 507960
113.342 508300
113.814 508640
114.285 508980
114.757 509320
115.229 509660
115.702 510000
116.174 510340
116.648 510680
117.121 511020
117.595 511360
118.069 511700
118.543 512040
119.018 512380
119.493 512720
119.968 513060
120.444 513400
120.92 513740
121.396 514080
121.873 514420
122.35 514760
122.827 515100
123.304 515440
123.782 515780
124.26 516120
124.739 516460
125.218 516800
125.697 517140
126.176 517480
126.656 517820
127.136 518160
127.616 518500
128.097 518840
128.578 519180
129.059 519520
129.541 519860
130.023 520200
130.505 520540
130.988 520880
131.47 521220
131.954 521560
132.437 521900
132.921 522240
133.405 522580
133.89 522920
134.374 523260
134.859 523600
135.345 523940
135.831 524280
136.317 524620
136.803 524960
137.29 525300
137.777 525640
138.264 525980
138.752 526320
139.24 526660
139.728 527000
140.216 527340
140.705 527680
141.194 528020
141.684 528360
142.174 528700
142.664 529040
143.154 529380
143.645 529720
144.136 530060
144.628 530400
145.119 530740
145.611 531080
146.104 531420
146.596 531760
147.089 532100
147.583 532440
148.076 532780
148.57 533120
149.064 533460
149.559 533800
150.054 534140
150.549 534480
151.044 534820
151.54 535160
152.036 535500
152.533 535840
153.03 536180
153.527 536520
154.024 536860
154.522 537200
155.02 537540
155.518 537880
156.017 538220
156.516 538560
157.015 538900
157.514 539240
158.014 539580
158.515 539920
159.015 540260
159.516 540600
160.017 540940
160.519 541280
161.02 541620
161.523 541960
162.025 542300
162.528 542640
163.031 542980
163.534 543320
164.038 543660
164.542 544000
165.046 544340
165.551 544680
166.056 545020
166.561 545360
167.067 545700
167.573 546040
168.079 546380
168.585 546720
169.092 547060
169.599 547400
170.107 547740
170.615 548080
171.123 548420
171.631 548760
172.14 549100
172.649 549440
173.158 549780
173.668 550120
174.178 550460
174.688 550800
175.199 551140
175.71 551480
176.221 551820
176.733 552160
177.244 552500
177.757 552840
178.269 553180
178.782 553520
179.295 553860
179.809 554200
180.322 554540
180.836 554880
181.351 555220
181.866 555560
182.381 555900
182.896 556240
183.412 556580
183.928 556920
184.444 557260
184.961 557600
185.477 557940
185.995 558280
186.512 558620
187.03 558960
187.548 559300
188.067 559640
188.586 559980
189.105 560320
189.624 560660
190.144 561000
190.664 561340
191.184 561680
191.705 562020
192.226 562360
192.748 562700
193.269 563040
193.791 563380
194.313 563720
194.836 564060
195.359 564400
195.882 564740
196.406 565080
196.93 565420
197.454 565760
197.978 566100
