0.001 0
0.101 0
0.201 1.39383e+06
0.301 3.41581e+06
0.401 4.93127e+06
0.501 6.44982e+06
0.601 8.22789e+06
0.701 9.51418e+06
0.801 1.04827e+07
0.901 9.44302e+06
1.001 9.44527e+06
1.101 1.09813e+07
1.201 1.08551e+07
1.301 1.11852e+07
1.401 1.12605e+07
1.501 1.18676e+07
1.601 1.167e+07
1.701 1.18442e+07
1.801 1.19976e+07
1.901 1.20919e+07
2.001 1.21374e+07
2.101 1.22588e+07
2.201 1.23827e+07
2.301 1.25077e+07
2.401 1.25793e+07
2.501 1.27115e+07
2.601 1.28492e+07
2.701 1.29857e+07
2.801 1.31232e+07
2.901 1.32587e+07
3.001 1.33915e+07
3.101 1.35167e+07
3.201 1.36331e+07
3.301 1.37434e+07
3.401 1.38463e+07
3.501 1.39442e+07
3.601 1.40358e+07
3.701 1.41233e+07
3.801 1.42054e+07
3.901 1.4284e+07
4.001 1.43587e+07
4.101 1.44291e+07
4.201 1.44967e+07
4.301 1.45606e+07
4.401 1.46222e+07
4.501 1.46805e+07
4.601 1.47368e+07
4.701 1.47902e+07
4.801 1.48419e+07
4.901 1.48909e+07
5.001 1.49385e+07
5.101 1.49837e+07
5.201 1.50277e+07
5.301 1.50695e+07
5.401 1.51103e+07
5.501 1.51491e+07
5.601 1.5187e+07
5.701 1.52231e+07
5.801 1.52584e+07
5.901 1.52921e+07
6.001 1.53251e+07
6.101 1.53566e+07
6.201 1.53875e+07
6.301 1.54169e+07
6.401 1.54459e+07
6.501 1.54736e+07
6.601 1.55008e+07
6.701 1.55273e+07
6.801 1.55525e+07
6.901 1.55774e+07
7.001 1.56012e+07
7.101 1.56248e+07
7.201 1.56473e+07
7.301 1.56695e+07
7.401 1.56908e+07
7.501 1.57119e+07
7.601 1.57321e+07
7.701 1.57521e+07
7.801 1.57712e+07
7.901 1.57902e+07
8.001 1.58084e+07
8.101 1.58264e+07
8.201 1.58437e+07
8.301 1.58609e+07
8.401 1.58774e+07
8.501 1.58938e+07
8.601 1.59095e+07
8.701 1.59252e+07
8.801 1.59402e+07
8.901 1.59551e+07
9.001 1.59695e+07
9.101 1.59838e+07
9.201 1.59975e+07
9.301 1.60112e+07
9.401 1.60243e+07
9.501 1.60374e+07
9.601 1.60503e+07
9.701 1.60626e+07
9.801 1.60749e+07
9.901 1.60868e+07
10.001 1.60986e+07
10.101 1.611e+07
10.201 1.61214e+07
10.301 1.61323e+07
10.401 1.61432e+07
10.501 1.61537e+07
10.601 1.61643e+07
10.701 1.61744e+07
10.801 1.61845e+07
10.901 1.61942e+07
11.001 1.6204e+07
11.101 1.62134e+07
11.201 1.62229e+07
11.301 1.62319e+07
11.401 1.6241e+07
11.501 1.62498e+07
11.601 1.62586e+07
11.701 1.6267e+07
11.801 1.62755e+07
11.901 1.62837e+07
12.001 1.62919e+07
12.101 1.62998e+07
12.201 1.63077e+07
12.301 1.63156e+07
12.401 1.63231e+07
12.501 1.63307e+07
12.601 1.63379e+07
12.701 1.63453e+07
12.801 1.63523e+07
12.901 1.63594e+07
13.001 1.63662e+07
13.101 1.63732e+07
13.201 1.63798e+07
13.301 1.63865e+07
13.401 1.63929e+07
13.501 1.63994e+07
13.601 1.64056e+07
13.701 1.64119e+07
13.801 1.6418e+07
13.901 1.64241e+07
14.001 1.643e+07
14.101 1.64359e+07
14.201 1.64416e+07
14.301 1.64474e+07
14.401 1.6453e+07
14.501 1.64586e+07
14.601 1.6464e+07
14.701 1.64695e+07
14.801 1.64747e+07
14.901 1.64801e+07
15.001 1.64852e+07
15.101 1.64904e+07
15.201 1.64955e+07
15.301 1.65004e+07
15.401 1.65054e+07
15.501 1.65102e+07
15.601 1.65151e+07
15.701 1.65197e+07
15.801 1.65245e+07
15.901 1.6529e+07
16.001 1.65337e+07
16.101 1.65381e+07
16.201 1.65426e+07
16.301 1.65469e+07
16.401 1.65514e+07
16.501 1.65556e+07
16.601 1.65599e+07
16.701 1.6564e+07
16.801 1.65682e+07
16.901 1.65722e+07
17.001 1.65763e+07
17.101 1.65802e+07
17.201 1.65842e+07
17.301 1.65881e+07
17.401 1.6592e+07
17.501 1.65957e+07
17.601 1.65996e+07
17.701 1.66032e+07
17.801 1.6607e+07
17.901 1.66107e+07
18.001 1.66142e+07
18.101 1.66178e+07
18.201 1.66213e+07
18.301 1.66248e+07
18.401 1.66282e+07
18.501 1.66317e+07
18.601 1.6635e+07
18.701 1.66384e+07
18.801 1.66416e+07
18.901 1.66449e+07
19.001 1.66481e+07
19.101 1.66514e+07
19.201 1.66545e+07
19.301 1.66577e+07
19.401 1.66607e+07
19.501 1.66638e+07
19.601 1.66668e+07
19.701 1.66699e+07
19.801 1.66728e+07
19.901 1.66758e+07
20.001 1.66786e+07
20.101 1.66816e+07
20.201 1.66844e+07
20.301 1.66872e+07
20.401 1.669e+07
20.501 1.66928e+07
20.601 1.66955e+07
20.701 1.66983e+07
20.801 1.6701e+07
20.901 1.67036e+07
21.001 1.67064e+07
21.101 1.67089e+07
21.201 1.67116e+07
21.301 1.67141e+07
21.401 1.67167e+07
21.501 1.67191e+07
21.601 1.67217e+07
21.701 1.67241e+07
21.801 1.67266e+07
21.901 1.6729e+07
22.001 1.67314e+07
22.101 1.67338e+07
22.201 1.67362e+07
22.301 1.67385e+07
22.401 1.67409e+07
22.501 1.67431e+07
22.601 1.67454e+07
22.701 1.67476e+07
22.801 1.67499e+07
22.901 1.67521e+07
23.001 1.67544e+07
23.101 1.67565e+07
23.201 1.67587e+07
23.301 1.67608e+07
23.401 1.6763e+07
23.501 1.6765e+07
23.601 1.67672e+07
23.701 1.67693e+07
23.801 1.67713e+07
23.901 1.67734e+07
24.001 1.67754e+07
24.101 1.67774e+07
24.201 1.67793e+07
24.301 1.67814e+07
24.401 1.67833e+07
24.501 1.67853e+07
24.601 1.67871e+07
24.701 1.67891e+07
24.801 1.67909e+07
24.901 1.67929e+07
25.001 1.67947e+07
25.101 1.67966e+07
25.201 1.67984e+07
25.301 1.68002e+07
25.401 1.6802e+07
25.501 1.68038e+07
25.601 1.68055e+07
25.701 1.68074e+07
25.801 1.68091e+07
25.901 1.68108e+07
26.001 1.68125e+07
26.101 1.68143e+07
26.201 1.68159e+07
26.301 1.68176e+07
26.401 1.68194e+07
26.501 1.6821e+07
26.601 1.68227e+07
26.701 1.68243e+07
26.801 1.68259e+07
26.901 1.68275e+07
27.001 1.68291e+07
27.101 1.68307e+07
27.201 1.68323e+07
27.301 1.68338e+07
27.401 1.68354e+07
27.501 1.68369e+07
27.601 1.68385e+07
27.701 1.68399e+07
27.801 1.68415e+07
27.901 1.68429e+07
28.001 1.68445e+07
28.101 1.68459e+07
28.201 1.68474e+07
28.301 1.68488e+07
28.401 1.68503e+07
28.501 1.68517e+07
28.601 1.68531e+07
28.701 1.68545e+07
28.801 1.6856e+07
28.901 1.68573e+07
29.001 1.68587e+07
29.101 1.68601e+07
29.201 1.68615e+07
29.301 1.68629e+07
29.401 1.68642e+07
29.501 1.68655e+07
29.601 1.68668e+07
29.701 1.68682e+07
29.801 1.68695e+07
29.901 1.68708e+07
30.001 1.68721e+07
30.101 1.68734e+07
30.201 1.68746e+07
30.301 1.68759e+07
30.401 1.68771e+07
30.501 1.68784e+07
30.601 1.68796e+07
30.701 1.68809e+07
30.801 1.68821e+07
30.901 1.68833e+07
31.001 1.68845e+07
31.101 1.68858e+07
31.201 1.68869e+07
31.301 1.68881e+07
31.401 1.68893e+07
31.501 1.68905e+07
31.601 1.68916e+07
31.701 1.68928e+07
31.801 1.68939e+07
31.901 1.68951e+07
32.001 1.68963e+07
32.101 1.68974e+07
32.201 1.68985e+07
32.301 1.68996e+07
32.401 1.69008e+07
32.501 1.69018e+07
32.601 1.69029e+07
32.701 1.6904e+07
32.801 1.69051e+07
32.901 1.69061e+07
33.001 1.69073e+07
33.101 1.69083e+07
33.201 1.69094e+07
33.301 1.69104e+07
33.401 1.69115e+07
33.501 1.69125e+07
33.601 1.69135e+07
33.701 1.69145e+07
33.801 1.69156e+07
33.901 1.69165e+07
34.001 1.69176e+07
34.101 1.69185e+07
34.201 1.69196e+07
34.301 1.69205e+07
34.401 1.69215e+07
34.501 1.69225e+07
34.601 1.69235e+07
34.701 1.69244e+07
34.801 1.69254e+07
34.901 1.69264e+07
35.001 1.69273e+07
35.101 1.69283e+07
35.201 1.69292e+07
35.301 1.69302e+07
35.401 1.69311e+07
35.501 1.6932e+07
35.601 1.69329e+07
35.701 1.69338e+07
35.801 1.69347e+07
35.901 1.69357e+07
36.001 1.69365e+07
36.101 1.69374e+07
36.201 1.69383e+07
36.301 1.69392e+07
36.401 1.69401e+07
36.501 1.6941e+07
36.601 1.69418e+07
36.701 1.69427e+07
36.801 1.69435e+07
36.901 1.69444e+07
37.001 1.69452e+07
37.101 1.69461e+07
37.201 1.69469e+07
37.301 1.69478e+07
37.401 1.69486e+07
37.501 1.69494e+07
37.601 1.69503e+07
37.701 1.69511e+07
37.801 1.69519e+07
37.901 1.69527e+07
38.001 1.69535e+07
38.101 1.69543e+07
38.201 1.69551e+07
38.301 1.69559e+07
38.401 1.69567e+07
38.501 1.69575e+07
38.601 1.69583e+07
38.701 1.6959e+07
38.801 1.69598e+07
38.901 1.69605e+07
39.001 1.69613e+07
39.101 1.69621e+07
39.201 1.69629e+07
39.301 1.69636e+07
39.401 1.69644e+07
39.501 1.69651e+07
39.601 1.69658e+07
39.701 1.69665e+07
39.801 1.69673e+07
39.901 1.6968e+07
40.001 1.69688e+07
40.101 1.69695e+07
40.201 1.69702e+07
40.301 1.69709e+07
40.401 1.69716e+07
40.501 1.69724e+07
40.601 1.69731e+07
40.701 1.69738e+07
40.801 1.69745e+07
40.901 1.69752e+07
41.001 1.69758e+07
41.101 1.69766e+07
41.201 1.69772e+07
41.301 1.69779e+07
41.401 1.69786e+07
41.501 1.69793e+07
41.601 1.69799e+07
41.701 1.69806e+07
41.801 1.69812e+07
41.901 1.69819e+07
42.001 1.69826e+07
42.101 1.69833e+07
42.201 1.69839e+07
42.301 1.69846e+07
42.401 1.69852e+07
42.501 1.69858e+07
42.601 1.69864e+07
42.701 1.69871e+07
42.801 1.69877e+07
42.901 1.69884e+07
43.001 1.6989e+07
43.101 1.69896e+07
43.201 1.69902e+07
43.301 1.69909e+07
43.401 1.69915e+07
43.501 1.69921e+07
43.601 1.69927e+07
43.701 1.69933e+07
43.801 1.6994e+07
43.901 1.69945e+07
44.001 1.69952e+07
44.101 1.69957e+07
44.201 1.69964e+07
44.301 1.69969e+07
44.401 1.69975e+07
44.501 1.69981e+07
44.601 1.69987e+07
44.701 1.69993e+07
44.801 1.69999e+07
44.901 1.70004e+07
45.001 1.7001e+07
45.101 1.70016e+07
45.201 1.70022e+07
45.301 1.70027e+07
45.401 1.70033e+07
45.501 1.70038e+07
45.601 1.70044e+07
45.701 1.70049e+07
45.801 1.70055e+07
45.901 1.7006e+07
46.001 1.70066e+07
46.101 1.70072e+07
46.201 1.70077e+07
46.301 1.70083e+07
46.401 1.70088e+07
46.501 1.70093e+07
46.601 1.70098e+07
46.701 1.70104e+07
46.801 1.70109e+07
46.901 1.70115e+07
47.001 1.7012e+07
47.101 1.70125e+07
47.201 1.7013e+07
47.301 1.70136e+07
47.401 1.7014e+07
47.501 1.70146e+07
47.601 1.70151e+07
47.701 1.70156e+07
47.801 1.70161e+07
47.901 1.70166e+07
48.001 1.70171e+07
48.101 1.70176e+07
48.201 1.70181e+07
48.301 1.70186e+07
48.401 1.70191e+07
48.501 1.70196e+07
48.601 1.70201e+07
48.701 1.70206e+07
48.801 1.70211e+07
48.901 1.70216e+07
49.001 1.70221e+07
49.101 1.70225e+07
49.201 1.7023e+07
49.301 1.70235e+07
49.401 1.7024e+07
49.501 1.70244e+07
49.601 1.70249e+07
49.701 1.70254e+07
49.801 1.70259e+07
49.901 1.70263e+07
50.001 1.70268e+07
50.101 1.70272e+07
50.201 1.70277e+07
50.301 1.70282e+07
50.401 1.70286e+07
50.501 1.70291e+07
50.601 1.70296e+07
50.701 1.703e+07
50.801 1.70305e+07
50.901 1.70309e+07
51.001 1.70313e+07
51.101 1.70318e+07
51.201 1.70322e+07
51.301 1.70326e+07
51.401 1.70331e+07
51.501 1.70335e+07
51.601 1.7034e+07
51.701 1.70344e+07
51.801 1.70349e+07
51.901 1.70353e+07
52.001 1.70357e+07
52.101 1.70362e+07
52.201 1.70366e+07
52.301 1.7037e+07
52.401 1.70374e+07
52.501 1.70379e+07
52.601 1.70383e+07
52.701 1.70387e+07
52.801 1.70391e+07
52.901 1.70395e+07
53.001 1.70399e+07
53.101 1.70404e+07
53.201 1.70407e+07
53.301 1.70412e+07
53.401 1.70416e+07
53.501 1.7042e+07
53.601 1.70424e+07
53.701 1.70428e+07
53.801 1.70432e+07
53.901 1.70436e+07
54.001 1.7044e+07
54.101 1.70444e+07
54.201 1.70448e+07
54.301 1.70452e+07
54.401 1.70455e+07
54.501 1.7046e+07
54.601 1.70464e+07
54.701 1.70467e+07
54.801 1.70471e+07
54.901 1.70475e+07
55.001 1.70479e+07
55.101 1.70483e+07
55.201 1.70487e+07
55.301 1.7049e+07
55.401 1.70494e+07
55.501 1.70498e+07
55.601 1.70502e+07
55.701 1.70505e+07
55.801 1.70509e+07
55.901 1.70513e+07
56.001 1.70517e+07
56.101 1.7052e+07
56.201 1.70524e+07
56.301 1.70527e+07
56.401 1.70531e+07
56.501 1.70535e+07
56.601 1.70539e+07
56.701 1.70542e+07
56.801 1.70546e+07
56.901 1.70549e+07
57.001 1.70553e+07
57.101 1.70556e+07
57.201 1.7056e+07
57.301 1.70564e+07
57.401 1.70567e+07
57.501 1.70571e+07
57.601 1.70574e+07
57.701 1.70578e+07
57.801 1.70581e+07
57.901 1.70585e+07
58.001 1.70588e+07
58.101 1.70592e+07
58.201 1.70595e+07
58.301 1.70598e+07
58.401 1.70602e+07
58.501 1.70605e+07
58.601 1.70608e+07
58.701 1.70612e+07
58.801 1.70615e+07
58.901 1.70619e+07
59.001 1.70622e+07
59.101 1.70625e+07
59.201 1.70628e+07
59.301 1.70632e+07
59.401 1.70635e+07
59.501 1.70639e+07
59.601 1.70642e+07
59.701 1.70645e+07
59.801 1.70648e+07
59.901 1.70651e+07
60.001 1.70654e+07
60.101 1.70658e+07
60.201 1.70661e+07
60.301 1.70664e+07
60.401 1.70668e+07
60.501 1.70671e+07
60.601 1.70674e+07
60.701 1.70677e+07
60.801 1.7068e+07
60.901 1.70683e+07
61.001 1.70687e+07
61.101 1.70689e+07
61.201 1.70693e+07
61.301 1.70696e+07
61.401 1.70699e+07
61.501 1.70702e+07
61.601 1.70705e+07
61.701 1.70708e+07
61.801 1.70711e+07
61.901 1.70714e+07
62.001 1.70717e+07
62.101 1.7072e+07
62.201 1.70723e+07
62.301 1.70726e+07
62.401 1.70729e+07
62.501 1.70732e+07
62.601 1.70735e+07
62.701 1.70738e+07
62.801 1.70741e+07
62.901 1.70744e+07
63.001 1.70747e+07
63.101 1.7075e+07
63.201 1.70753e+07
63.301 1.70756e+07
63.401 1.70758e+07
63.501 1.70761e+07
63.601 1.70764e+07
63.701 1.70767e+07
63.801 1.7077e+07
63.901 1.70773e+07
64.001 1.70776e+07
64.101 1.70779e+07
64.201 1.70781e+07
64.301 1.70784e+07
64.401 1.70787e+07
64.501 1.7079e+07
64.601 1.70792e+07
64.701 1.70795e+07
64.801 1.70798e+07
64.901 1.70801e+07
65.001 1.70803e+07
65.101 1.70806e+07
65.201 1.70809e+07
65.301 1.70812e+07
65.401 1.70814e+07
65.501 1.70817e+07
65.601 1.7082e+07
65.701 1.70823e+07
65.801 1.70825e+07
65.901 1.70828e+07
66.001 1.70831e+07
66.101 1.70833e+07
66.201 1.70836e+07
66.301 1.70838e+07
66.401 1.70841e+07
66.501 1.70844e+07
66.601 1.70847e+07
66.701 1.70849e+07
66.801 1.70852e+07
66.901 1.70854e+07
67.001 1.70857e+07
67.101 1.70859e+07
67.201 1.70862e+07
67.301 1.70864e+07
67.401 1.70867e+07
67.501 1.70869e+07
67.601 1.70872e+07
67.701 1.70875e+07
67.801 1.70877e+07
67.901 1.7088e+07
68.001 1.70882e+07
68.101 1.70885e+07
68.201 1.70887e+07
68.301 1.7089e+07
68.401 1.70892e+07
68.501 1.70895e+07
68.601 1.70897e+07
68.701 1.709e+07
68.801 1.70902e+07
68.901 1.70905e+07
69.001 1.70907e+07
69.101 1.7091e+07
69.201 1.70912e+07
69.301 1.70914e+07
69.401 1.70917e+07
69.501 1.70919e+07
69.601 1.70921e+07
69.701 1.70924e+07
69.801 1.70926e+07
69.901 1.70929e+07
70.001 1.70931e+07
70.101 1.70933e+07
70.201 1.70936e+07
70.301 1.70938e+07
70.401 1.7094e+07
70.501 1.70943e+07
70.601 1.70945e+07
70.701 1.70947e+07
70.801 1.7095e+07
70.901 1.70952e+07
71.001 1.70954e+07
71.101 1.70957e+07
71.201 1.70959e+07
71.301 1.70961e+07
71.401 1.70964e+07
71.501 1.70966e+07
71.601 1.70968e+07
71.701 1.7097e+07
71.801 1.70973e+07
71.901 1.70975e+07
72.001 1.70977e+07
72.101 1.70979e+07
72.201 1.70982e+07
72.301 1.70984e+07
72.401 1.70986e+07
72.501 1.70988e+07
72.601 1.7099e+07
72.701 1.70992e+07
72.801 1.70995e+07
72.901 1.70997e+07
73.001 1.70999e+07
73.101 1.71001e+07
73.201 1.71004e+07
73.301 1.71006e+07
73.401 1.71008e+07
73.501 1.7101e+07
73.601 1.71012e+07
73.701 1.71014e+07
73.801 1.71016e+07
73.901 1.71018e+07
74.001 1.71021e+07
74.101 1.71023e+07
74.201 1.71025e+07
74.301 1.71027e+07
74.401 1.71029e+07
74.501 1.71031e+07
74.601 1.71033e+07
74.701 1.71035e+07
74.801 1.71037e+07
74.901 1.7104e+07
75.001 1.71041e+07
75.101 1.71044e+07
75.201 1.71046e+07
75.301 1.71048e+07
75.401 1.7105e+07
75.501 1.71052e+07
75.601 1.71054e+07
75.701 1.71056e+07
75.801 1.71058e+07
75.901 1.7106e+07
76.001 1.71062e+07
76.101 1.71064e+07
76.201 1.71066e+07
76.301 1.71068e+07
76.401 1.7107e+07
76.501 1.71072e+07
76.601 1.71074e+07
76.701 1.71076e+07
76.801 1.71078e+07
76.901 1.7108e+07
77.001 1.71082e+07
77.101 1.71084e+07
77.201 1.71086e+07
77.301 1.71088e+07
77.401 1.7109e+07
77.501 1.71091e+07
77.601 1.71094e+07
77.701 1.71095e+07
77.801 1.71097e+07
77.901 1.71099e+07
78.001 1.71101e+07
78.101 1.71103e+07
78.201 1.71105e+07
78.301 1.71107e+07
78.401 1.71109e+07
78.501 1.7111e+07
78.601 1.71112e+07
78.701 1.71114e+07
78.801 1.71116e+07
78.901 1.71118e+07
79.001 1.7112e+07
79.101 1.71122e+07
79.201 1.71124e+07
79.301 1.71125e+07
79.401 1.71127e+07
79.501 1.71129e+07
79.601 1.71131e+07
79.701 1.71133e+07
79.801 1.71135e+07
79.901 1.71137e+07
80.001 1.71138e+07
80.101 1.7114e+07
80.201 1.71142e+07
80.301 1.71144e+07
80.401 1.71145e+07
80.501 1.71147e+07
80.601 1.71149e+07
80.701 1.71151e+07
80.801 1.71153e+07
80.901 1.71154e+07
81.001 1.71156e+07
81.101 1.71158e+07
81.201 1.7116e+07
81.301 1.71162e+07
81.401 1.71163e+07
81.501 1.71165e+07
81.601 1.71167e+07
81.701 1.71168e+07
81.801 1.7117e+07
81.901 1.71172e+07
82.001 1.71173e+07
82.101 1.71175e+07
82.201 1.71177e+07
82.301 1.71179e+07
82.401 1.7118e+07
82.501 1.71182e+07
82.601 1.71184e+07
82.701 1.71186e+07
82.801 1.71187e+07
82.901 1.71189e+07
83.001 1.71191e+07
83.101 1.71192e+07
83.201 1.71194e+07
83.301 1.71196e+07
83.401 1.71197e+07
83.501 1.71199e+07
83.601 1.71201e+07
83.701 1.71202e+07
83.801 1.71204e+07
83.901 1.71206e+07
84.001 1.71207e+07
84.101 1.71209e+07
84.201 1.71211e+07
84.301 1.71212e+07
84.401 1.71214e+07
84.501 1.71215e+07
84.601 1.71217e+07
84.701 1.71219e+07
84.801 1.7122e+07
84.901 1.71222e+07
85.001 1.71224e+07
85.101 1.71225e+07
85.201 1.71227e+07
85.301 1.71228e+07
85.401 1.7123e+07
85.501 1.71232e+07
85.601 1.71233e+07
85.701 1.71235e+07
85.801 1.71236e+07
85.901 1.71238e+07
86.001 1.71239e+07
86.101 1.71241e+07
86.201 1.71243e+07
86.301 1.71244e+07
86.401 1.71246e+07
86.501 1.71247e+07
86.601 1.71249e+07
86.701 1.7125e+07
86.801 1.71252e+07
86.901 1.71253e+07
87.001 1.71255e+07
87.101 1.71257e+07
87.201 1.71258e+07
87.301 1.7126e+07
87.401 1.71261e+07
87.501 1.71263e+07
87.601 1.71264e+07
87.701 1.71266e+07
87.801 1.71267e+07
87.901 1.71269e+07
88.001 1.7127e+07
88.101 1.71272e+07
88.201 1.71273e+07
88.301 1.71275e+07
88.401 1.71276e+07
88.501 1.71278e+07
88.601 1.71279e+07
88.701 1.7128e+07
88.801 1.71282e+07
88.901 1.71283e+07
89.001 1.71285e+07
89.101 1.71286e+07
89.201 1.71288e+07
89.301 1.71289e+07
89.401 1.71291e+07
89.501 1.71292e+07
89.601 1.71294e+07
89.701 1.71295e+07
89.801 1.71297e+07
89.901 1.71298e+07
90.001 1.71299e+07
90.101 1.71301e+07
90.201 1.71302e+07
90.301 1.71304e+07
90.401 1.71305e+07
90.501 1.71306e+07
90.601 1.71308e+07
90.701 1.71309e+07
90.801 1.71311e+07
90.901 1.71312e+07
91.001 1.71314e+07
91.101 1.71315e+07
91.201 1.71316e+07
91.301 1.71318e+07
91.401 1.71319e+07
91.501 1.71321e+07
91.601 1.71322e+07
91.701 1.71323e+07
91.801 1.71325e+07
91.901 1.71326e+07
92.001 1.71327e+07
92.101 1.71329e+07
92.201 1.7133e+07
92.301 1.71332e+07
92.401 1.71333e+07
92.501 1.71334e+07
92.601 1.71336e+07
92.701 1.71337e+07
92.801 1.71338e+07
92.901 1.7134e+07
93.001 1.71341e+07
93.101 1.71342e+07
93.201 1.71344e+07
93.301 1.71345e+07
93.401 1.71346e+07
93.501 1.71348e+07
93.601 1.71349e+07
93.701 1.7135e+07
93.801 1.71352e+07
93.901 1.71353e+07
94.001 1.71354e+07
94.101 1.71356e+07
94.201 1.71357e+07
94.301 1.71358e+07
94.401 1.7136e+07
94.501 1.71361e+07
94.601 1.71362e+07
94.701 1.71363e+07
94.801 1.71365e+07
94.901 1.71366e+07
95.001 1.71367e+07
95.101 1.71368e+07
95.201 1.7137e+07
95.301 1.71371e+07
95.401 1.71372e+07
95.501 1.71374e+07
95.601 1.71375e+07
95.701 1.71376e+07
95.801 1.71378e+07
95.901 1.71379e+07
96.001 1.7138e+07
96.101 1.71381e+07
96.201 1.71383e+07
96.301 1.71384e+07
96.401 1.71385e+07
96.501 1.71386e+07
96.601 1.71388e+07
96.701 1.71389e+07
96.801 1.7139e+07
96.901 1.71391e+07
97.001 1.71392e+07
97.101 1.71394e+07
97.201 1.71395e+07
97.301 1.71396e+07
97.401 1.71397e+07
97.501 1.71399e+07
97.601 1.714e+07
97.701 1.71401e+07
97.801 1.71402e+07
97.901 1.71404e+07
98.001 1.71405e+07
98.101 1.71406e+07
98.201 1.71407e+07
98.301 1.71408e+07
98.401 1.71409e+07
98.501 1.71411e+07
98.601 1.71412e+07
98.701 1.71413e+07
98.801 1.71414e+07
98.901 1.71415e+07
99.001 1.71417e+07
99.101 1.71418e+07
99.201 1.71419e+07
99.301 1.7142e+07
99.401 1.71421e+07
99.501 1.71423e+07
99.601 1.71424e+07
99.701 1.71425e+07
99.801 1.71426e+07
99.901 1.71427e+07
100.001 1.71428e+07
100.101 1.71429e+07
100.201 1.71431e+07
100.301 1.71432e+07
100.401 1.71433e+07
100.501 1.71434e+07
100.601 1.71435e+07
100.701 1.71436e+07
100.801 1.71438e+07
100.901 1.71439e+07
101.001 1.7144e+07
101.101 1.71441e+07
101.201 1.71442e+07
101.301 1.71443e+07
101.401 1.71444e+07
101.501 1.71445e+07
101.601 1.71447e+07
101.701 1.71448e+07
101.801 1.71449e+07
101.901 1.7145e+07
102.001 1.71451e+07
102.101 1.71452e+07
102.201 1.71453e+07
102.301 1.71454e+07
102.401 1.71456e+07
102.501 1.71457e+07
102.601 1.71458e+07
102.701 1.71459e+07
102.801 1.7146e+07
102.901 1.71461e+07
103.001 1.71462e+07
103.101 1.71463e+07
103.201 1.71464e+07
103.301 1.71466e+07
103.401 1.71466e+07
103.501 1.71468e+07
103.601 1.71469e+07
103.701 1.7147e+07
103.801 1.71471e+07
103.901 1.71472e+07
104.001 1.71473e+07
104.101 1.71474e+07
104.201 1.71475e+07
104.301 1.71476e+07
104.401 1.71477e+07
104.501 1.71478e+07
104.601 1.71479e+07
104.701 1.7148e+07
104.801 1.71481e+07
104.901 1.71483e+07
105.001 1.71483e+07
105.101 1.71485e+07
105.201 1.71486e+07
105.301 1.71487e+07
105.401 1.71488e+07
105.501 1.71489e+07
105.601 1.7149e+07
105.701 1.71491e+07
105.801 1.71492e+07
105.901 1.71493e+07
106.001 1.71494e+07
106.101 1.71495e+07
106.201 1.71496e+07
106.301 1.71497e+07
106.401 1.71498e+07
106.501 1.71499e+07
106.601 1.715e+07
106.701 1.71501e+07
106.801 1.71502e+07
106.901 1.71503e+07
107.001 1.71504e+07
107.101 1.71505e+07
107.201 1.71506e+07
107.301 1.71507e+07
107.401 1.71508e+07
107.501 1.71509e+07
107.601 1.7151e+07
107.701 1.71511e+07
107.801 1.71512e+07
107.901 1.71513e+07
108.001 1.71514e+07
108.101 1.71515e+07
108.201 1.71516e+07
108.301 1.71517e+07
108.401 1.71518e+07
108.501 1.71519e+07
108.601 1.7152e+07
108.701 1.71521e+07
108.801 1.71522e+07
108.901 1.71523e+07
109.001 1.71524e+07
109.101 1.71525e+07
109.201 1.71526e+07
109.301 1.71527e+07
109.401 1.71528e+07
109.501 1.71529e+07
109.601 1.7153e+07
109.701 1.71531e+07
109.801 1.71532e+07
109.901 1.71533e+07
110.001 1.71534e+07
110.101 1.71535e+07
110.201 1.71536e+07
110.301 1.71537e+07
110.401 1.71538e+07
110.501 1.71539e+07
110.601 1.71539e+07
110.701 1.71541e+07
110.801 1.71542e+07
110.901 1.71542e+07
111.001 1.71543e+07
111.101 1.71544e+07
111.201 1.71545e+07
111.301 1.71546e+07
111.401 1.71547e+07
111.501 1.71548e+07
111.601 1.71549e+07
111.701 1.7155e+07
111.801 1.71551e+07
111.901 1.71552e+07
112.001 1.71553e+07
112.101 1.71554e+07
112.201 1.71555e+07
112.301 1.71555e+07
112.401 1.71556e+07
112.501 1.71557e+07
112.601 1.71558e+07
112.701 1.71559e+07
112.801 1.7156e+07
112.901 1.71561e+07
113.001 1.71562e+07
113.101 1.71563e+07
113.201 1.71564e+07
113.301 1.71564e+07
113.401 1.71565e+07
113.501 1.71566e+07
113.601 1.71567e+07
113.701 1.71568e+07
113.801 1.71569e+07
113.901 1.7157e+07
114.001 1.71571e+07
114.101 1.71572e+07
114.201 1.71573e+07
114.301 1.71574e+07
114.401 1.71574e+07
114.501 1.71575e+07
114.601 1.71576e+07
114.701 1.71577e+07
114.801 1.71578e+07
114.901 1.71579e+07
115.001 1.7158e+07
115.101 1.71581e+07
115.201 1.71581e+07
115.301 1.71582e+07
115.401 1.71583e+07
115.501 1.71584e+07
115.601 1.71585e+07
115.701 1.71586e+07
115.801 1.71587e+07
115.901 1.71588e+07
116.001 1.71588e+07
116.101 1.71589e+07
116.201 1.7159e+07
116.301 1.71591e+07
116.401 1.71592e+07
116.501 1.71593e+07
116.601 1.71594e+07
116.701 1.71594e+07
116.801 1.71595e+07
116.901 1.71596e+07
117.001 1.71597e+07
117.101 1.71598e+07
117.201 1.71599e+07
117.301 1.71599e+07
117.401 1.716e+07
117.501 1.71601e+07
117.601 1.71602e+07
117.701 1.71603e+07
117.801 1.71604e+07
117.901 1.71604e+07
118.001 1.71605e+07
118.101 1.71606e+07
118.201 1.71607e+07
118.301 1.71608e+07
118.401 1.71609e+07
118.501 1.71609e+07
118.601 1.7161e+07
118.701 1.71611e+07
118.801 1.71612e+07
118.901 1.71613e+07
119.001 1.71614e+07
119.101 1.71614e+07
119.201 1.71615e+07
119.301 1.71616e+07
119.401 1.71617e+07
119.501 1.71618e+07
119.601 1.71619e+07
119.701 1.71619e+07
119.801 1.7162e+07
119.901 1.71621e+07
120.001 1.71622e+07
120.101 1.71623e+07
120.201 1.71623e+07
120.301 1.71624e+07
120.401 1.71625e+07
120.501 1.71626e+07
120.601 1.71627e+07
120.701 1.71627e+07
120.801 1.71628e+07
120.901 1.71629e+07
121.001 1.7163e+07
121.101 1.71631e+07
121.201 1.71631e+07
121.301 1.71632e+07
121.401 1.71633e+07
121.501 1.71634e+07
121.601 1.71634e+07
121.701 1.71635e+07
121.801 1.71636e+07
121.901 1.71637e+07
122.001 1.71638e+07
122.101 1.71638e+07
122.201 1.71639e+07
122.301 1.7164e+07
122.401 1.71641e+07
122.501 1.71641e+07
122.601 1.71642e+07
122.701 1.71643e+07
122.801 1.71644e+07
122.901 1.71645e+07
123.001 1.71645e+07
123.101 1.71646e+07
123.201 1.71647e+07
123.301 1.71648e+07
123.401 1.71648e+07
123.501 1.71649e+07
123.601 1.7165e+07
123.701 1.71651e+07
123.801 1.71651e+07
123.901 1.71652e+07
124.001 1.71653e+07
124.101 1.71654e+07
124.201 1.71654e+07
124.301 1.71655e+07
124.401 1.71656e+07
124.501 1.71657e+07
124.601 1.71657e+07
124.701 1.71658e+07
124.801 1.71659e+07
124.901 1.7166e+07
125.001 1.7166e+07
125.101 1.71661e+07
125.201 1.71662e+07
125.301 1.71663e+07
125.401 1.71663e+07
125.501 1.71664e+07
125.601 1.71665e+07
125.701 1.71666e+07
125.801 1.71666e+07
125.901 1.71667e+07
126.001 1.71668e+07
126.101 1.71669e+07
126.201 1.71669e+07
126.301 1.7167e+07
126.401 1.71671e+07
126.501 1.71671e+07
126.601 1.71672e+07
126.701 1.71673e+07
126.801 1.71674e+07
126.901 1.71674e+07
127.001 1.71675e+07
127.101 1.71676e+07
127.201 1.71676e+07
127.301 1.71677e+07
127.401 1.71678e+07
127.501 1.71679e+07
127.601 1.71679e+07
127.701 1.7168e+07
127.801 1.71681e+07
127.901 1.71681e+07
128.001 1.71682e+07
128.101 1.71683e+07
128.201 1.71684e+07
128.301 1.71684e+07
128.401 1.71685e+07
128.501 1.71686e+07
128.601 1.71687e+07
128.701 1.71687e+07
128.801 1.71688e+07
128.901 1.71688e+07
129.001 1.71689e+07
129.101 1.7169e+07
129.201 1.71691e+07
129.301 1.71691e+07
129.401 1.71692e+07
129.501 1.71693e+07
129.601 1.71693e+07
129.701 1.71694e+07
129.801 1.71695e+07
129.901 1.71695e+07
130.001 1.71696e+07
130.101 1.71697e+07
130.201 1.71698e+07
130.301 1.71698e+07
130.401 1.71699e+07
130.501 1.717e+07
130.601 1.717e+07
130.701 1.71701e+07
130.801 1.71702e+07
130.901 1.71702e+07
131.001 1.71703e+07
131.101 1.71704e+07
131.201 1.71704e+07
131.301 1.71705e+07
131.401 1.71706e+07
131.501 1.71706e+07
131.601 1.71707e+07
131.701 1.71708e+07
131.801 1.71708e+07
131.901 1.71709e+07
132.001 1.7171e+07
132.101 1.7171e+07
132.201 1.71711e+07
132.301 1.71712e+07
132.401 1.71712e+07
132.501 1.71713e+07
132.601 1.71714e+07
132.701 1.71714e+07
132.801 1.71715e+07
132.901 1.71716e+07
133.001 1.71716e+07
133.101 1.71717e+07
133.201 1.71717e+07
133.301 1.71718e+07
133.401 1.71719e+07
133.501 1.7172e+07
133.601 1.7172e+07
133.701 1.71721e+07
133.801 1.71722e+07
133.901 1.71722e+07
134.001 1.71723e+07
134.101 1.71723e+07
134.201 1.71724e+07
134.301 1.71725e+07
134.401 1.71725e+07
134.501 1.71726e+07
134.601 1.71727e+07
134.701 1.71727e+07
134.801 1.71728e+07
134.901 1.71729e+07
135.001 1.71729e+07
135.101 1.7173e+07
135.201 1.71731e+07
135.301 1.71731e+07
135.401 1.71732e+07
135.501 1.71732e+07
135.601 1.71733e+07
135.701 1.71734e+07
135.801 1.71734e+07
135.901 1.71735e+07
136.001 1.71736e+07
136.101 1.71736e+07
136.201 1.71737e+07
136.301 1.71738e+07
136.401 1.71738e+07
136.501 1.71739e+07
136.601 1.71739e+07
136.701 1.7174e+07
136.801 1.7174e+07
136.901 1.71741e+07
137.001 1.71742e+07
137.101 1.71742e+07
137.201 1.71743e+07
137.301 1.71744e+07
137.401 1.71744e+07
137.501 1.71745e+07
137.601 1.71745e+07
137.701 1.71746e+07
137.801 1.71747e+07
137.901 1.71747e+07
138.001 1.71748e+07
138.101 1.71749e+07
138.201 1.71749e+07
138.301 1.7175e+07
138.401 1.7175e+07
138.501 1.71751e+07
138.601 1.71751e+07
138.701 1.71752e+07
138.801 1.71753e+07
138.901 1.71753e+07
139.001 1.71754e+07
139.101 1.71755e+07
139.201 1.71755e+07
139.301 1.71756e+07
139.401 1.71756e+07
139.501 1.71757e+07
139.601 1.71758e+07
139.701 1.71758e+07
139.801 1.71759e+07
139.901 1.71759e+07
140.001 1.7176e+07
140.101 1.7176e+07
140.201 1.71761e+07
140.301 1.71762e+07
140.401 1.71762e+07
140.501 1.71763e+07
140.601 1.71763e+07
140.701 1.71764e+07
140.801 1.71765e+07
140.901 1.71765e+07
141.001 1.71766e+07
141.101 1.71766e+07
141.201 1.71767e+07
141.301 1.71767e+07
141.401 1.71768e+07
141.501 1.71769e+07
141.601 1.71769e+07
141.701 1.7177e+07
141.801 1.7177e+07
141.901 1.71771e+07
142.001 1.71772e+07
142.101 1.71772e+07
142.201 1.71773e+07
142.301 1.71773e+07
142.401 1.71774e+07
142.501 1.71775e+07
142.601 1.71775e+07
142.701 1.71776e+07
142.801 1.71776e+07
142.901 1.71777e+07
143.001 1.71777e+07
143.101 1.71778e+07
143.201 1.71778e+07
143.301 1.71779e+07
143.401 1.7178e+07
143.501 1.7178e+07
143.601 1.71781e+07
143.701 1.71781e+07
143.801 1.71782e+07
143.901 1.71782e+07
144.001 1.71783e+07
144.101 1.71784e+07
144.201 1.71784e+07
144.301 1.71785e+07
144.401 1.71785e+07
144.501 1.71786e+07
144.601 1.71786e+07
144.701 1.71787e+07
144.801 1.71787e+07
144.901 1.71788e+07
145.001 1.71789e+07
145.101 1.71789e+07
145.201 1.7179e+07
145.301 1.7179e+07
145.401 1.71791e+07
145.501 1.71791e+07
145.601 1.71792e+07
145.701 1.71792e+07
145.801 1.71793e+07
145.901 1.71793e+07
146.001 1.71794e+07
146.101 1.71794e+07
146.201 1.71795e+07
146.301 1.71796e+07
146.401 1.71796e+07
146.501 1.71797e+07
146.601 1.71797e+07
146.701 1.71798e+07
146.801 1.71798e+07
146.901 1.71799e+07
147.001 1.71799e+07
147.101 1.718e+07
147.201 1.718e+07
147.301 1.71801e+07
147.401 1.71802e+07
147.501 1.71802e+07
147.601 1.71803e+07
147.701 1.71803e+07
147.801 1.71804e+07
147.901 1.71804e+07
148.001 1.71805e+07
148.101 1.71805e+07
148.201 1.71806e+07
148.301 1.71806e+07
148.401 1.71807e+07
148.501 1.71807e+07
148.601 1.71808e+07
148.701 1.71808e+07
148.801 1.71809e+07
148.901 1.7181e+07
149.001 1.7181e+07
149.101 1.71811e+07
149.201 1.71811e+07
149.301 1.71812e+07
149.401 1.71812e+07
149.501 1.71813e+07
149.601 1.71813e+07
149.701 1.71814e+07
149.801 1.71814e+07
149.901 1.71815e+07
150.001 1.71815e+07
150.101 1.71816e+07
150.201 1.71816e+07
150.301 1.71817e+07
150.401 1.71817e+07
150.501 1.71818e+07
150.601 1.71818e+07
150.701 1.71819e+07
150.801 1.71819e+07
150.901 1.7182e+07
151.001 1.7182e+07
151.101 1.71821e+07
151.201 1.71821e+07
151.301 1.71822e+07
151.401 1.71822e+07
151.501 1.71823e+07
151.601 1.71823e+07
151.701 1.71824e+07
151.801 1.71824e+07
151.901 1.71825e+07
152.001 1.71825e+07
152.101 1.71826e+07
152.201 1.71826e+07
152.301 1.71827e+07
152.401 1.71827e+07
152.501 1.71828e+07
152.601 1.71828e+07
152.701 1.71829e+07
152.801 1.71829e+07
152.901 1.7183e+07
153.001 1.7183e+07
153.101 1.71831e+07
153.201 1.71831e+07
153.301 1.71832e+07
153.401 1.71832e+07
153.501 1.71833e+07
153.601 1.71833e+07
153.701 1.71834e+07
153.801 1.71834e+07
153.901 1.71835e+07
154.001 1.71835e+07
154.101 1.71836e+07
154.201 1.71836e+07
154.301 1.71837e+07
154.401 1.71837e+07
154.501 1.71838e+07
154.601 1.71838e+07
154.701 1.71839e+07
154.801 1.71839e+07
154.901 1.7184e+07
155.001 1.7184e+07
155.101 1.71841e+07
155.201 1.71841e+07
155.301 1.71842e+07
155.401 1.71842e+07
155.501 1.71843e+07
155.601 1.71843e+07
155.701 1.71844e+07
155.801 1.71844e+07
155.901 1.71844e+07
156.001 1.71845e+07
156.101 1.71845e+07
156.201 1.71846e+07
156.301 1.71846e+07
156.401 1.71847e+07
156.501 1.71847e+07
156.601 1.71848e+07
156.701 1.71848e+07
156.801 1.71849e+07
156.901 1.71849e+07
157.001 1.7185e+07
157.101 1.7185e+07
157.201 1.71851e+07
157.301 1.71851e+07
157.401 1.71852e+07
157.501 1.71852e+07
157.601 1.71853e+07
157.701 1.71853e+07
157.801 1.71853e+07
157.901 1.71854e+07
158.001 1.71854e+07
158.101 1.71855e+07
158.201 1.71855e+07
158.301 1.71856e+07
158.401 1.71856e+07
158.501 1.71857e+07
158.601 1.71857e+07
158.701 1.71858e+07
158.801 1.71858e+07
158.901 1.71859e+07
159.001 1.71859e+07
159.101 1.71859e+07
159.201 1.7186e+07
159.301 1.7186e+07
159.401 1.71861e+07
159.501 1.71861e+07
159.601 1.71862e+07
159.701 1.71862e+07
159.801 1.71863e+07
159.901 1.71863e+07
160.001 1.71863e+07
160.101 1.71864e+07
160.201 1.71864e+07
160.301 1.71865e+07
160.401 1.71865e+07
160.501 1.71866e+07
160.601 1.71866e+07
160.701 1.71867e+07
160.801 1.71867e+07
160.901 1.71868e+07
161.001 1.71868e+07
161.101 1.71868e+07
161.201 1.71869e+07
161.301 1.71869e+07
161.401 1.7187e+07
161.501 1.7187e+07
161.601 1.71871e+07
161.701 1.71871e+07
161.801 1.71872e+07
161.901 1.71872e+07
162.001 1.71873e+07
162.101 1.71873e+07
162.201 1.71873e+07
162.301 1.71874e+07
162.401 1.71874e+07
162.501 1.71875e+07
162.601 1.71875e+07
162.701 1.71876e+07
162.801 1.71876e+07
162.901 1.71876e+07
163.001 1.71877e+07
163.101 1.71877e+07
163.201 1.71878e+07
163.301 1.71878e+07
163.401 1.71879e+07
163.501 1.71879e+07
163.601 1.7188e+07
163.701 1.7188e+07
163.801 1.7188e+07
163.901 1.71881e+07
164.001 1.71881e+07
164.101 1.71882e+07
164.201 1.71882e+07
164.301 1.71883e+07
164.401 1.71883e+07
164.501 1.71883e+07
164.601 1.71884e+07
164.701 1.71884e+07
164.801 1.71885e+07
164.901 1.71885e+07
165.001 1.71885e+07
165.101 1.71886e+07
165.201 1.71886e+07
165.301 1.71887e+07
165.401 1.71887e+07
165.501 1.71888e+07
165.601 1.71888e+07
165.701 1.71889e+07
165.801 1.71889e+07
165.901 1.71889e+07
166.001 1.7189e+07
166.101 1.7189e+07
166.201 1.71891e+07
166.301 1.71891e+07
166.401 1.71891e+07
166.501 1.71892e+07
166.601 1.71892e+07
166.701 1.71893e+07
166.801 1.71893e+07
166.901 1.71894e+07
167.001 1.71894e+07
167.101 1.71894e+07
167.201 1.71895e+07
167.301 1.71895e+07
167.401 1.71896e+07
167.501 1.71896e+07
167.601 1.71896e+07
167.701 1.71897e+07
167.801 1.71897e+07
167.901 1.71898e+07
168.001 1.71898e+07
168.101 1.71898e+07
168.201 1.71899e+07
168.301 1.71899e+07
168.401 1.719e+07
168.501 1.719e+07
168.601 1.71901e+07
168.701 1.71901e+07
168.801 1.71901e+07
168.901 1.71902e+07
169.001 1.71902e+07
169.101 1.71903e+07
169.201 1.71903e+07
169.301 1.71903e+07
169.401 1.71904e+07
169.501 1.71904e+07
169.601 1.71905e+07
169.701 1.71905e+07
169.801 1.71905e+07
169.901 1.71906e+07
170.001 1.71906e+07
170.101 1.71907e+07
170.201 1.71907e+07
170.301 1.71907e+07
170.401 1.71908e+07
170.501 1.71908e+07
170.601 1.71909e+07
170.701 1.71909e+07
170.801 1.71909e+07
170.901 1.7191e+07
171.001 1.7191e+07
171.101 1.71911e+07
171.201 1.71911e+07
171.301 1.71911e+07
171.401 1.71912e+07
171.501 1.71912e+07
171.601 1.71913e+07
171.701 1.71913e+07
171.801 1.71913e+07
171.901 1.71914e+07
172.001 1.71914e+07
172.101 1.71915e+07
172.201 1.71915e+07
172.301 1.71915e+07
172.401 1.71916e+07
172.501 1.71916e+07
172.601 1.71916e+07
172.701 1.71917e+07
172.801 1.71917e+07
172.901 1.71918e+07
173.001 1.71918e+07
173.101 1.71918e+07
173.201 1.71919e+07
173.301 1.71919e+07
173.401 1.7192e+07
173.501 1.7192e+07
173.601 1.7192e+07
173.701 1.71921e+07
173.801 1.71921e+07
173.901 1.71921e+07
174.001 1.71922e+07
174.101 1.71922e+07
174.201 1.71923e+07
174.301 1.71923e+07
174.401 1.71923e+07
174.501 1.71924e+07
174.601 1.71924e+07
174.701 1.71925e+07
174.801 1.71925e+07
174.901 1.71925e+07
175.001 1.71926e+07
175.101 1.71926e+07
175.201 1.71926e+07
175.301 1.71927e+07
175.401 1.71927e+07
175.501 1.71928e+07
175.601 1.71928e+07
175.701 1.71928e+07
175.801 1.71929e+07
175.901 1.71929e+07
176.001 1.71929e+07
176.101 1.7193e+07
176.201 1.7193e+07
176.301 1.71931e+07
176.401 1.71931e+07
176.501 1.71931e+07
176.601 1.71932e+07
176.701 1.71932e+07
176.801 1.71932e+07
176.901 1.71933e+07
177.001 1.71933e+07
177.101 1.71934e+07
177.201 1.71934e+07
177.301 1.71934e+07
177.401 1.71935e+07
177.501 1.71935e+07
177.601 1.71935e+07
177.701 1.71936e+07
177.801 1.71936e+07
177.901 1.71937e+07
178.001 1.71937e+07
178.101 1.71937e+07
178.201 1.71938e+07
178.301 1.71938e+07
178.401 1.71938e+07
178.501 1.71939e+07
178.601 1.71939e+07
178.701 1.71939e+07
178.801 1.7194e+07
178.901 1.7194e+07
179.001 1.71941e+07
179.101 1.71941e+07
179.201 1.71941e+07
179.301 1.71942e+07
179.401 1.71942e+07
179.501 1.71942e+07
179.601 1.71943e+07
179.701 1.71943e+07
179.801 1.71943e+07
179.901 1.71944e+07
180.001 1.71944e+07
180.101 1.71944e+07
180.201 1.71945e+07
180.301 1.71945e+07
180.401 1.71946e+07
180.501 1.71946e+07
180.601 1.71946e+07
180.701 1.71947e+07
180.801 1.71947e+07
180.901 1.71947e+07
181.001 1.71948e+07
181.101 1.71948e+07
181.201 1.71948e+07
181.301 1.71949e+07
181.401 1.71949e+07
181.501 1.7195e+07
181.601 1.7195e+07
181.701 1.7195e+07
181.801 1.7195e+07
181.901 1.71951e+07
182.001 1.71951e+07
182.101 1.71952e+07
182.201 1.71952e+07
182.301 1.71952e+07
182.401 1.71953e+07
182.501 1.71953e+07
182.601 1.71953e+07
182.701 1.71954e+07
182.801 1.71954e+07
182.901 1.71954e+07
183.001 1.71955e+07
183.101 1.71955e+07
183.201 1.71955e+07
183.301 1.71956e+07
183.401 1.71956e+07
183.501 1.71956e+07
183.601 1.71957e+07
183.701 1.71957e+07
183.801 1.71957e+07
183.901 1.71958e+07
184.001 1.71958e+07
184.101 1.71958e+07
184.201 1.71959e+07
184.301 1.71959e+07
184.401 1.7196e+07
184.501 1.7196e+07
184.601 1.7196e+07
184.701 1.71961e+07
184.801 1.71961e+07
184.901 1.71961e+07
185.001 1.71962e+07
185.101 1.71962e+07
185.201 1.71962e+07
185.301 1.71963e+07
185.401 1.71963e+07
185.501 1.71963e+07
185.601 1.71964e+07
185.701 1.71964e+07
185.801 1.71964e+07
185.901 1.71965e+07
186.001 1.71965e+07
186.101 1.71965e+07
186.201 1.71966e+07
186.301 1.71966e+07
186.401 1.71966e+07
186.501 1.71967e+07
186.601 1.71967e+07
186.701 1.71967e+07
186.801 1.71968e+07
186.901 1.71968e+07
187.001 1.71968e+07
187.101 1.71969e+07
187.201 1.71969e+07
187.301 1.71969e+07
187.401 1.7197e+07
187.501 1.7197e+07
187.601 1.7197e+07
187.701 1.71971e+07
187.801 1.71971e+07
187.901 1.71971e+07
188.001 1.71972e+07
188.101 1.71972e+07
188.201 1.71972e+07
188.301 1.71973e+07
188.401 1.71973e+07
188.501 1.71973e+07
188.601 1.71973e+07
188.701 1.71974e+07
188.801 1.71974e+07
188.901 1.71975e+07
189.001 1.71975e+07
189.101 1.71975e+07
189.201 1.71975e+07
189.301 1.71976e+07
189.401 1.71976e+07
189.501 1.71976e+07
189.601 1.71977e+07
189.701 1.71977e+07
189.801 1.71977e+07
189.901 1.71978e+07
190.001 1.71978e+07
190.101 1.71978e+07
190.201 1.71979e+07
190.301 1.71979e+07
190.401 1.71979e+07
190.501 1.7198e+07
190.601 1.7198e+07
190.701 1.7198e+07
190.801 1.71981e+07
190.901 1.71981e+07
191.001 1.71981e+07
191.101 1.71982e+07
191.201 1.71982e+07
191.301 1.71982e+07
191.401 1.71983e+07
191.501 1.71983e+07
191.601 1.71983e+07
191.701 1.71983e+07
191.801 1.71984e+07
191.901 1.71984e+07
192.001 1.71984e+07
192.101 1.71985e+07
192.201 1.71985e+07
192.301 1.71985e+07
192.401 1.71986e+07
192.501 1.71986e+07
192.601 1.71986e+07
192.701 1.71987e+07
192.801 1.71987e+07
192.901 1.71987e+07
193.001 1.71988e+07
193.101 1.71988e+07
193.201 1.71988e+07
193.301 1.71989e+07
193.401 1.71989e+07
193.501 1.71989e+07
193.601 1.71989e+07
193.701 1.7199e+07
193.801 1.7199e+07
193.901 1.7199e+07
194.001 1.71991e+07
194.101 1.71991e+07
194.201 1.71991e+07
194.301 1.71992e+07
194.401 1.71992e+07
194.501 1.71992e+07
194.601 1.71992e+07
194.701 1.71993e+07
194.801 1.71993e+07
194.901 1.71993e+07
195.001 1.71994e+07
195.101 1.71994e+07
195.201 1.71994e+07
195.301 1.71995e+07
195.401 1.71995e+07
195.501 1.71995e+07
195.601 1.71996e+07
195.701 1.71996e+07
195.801 1.71996e+07
195.901 1.71996e+07
196.001 1.71997e+07
196.101 1.71997e+07
196.201 1.71997e+07
196.301 1.71998e+07
196.401 1.71998e+07
196.501 1.71998e+07
196.601 1.71999e+07
196.701 1.71999e+07
196.801 1.71999e+07
196.901 1.71999e+07
197.001 1.72e+07
197.101 1.72e+07
197.201 1.72e+07
197.301 1.72001e+07
197.401 1.72001e+07
197.501 1.72001e+07
197.601 1.72002e+07
197.701 1.72002e+07
197.801 1.72002e+07
197.901 1.72002e+07
198.001 1.72003e+07
198.101 1.71943e+07
198.201 1.71856e+07
198.301 1.7177e+07
198.401 1.71683e+07
198.501 1.71596e+07
198.601 1.7151e+07
198.701 1.71424e+07
198.801 1.71338e+07
198.901 1.71251e+07
199.001 1.71165e+07
199.101 1.71079e+07
199.201 1.70993e+07
199.301 1.70908e+07
199.401 1.70822e+07
199.501 1.70736e+07
199.601 1.70651e+07
199.701 1.70565e+07
199.801 1.7048e+07
199.901 1.70395e+07
200.001 1.7031e+07
