0.0800654 34000
0.160321 34340
0.160636 34680
0.160951 35020
0.161267 35360
0.161582 35700
0.161897 36040
0.162212 36380
0.162527 36720
0.162843 37060
0.163158 37400
0.163473 37740
0.163788 38080
0.164103 38420
0.164419 38760
0.164734 39100
0.165049 39440
0.165364 39780
0.165679 40120
0.165995 40460
0.16631 40800
0.166625 41140
0.16694 41480
0.167255 41820
0.167571 42160
0.167886 42500
0.168201 42840
0.168516 43180
0.168831 43520
0.169147 43860
0.169462 44200
0.169777 44540
0.170092 44880
0.170407 45220
0.170723 45560
0.171038 45900
0.171353 46240
0.171668 46580
0.171983 46920
0.172299 47260
0.172614 47600
0.172929 47940
0.173244 48280
0.173559 48620
0.173875 48960
0.17419 49300
0.174505 49640
0.17482 49980
0.175135 50320
0.175451 50660
0.175766 51000
0.240572 51340
0.240887 51680
0.241203 52020
0.241518 52360
0.241833 52700
0.242148 53040
0.242463 53380
0.242779 53720
0.243094 54060
0.243409 54400
0.243724 54740
0.244039 55080
0.244355 55420
0.24467 55760
0.244985 56100
0.2453 56440
0.245615 56780
0.245931 57120
0.246246 57460
0.246561 57800
0.246876 58140
0.247191 58480
0.247507 58820
0.247822 59160
0.248137 59500
0.248452 59840
0.248767 60180
0.249083 60520
0.249398 60860
0.249713 61200
0.250028 61540
0.250343 61880
0.250659 62220
0.250974 62560
0.251289 62900
0.251604 63240
0.251919 63580
0.252235 63920
0.25255 64260
0.252865 64600
0.25318 64940
0.253495 65280
0.253811 65620
0.254126 65960
0.254441 66300
0.254756 66640
0.255071 66980
0.255387 67320
0.255702 67660
0.256017 68000
0.256332 68340
0.256647 68680
0.256963 69020
0.257278 69360
0.257593 69700
0.257908 70040
0.258223 70380
0.258539 70720
0.258854 71060
0.259169 71400
0.259484 71740
0.259799 72080
0.260115 72420
0.26043 72760
0.260745 73100
0.26106 73440
0.261375 73780
0.261691 74120
0.262006 74460
0.262321 74800
0.262636 75140
0.262951 75480
0.263267 75820
0.263582 76160
0.263897 76500
0.320981 76840
0.321296 77180
0.321611 77520
0.321927 77860
0.322242 78200
0.322557 78540
0.322872 78880
0.323187 79220
0.323503 79560
0.323818 79900
0.324133 80240
0.324448 80580
0.324763 80920
0.325079 81260
0.325394 81600
0.325709 81940
0.326024 82280
0.326339 82620
0.326655 82960
0.32697 83300
0.327285 83640
0.3276 83980
0.327915 84320
0.328231 84660
0.328546 85000
0.328861 85340
0.329176 85680
0.329491 86020
0.329807 86360
0.330122 86700
0.330437 87040
0.330752 87380
0.331067 87720
0.331383 88060
0.331698 88400
0.332013 88740
0.332328 89080
0.332643 89420
0.332959 89760
0.333274 90100
0.333589 90440
0.333904 90780
0.334219 91120
0.334535 91460
0.33485 91800
0.335165 92140
0.33548 92480
0.335795 92820
0.336111 93160
0.336426 93500
0.336741 93840
0.337056 94180
0.337371 94520
0.337687 94860
0.338002 95200
0.338317 95540
0.338632 95880
0.338947 96220
0.339263 96560
0.339578 96900
0.339893 97240
0.340208 97580
0.340523 97920
0.340839 98260
0.341154 98600
0.341469 98940
0.341784 99280
0.342099 99620
0.342415 99960
0.34273 100300
0.343045 100640
0.34336 100980
0.343675 101320
0.343991 101660
0.344306 102000
0.344621 102340
0.344936 102680
0.345251 103020
0.345567 103360
0.345882 103700
0.346197 104040
0.346512 104380
0.346827 104720
0.347143 105060
0.347458 105400
0.347773 105740
0.348088 106080
0.348403 106420
0.348719 106760
0.349034 107100
0.349349 107440
0.349664 107780
0.349979 108120
0.350295 108460
0.35061 108800
0.350925 109140
0.35124 109480
0.351555 109820
0.351871 110160
0.352186 110500
0.352501 110840
0.352816 111180
0.353131 111520
0.353447 111860
0.353762 112200
0.354077 112540
0.354392 112880
0.354707 113220
0.355023 113560
0.355338 113900
0.355653 114240
0.355968 114580
0.401232 114920
0.401548 115260
0.401863 115600
0.402178 115940
0.402493 116280
0.402808 116620
0.403124 116960
0.403439 117300
0.403754 117640
0.404069 117980
0.404384 118320
0.4047 118660
0.405015 119000
0.40533 119340
0.405645 119680
0.40596 120020
0.406276 120360
0.406591 120700
0.406906 121040
0.407221 121380
0.407536 121720
0.407852 122060
0.408167 122400
0.408482 122740
0.408797 123080
0.409112 123420
0.409428 123760
0.409743 124100
0.410058 124440
0.410373 124780
0.410688 125120
0.411004 125460
0.411319 125800
0.411634 126140
0.411949 126480
0.412264 126820
0.41258 127160
0.412895 127500
0.41321 127840
0.413525 128180
0.41384 128520
0.414156 128860
0.414471 129200
0.414786 129540
0.415101 129880
0.415416 130220
0.415732 130560
0.416047 130900
0.416362 131240
0.416677 131580
0.416992 131920
0.417308 132260
0.417623 132600
0.417938 132940
0.418253 133280
0.418568 133620
0.418884 133960
0.419199 134300
0.419514 134640
0.419829 134980
0.420144 135320
0.42046 135660
0.420775 136000
0.42109 136340
0.421405 136680
0.42172 137020
0.422036 137360
0.422351 137700
0.422666 138040
0.422981 138380
0.423296 138720
0.423612 139060
0.423927 139400
0.424242 139740
0.424557 140080
0.424872 140420
0.425188 140760
0.425503 141100
0.425818 141440
0.426133 141780
0.426448 142120
0.426764 142460
0.427079 142800
0.427394 143140
0.427709 143480
0.428024 143820
0.42834 144160
0.428655 144500
0.42897 144840
0.429285 145180
0.4296 145520
0.429916 145860
0.430231 146200
0.430546 146540
0.430861 146880
0.431176 147220
0.431492 147560
0.431807 147900
0.432122 148240
0.432437 148580
0.432752 148920
0.433068 149260
0.433383 149600
0.433698 149940
0.434013 150280
0.434328 150620
0.434644 150960
0.434959 151300
0.435274 151640
0.435589 151980
0.435904 152320
0.43622 152660
0.436535 153000
0.43685 153340
0.437165 153680
0.43748 154020
0.437796 154360
0.438111 154700
0.438426 155040
0.438741 155380
0.439056 155720
0.439372 156060
0.439687 156400
0.440002 156740
0.440317 157080
0.440632 157420
0.440948 157760
0.441263 158100
0.441578 158440
0.441893 158780
0.442208 159120
0.442524 159460
0.442839 159800
0.443154 160140
0.443469 160480
0.443784 160820
0.4441 161160
0.444415 161500
0.44473 161840
0.445045 162180
0.44536 162520
0.445676 162860
0.445991 163200
0.446306 163540
0.446621 163880
0.446936 164220
0.447252 164560
0.447567 164900
0.447882 165240
0.448197 165580
0.448512 165920
0.448828 166260
0.449143 166600
0.449458 166940
0.449773 167280
0.450088 167620
0.450404 167960
0.450719 168300
0.451034 168640
0.451349 168980
0.451664 169320
0.45198 169660
0.452295 170000
0.45261 170340
0.452925 170680
0.45324 171020
0.453556 171360
0.453871 171700
0.481484 172040
0.481799 172380
0.482114 172720
0.482429 173060
0.482744 173400
0.48306 173740
0.483375 174080
0.48369 174420
0.484005 174760
0.48432 175100
0.484636 175440
0.484951 175780
0.485266 176120
0.485581 176460
0.485896 176800
0.486212 177140
0.486527 177480
0.486842 177820
0.487157 178160
0.487472 178500
0.487788 178840
0.488103 179180
0.488418 179520
0.488733 179860
0.489048 180200
0.489364 180540
0.489679 180880
0.489994 181220
0.490309 181560
0.490624 181900
0.49094 182240
0.491255 182580
0.49157 182920
0.491885 183260
0.4922 183600
0.492516 183940
0.492831 184280
0.493146 184620
0.493461 184960
0.493776 185300
0.494092 185640
0.494407 185980
0.494722 186320
0.495037 186660
0.495352 187000
0.495668 187340
0.495983 187680
0.496298 188020
0.496613 188360
0.496928 188700
0.497244 189040
0.497559 189380
0.497874 189720
0.498189 190060
0.498504 190400
0.49882 190740
0.499135 191080
0.49945 191420
0.499765 191760
0.50008 192100
0.500396 192440
0.500711 192780
0.501026 193120
0.501341 193460
0.501656 193800
0.501972 194140
0.502287 194480
0.502602 194820
0.502917 195160
0.503232 195500
0.503548 195840
0.503863 196180
0.504178 196520
0.504493 196860
0.504808 197200
0.505124 197540
0.505439 197880
0.505754 198220
0.506069 198560
0.506384 198900
0.5067 199240
0.507015 199580
0.50733 199920
0.507645 200260
0.50796 200600
0.508276 200940
0.508591 201280
0.508906 201620
0.509221 201960
0.509536 202300
0.509852 202640
0.510167 202980
0.510482 203320
0.510797 203660
0.511112 204000
0.511428 204340
0.511743 204680
0.512058 205020
0.512373 205360
0.512688 205700
0.513004 206040
0.513319 206380
0.513634 206720
0.513949 207060
0.514264 207400
0.51458 207740
0.514895 208080
0.51521 208420
0.515525 208760
0.51584 209100
0.516156 209440
0.516471 209780
0.516786 210120
0.517101 210460
0.517416 210800
0.517732 211140
0.518047 211480
0.518362 211820
0.518677 212160
0.518992 212500
0.519308 212840
0.519623 213180
0.519938 213520
0.520253 213860
0.520568 214200
0.520884 214540
0.521199 214880
0.521514 215220
0.521829 215560
0.522144 215900
0.52246 216240
0.522775 216580
0.52309 216920
0.523405 217260
0.52372 217600
0.524036 217940
0.524351 218280
0.524666 218620
0.524981 218960
0.525296 219300
0.525612 219640
0.525927 219980
0.526242 220320
0.526557 220660
0.526872 221000
0.527188 221340
0.527503 221680
0.527818 222020
0.528133 222360
0.528448 222700
0.528764 223040
0.529079 223380
0.529394 223720
0.529709 224060
0.530024 224400
0.53034 224740
0.530655 225080
0.53097 225420
0.531285 225760
0.5316 226100
0.531916 226440
0.532231 226780
0.532546 227120
0.532861 227460
0.533176 227800
0.533492 228140
0.533807 228480
0.534122 228820
0.534437 229160
0.534752 229500
0.535068 229840
0.535383 230180
0.535698 230520
0.536013 230860
0.536328 231200
0.536644 231540
0.536959 231880
0.537274 232220
0.537589 232560
0.537904 232900
0.53822 233240
0.538535 233580
0.53885 233920
0.539165 234260
0.53948 234600
0.539796 234940
0.540111 235280
0.540426 235620
0.540741 235960
0.541056 236300
0.541372 236640
0.541687 236980
0.542002 237320
0.542317 237660
0.542632 238000
0.542948 238340
0.543263 238680
0.543578 239020
0.543893 239360
0.544208 239700
0.544524 240040
0.544839 240380
0.545154 240720
0.545469 241060
0.545784 241400
0.5461 241740
0.546415 242080
0.54673 242420
0.547045 242760
0.54736 243100
0.547676 243440
0.547991 243780
0.548306 244120
0.548621 244460
0.548936 244800
0.549252 245140
0.549567 245480
0.549882 245820
0.550197 246160
0.550512 246500
0.550828 246840
0.551143 247180
0.551458 247520
0.551773 247860
0.552088 248200
0.552404 248540
0.552719 248880
0.553034 249220
0.553349 249560
0.553664 249900
0.55398 250240
0.554295 250580
0.55461 250920
0.554925 251260
0.55524 251600
0.555556 251940
0.555871 252280
0.556186 252620
0.556501 252960
0.556816 253300
0.557132 253640
0.557447 253980
0.557762 254320
0.558077 254660
0.558392 255000
0.558708 255340
0.559023 255680
0.559338 256020
0.559653 256360
0.559968 256700
0.560284 257040
0.560599 257380
0.561735 257720
0.56205 258060
0.562365 258400
0.56268 258740
0.562996 259080
0.563311 259420
0.563626 259760
0.563941 260100
0.564256 260440
0.564572 260780
0.564887 261120
0.565202 261460
0.565517 261800
0.565832 262140
0.566148 262480
0.566463 262820
0.566778 263160
0.567093 263500
0.567408 263840
0.567724 264180
0.568039 264520
0.568354 264860
0.568669 265200
0.568984 265540
0.5693 265880
0.569615 266220
0.56993 266560
0.570245 266900
0.57056 267240
0.570876 267580
0.571191 267920
0.571506 268260
0.571821 268600
0.572136 268940
0.572452 269280
0.572767 269620
0.573082 269960
0.573397 270300
0.573712 270640
0.574028 270980
0.574343 271320
0.574658 271660
0.574973 272000
0.575288 272340
0.575604 272680
0.575919 273020
0.576234 273360
0.576549 273700
0.576864 274040
0.57718 274380
0.577495 274720
0.57781 275060
0.578125 275400
0.57844 275740
0.578756 276080
0.579071 276420
0.579386 276760
0.579701 277100
0.580016 277440
0.580332 277780
0.580647 278120
0.580962 278460
0.581277 278800
0.581592 279140
0.581908 279480
0.582223 279820
0.582538 280160
0.582853 280500
0.583168 280840
0.583484 281180
0.583799 281520
0.584114 281860
0.584429 282200
0.584744 282540
0.58506 282880
0.585375 283220
0.58569 283560
0.586005 283900
0.58632 284240
0.586636 284580
0.586951 284920
0.587266 285260
0.587581 285600
0.587896 285940
0.588212 286280
0.588527 286620
0.588842 286960
0.589157 287300
0.589472 287640
0.589788 287980
0.590103 288320
0.590418 288660
0.590733 289000
0.591048 289340
0.591364 289680
0.591679 290020
0.591994 290360
0.592309 290700
0.592624 291040
0.59294 291380
0.593255 291720
0.59357 292060
0.593885 292400
0.5942 292740
0.594516 293080
0.594831 293420
0.595146 293760
0.595461 294100
0.595776 294440
0.596092 294780
0.596407 295120
0.596722 295460
0.597037 295800
0.597352 296140
0.597668 296480
0.597983 296820
0.598298 297160
0.598613 297500
0.598928 297840
0.599244 298180
0.599559 298520
0.599874 298860
0.600189 299200
0.600504 299540
0.60082 299880
0.601135 300220
0.60145 300560
0.601765 300900
0.60208 301240
0.602396 301580
0.602711 301920
0.603026 302260
0.603341 302600
0.603656 302940
0.603972 303280
0.604287 303620
0.604602 303960
0.604917 304300
0.605232 304640
0.605548 304980
0.605863 305320
0.606178 305660
0.606493 306000
0.606808 306340
0.607124 306680
0.607439 307020
0.607754 307360
0.608069 307700
0.608384 308040
0.6087 308380
0.609015 308720
0.60933 309060
0.609645 309400
0.60996 309740
0.610276 310080
0.610591 310420
0.610906 310760
0.611221 311100
0.611536 311440
0.611852 311780
0.612167 312120
0.612482 312460
0.612797 312800
0.613112 313140
0.613428 313480
0.613743 313820
0.614058 314160
0.614373 314500
0.614688 314840
0.615004 315180
0.615319 315520
0.615634 315860
0.615949 316200
0.616264 316540
0.61658 316880
0.616895 317220
0.61721 317560
0.617525 317900
0.61784 318240
0.618156 318580
0.618471 318920
0.618786 319260
0.619101 319600
0.619416 319940
0.619732 320280
0.620047 320620
0.620362 320960
0.620677 321300
0.620992 321640
0.621308 321980
0.621623 322320
0.621938 322660
0.622253 323000
0.622568 323340
0.622884 323680
0.623199 324020
0.623514 324360
0.623829 324700
0.624144 325040
0.62446 325380
0.624775 325720
0.62509 326060
0.625405 326400
0.62572 326740
0.626036 327080
0.626351 327420
0.626666 327760
0.626981 328100
0.627296 328440
0.627612 328780
0.627927 329120
0.628242 329460
0.628557 329800
0.628872 330140
0.629188 330480
0.629503 330820
0.629818 331160
0.630133 331500
0.630448 331840
0.630764 332180
0.631079 332520
0.631394 332860
0.631709 333200
0.632024 333540
0.63234 333880
0.632655 334220
0.63297 334560
0.633285 334900
0.6336 335240
0.633916 335580
0.634231 335920
0.634546 336260
0.634861 336600
0.635176 336940
0.635492 337280
0.635807 337620
0.636122 337960
0.636437 338300
0.636752 338640
0.637068 338980
0.637383 339320
0.637698 339660
0.638013 340000
0.638328 340340
0.638644 340680
0.638959 341020
0.639274 341360
0.639589 341700
0.639904 342040
0.64022 342380
0.640535 342720
0.64085 343060
0.641165 343400
0.64148 343740
0.641796 344080
0.642111 344420
0.642426 344760
0.642741 345100
0.643056 345440
0.643372 345780
0.643687 346120
0.644002 346460
0.644317 346800
0.644632 347140
0.644948 347480
0.645263 347820
0.645578 348160
0.645893 348500
0.646208 348840
0.646524 349180
0.646839 349520
0.647154 349860
0.647469 350200
0.647784 350540
0.6481 350880
0.648415 351220
0.64873 351560
0.649045 351900
0.64936 352240
0.649676 352580
0.649991 352920
0.650306 353260
0.650621 353600
0.650936 353940
0.651252 354280
0.651567 354620
0.651882 354960
0.652197 355300
0.652512 355640
0.652828 355980
0.653143 356320
0.653458 356660
0.653773 357000
0.654088 357340
0.654404 357680
0.654719 358020
0.655034 358360
0.655349 358700
0.655664 359040
0.65598 359380
0.656295 359720
0.65661 360060
0.656925 360400
0.65724 360740
0.657556 361080
0.657871 361420
0.658186 361760
0.658501 362100
0.658816 362440
0.659132 362780
0.659447 363120
0.659762 363460
0.660077 363800
0.660392 364140
0.660708 364480
0.661023 364820
0.661338 365160
0.661653 365500
0.661968 365840
0.662284 366180
0.662599 366520
0.662914 366860
0.663229 367200
0.663544 367540
0.66386 367880
0.664175 368220
0.66449 368560
0.664805 368900
0.66512 369240
0.665436 369580
0.665751 369920
0.666066 370260
0.666381 370600
0.666696 370940
0.667012 371280
0.667327 371620
0.667642 371960
0.667957 372300
0.668272 372640
0.668588 372980
0.668903 373320
0.669218 373660
0.669533 374000
0.669848 374340
0.670164 374680
0.670479 375020
0.670794 375360
0.671109 375700
0.671424 376040
0.67174 376380
0.672055 376720
0.67237 377060
0.672685 377400
0.673 377740
0.673316 378080
0.673631 378420
0.673946 378760
0.674261 379100
0.674576 379440
0.674892 379780
0.675207 380120
0.675522 380460
0.675837 380800
0.676152 381140
0.676468 381480
0.676783 381820
0.677098 382160
0.677413 382500
0.677728 382840
0.678044 383180
0.678359 383520
0.678674 383860
0.678989 384200
0.679304 384540
0.67962 384880
0.679935 385220
0.68025 385560
0.680565 385900
0.68088 386240
0.681196 386580
0.681511 386920
0.681826 387260
0.682141 387600
0.682456 387940
0.682772 388280
0.683087 388620
0.683402 388960
0.683717 389300
0.684032 389640
0.684348 389980
0.684663 390320
0.684978 390660
0.685293 391000
0.685608 391340
0.685924 391680
0.686239 392020
0.686554 392360
0.686869 392700
0.687184 393040
0.6875 393380
0.687815 393720
0.68813 394060
0.688445 394400
0.68876 394740
0.689076 395080
0.689391 395420
0.689706 395760
0.690021 396100
0.690336 396440
0.690652 396780
0.690967 397120
0.691282 397460
0.691597 397800
0.691912 398140
0.692228 398480
0.692543 398820
0.692858 399160
0.693173 399500
0.693488 399840
0.693804 400180
0.694119 400520
0.694434 400860
0.694749 401200
0.695064 401540
0.69538 401880
0.695695 402220
0.69601 402560
0.696325 402900
0.69664 403240
0.696956 403580
0.697271 403920
0.697586 404260
0.697901 404600
0.698216 404940
0.698532 405280
0.698847 405620
0.699162 405960
0.699477 406300
0.699792 406640
0.700108 406980
0.700423 407320
0.700738 407660
0.701053 408000
0.701368 408340
0.701684 408680
0.701999 409020
0.702314 409360
0.702629 409700
0.702944 410040
0.70326 410380
0.703575 410720
0.70389 411060
0.704205 411400
0.70452 411740
0.704836 412080
0.705151 412420
0.705466 412760
0.705781 413100
0.706096 413440
0.706412 413780
0.706727 414120
0.707042 414460
0.707357 414800
0.707672 415140
0.707988 415480
0.708303 415820
0.708618 416160
0.708933 416500
0.709248 416840
0.709564 417180
0.709879 417520
0.710194 417860
0.710509 418200
0.710824 418540
0.71114 418880
0.711455 419220
0.71177 419560
0.712085 419900
0.7124 420240
0.712716 420580
0.713031 420920
0.713346 421260
0.713661 421600
0.713976 421940
0.714292 422280
0.714607 422620
0.714922 422960
0.715237 423300
0.715552 423640
0.715868 423980
0.716183 424320
0.716498 424660
0.716813 425000
0.717128 425340
0.717444 425680
0.717759 426020
0.718074 426360
0.718389 426700
0.718704 427040
0.71902 427380
0.719335 427720
0.71965 428060
0.719965 428400
0.72028 428740
0.720596 429080
0.720911 429420
0.721226 429760
0.721541 430100
0.721856 430440
0.722172 430780
0.722487 431120
0.722802 431460
0.723117 431800
0.723432 432140
0.723748 432480
0.724063 432820
0.724378 433160
0.724693 433500
0.725008 433840
0.725324 434180
0.725639 434520
0.725954 434860
0.726269 435200
0.726584 435540
0.7269 435880
0.727215 436220
0.72753 436560
0.727845 436900
0.72816 437240
0.728476 437580
0.728791 437920
0.729106 438260
0.729421 438600
0.729736 438940
0.730052 439280
0.730367 439620
0.730682 439960
0.730997 440300
0.731312 440640
0.731628 440980
0.731943 441320
0.732258 441660
0.732573 442000
0.732888 442340
0.733204 442680
0.733519 443020
0.733834 443360
0.734149 443700
0.734464 444040
0.73478 444380
0.735095 444720
0.73541 445060
0.735725 445400
0.73604 445740
0.736356 446080
0.736671 446420
0.736986 446760
0.737301 447100
0.737616 447440
0.737932 447780
0.738247 448120
0.738562 448460
0.738877 448800
0.739192 449140
0.739508 449480
0.739823 449820
0.740138 450160
0.740453 450500
0.740768 450840
0.741084 451180
0.741399 451520
0.741714 451860
0.742029 452200
0.742344 452540
0.74266 452880
0.742975 453220
0.74329 453560
0.743605 453900
0.74392 454240
0.744236 454580
0.744551 454920
0.744866 455260
0.745181 455600
0.745496 455940
0.745812 456280
0.746127 456620
0.746442 456960
0.746757 457300
0.747072 457640
0.747388 457980
0.747703 458320
0.748018 458660
0.748333 459000
0.748648 459340
0.748964 459680
0.749279 460020
0.749594 460360
0.749909 460700
0.750224 461040
0.75054 461380
0.750855 461720
0.75117 462060
0.751485 462400
0.7518 462740
0.752116 463080
0.752431 463420
0.752746 463760
0.753061 464100
0.753376 464440
0.753692 464780
0.754007 465120
0.754322 465460
0.754637 465800
0.754952 466140
0.755268 466480
0.755583 466820
0.755898 467160
0.756213 467500
0.756528 467840
0.756844 468180
0.757159 468520
0.757474 468860
0.757789 469200
0.758104 469540
0.75842 469880
0.758735 470220
0.75905 470560
0.759365 470900
0.75968 471240
0.759996 471580
0.760311 471920
0.760626 472260
0.760941 472600
0.761256 472940
0.761572 473280
0.761887 473620
0.762202 473960
0.762517 474300
0.762832 474640
0.763148 474980
0.763463 475320
0.763778 475660
0.764093 476000
0.764408 476340
0.764724 476680
0.765039 477020
0.765354 477360
0.765669 477700
0.765984 478040
0.7663 478380
0.766615 478720
0.76693 479060
0.767245 479400
0.76756 479740
0.767876 480080
0.768191 480420
0.768506 480760
0.768821 481100
0.769136 481440
0.769452 481780
0.769767 482120
0.770082 482460
0.770397 482800
0.770712 483140
0.771028 483480
0.771343 483820
0.771658 484160
0.771973 484500
0.772288 484840
0.772604 485180
0.772919 485520
0.773234 485860
0.773549 486200
0.773864 486540
0.77418 486880
0.774495 487220
0.77481 487560
0.775125 487900
0.77544 488240
0.775756 488580
0.776071 488920
0.776386 489260
0.776701 489600
0.777016 489940
0.777332 490280
0.777647 490620
0.777962 490960
0.778277 491300
0.778592 491640
0.778908 491980
0.779223 492320
0.779538 492660
0.779853 493000
0.780168 493340
0.780484 493680
0.780799 494020
0.781114 494360
0.781429 494700
0.781744 495040
0.78206 495380
0.782375 495720
0.78269 496060
0.783005 496400
0.78332 496740
0.783636 497080
0.783951 497420
0.784266 497760
0.784581 498100
0.784896 498440
0.785212 498780
0.785527 499120
0.785842 499460
0.786157 499800
0.786472 500140
0.786788 500480
0.787103 500820
0.787418 501160
0.787733 501500
0.788048 501840
0.788364 502180
0.788679 502520
0.788994 502860
0.789309 503200
0.789624 503540
0.78994 503880
0.790255 504220
0.79057 504560
0.790885 504900
0.7912 505240
0.791516 505580
0.791831 505920
0.792146 506260
0.792461 506600
0.792776 506940
0.793092 507280
0.793407 507620
0.793722 507960
0.794037 508300
0.794352 508640
0.794668 508980
0.794983 509320
0.795298 509660
0.795613 510000
0.795928 510340
0.796244 510680
0.796559 511020
0.796874 511360
0.797189 511700
0.797504 512040
0.79782 512380
0.798135 512720
0.79845 513060
0.798765 513400
0.79908 513740
0.799396 514080
0.799711 514420
0.800026 514760
0.800341 515100
0.800656 515440
0.800972 515780
0.801287 516120
0.801602 516460
0.801917 516800
0.802232 517140
0.802548 517480
0.802863 517820
0.803178 518160
0.803493 518500
0.803808 518840
0.804124 519180
0.804439 519520
0.804754 519860
0.805069 520200
0.805384 520540
0.8057 520880
0.806015 521220
0.80633 521560
0.806645 521900
0.80696 522240
0.807276 522580
0.807591 522920
0.807906 523260
0.808221 523600
0.808536 523940
0.808852 524280
0.809167 524620
0.809482 524960
0.809797 525300
0.810112 525640
0.810428 525980
0.810743 526320
0.811058 526660
0.811373 527000
0.811688 527340
0.812004 527680
0.812319 528020
0.812634 528360
0.812949 528700
0.813264 529040
0.81358 529380
0.813895 529720
0.81421 530060
0.814525 530400
0.81484 530740
0.815156 531080
0.815471 531420
0.815786 531760
0.816101 532100
0.816416 532440
0.816732 532780
0.817047 533120
0.817362 533460
0.817677 533800
0.817992 534140
0.818308 534480
0.818623 534820
0.818938 535160
0.819253 535500
0.819568 535840
0.819884 536180
0.820199 536520
0.820514 536860
0.820829 537200
0.821144 537540
0.82146 537880
0.821775 538220
0.82209 538560
0.822405 538900
0.82272 539240
0.823036 539580
0.823351 539920
0.823666 540260
0.823981 540600
0.824296 540940
0.824612 541280
0.824927 541620
0.825242 541960
0.825557 542300
0.825872 542640
0.826188 542980
0.826503 543320
0.826818 543660
0.827133 544000
0.827448 544340
0.827764 544680
0.828079 545020
0.828394 545360
0.828709 545700
0.829024 546040
0.82934 546380
0.829655 546720
0.82997 547060
0.830285 547400
0.8306 547740
0.830916 548080
0.831231 548420
0.831546 548760
0.831861 549100
0.832176 549440
0.832492 549780
0.832807 550120
0.833122 550460
0.833437 550800
0.833752 551140
0.834068 551480
0.834383 551820
0.834698 552160
0.835013 552500
0.835328 552840
0.835644 553180
0.835959 553520
0.836274 553860
0.836589 554200
0.836904 554540
0.83722 554880
0.837535 555220
0.83785 555560
0.838165 555900
0.83848 556240
0.838796 556580
0.839111 556920
0.839426 557260
0.839741 557600
0.840056 557940
0.840372 558280
0.840687 558620
0.841002 558960
0.841317 559300
0.841632 559640
0.841948 559980
0.842263 560320
0.842578 560660
0.842893 561000
0.843208 561340
0.843524 561680
0.843839 562020
0.844154 562360
0.844469 562700
0.844784 563040
0.8451 563380
0.845415 563720
0.84573 564060
0.846045 564400
0.84636 564740
0.846676 565080
0.846991 565420
0.847306 565760
0.847626 566100
0.848103 373660
1.24336 140420
1.72511 140760
1.80567 141100
1.8864 141440
1.96696 141780
2.0417 142120
2.048 142460
2.05462 142800
2.06124 143140
2.06786 143480
2.07479 143820
2.08141 144160
2.08803 144500
2.09673 144840
2.10997 145180
2.1229 145520
2.12951 145860
2.13645 146200
2.14307 146540
2.15 146880
2.15662 147220
2.16356 147560
2.17049 147900
2.1784 148240
2.19211 148580
2.20441 148920
2.21166 149260
2.21891 149600
2.22616 149940
2.23341 150280
2.24066 150620
2.24822 150960
2.25547 151300
2.26638 151640
2.28119 151980
2.28907 152320
2.29664 152660
2.3042 153000
2.31145 153340
2.31902 153680
2.32658 154020
2.33414 154360
2.34171 154700
2.35593 155040
2.3668 155380
2.37437 155720
2.38193 156060
2.3895 156400
2.39706 156740
2.40462 157080
2.4125 157420
2.42007 157760
2.43019 158100
2.44406 158440
2.45162 158780
2.4595 159120
2.46738 159460
2.47495 159800
2.48283 160140
2.49071 160480
2.49859 160820
2.50647 161160
2.51974 161500
2.52935 161840
2.53723 162180
2.54511 162520
2.55299 162860
2.56087 163200
2.56875 163540
2.57695 163880
2.58483 164220
2.59384 164560
2.60645 164900
2.61433 165240
2.62253 165580
2.63072 165920
2.6386 166260
2.6468 166600
2.65499 166940
2.66319 167280
2.67138 167620
2.68339 167960
2.6919 168300
2.7001 168640
2.70829 168980
2.71649 169320
2.72468 169660
2.73288 170000
2.74139 170340
2.74959 170680
2.75778 171020
2.76885 171360
2.77704 171700
2.78555 172040
2.79406 172380
2.80226 172720
2.81077 173060
2.81928 173400
2.82779 173740
2.8363 174080
2.84594 174420
2.85445 174760
2.86297 175100
2.87148 175440
2.87999 175780
2.8885 176120
2.89701 176460
2.90583 176800
2.91434 177140
2.92285 177480
2.93168 177820
2.94019 178160
2.94901 178500
2.95784 178840
2.96635 179180
2.97518 179520
2.984 179860
2.99283 180200
3.00165 180540
3.01048 180880
3.0193 181220
3.02813 181560
3.03696 181900
3.04578 182240
3.05461 182580
3.06343 182920
3.07257 183260
3.0814 183600
3.09117 183940
3.10315 184280
3.11544 184620
3.12773 184960
3.14003 185300
3.152 185640
3.1643 185980
3.1788 186320
3.19802 186660
3.21725 187000
3.23648 187340
3.2557 187680
3.27682 188020
3.29889 188360
3.32064 188700
3.34238 189040
3.36697 189380
3.39219 189720
3.41709 190060
3.44388 190400
3.47319 190740
3.50282 191080
3.53213 191420
3.56176 191760
3.59139 192100
3.62354 192440
3.65916 192780
3.69478 193120
3.73071 193460
3.76664 193800
3.80258 194140
3.83851 194480
3.87444 194820
3.91069 195160
3.94694 195500
3.98697 195840
4.03236 196180
4.07806 196520
4.12345 196860
4.16915 197200
4.21486 197540
4.26056 197880
4.30658 198220
4.35229 198560
4.3983 198900
4.44464 199240
4.49066 199580
4.53699 199920
4.58333 200260
4.62966 200600
4.67631 200940
4.72265 201280
4.76929 201620
4.82382 201960
4.88623 202300
4.94896 202640
5.01137 202980
5.07409 203320
5.13713 203660
5.19986 204000
5.2629 204340
5.32625 204680
5.38929 205020
5.45265 205360
5.51632 205700
5.57967 206040
5.64334 206380
5.70733 206720
5.771 207060
5.83499 207400
5.89929 207740
5.96327 208080
6.02757 208420
6.09219 208760
6.15649 209100
6.22111 209440
6.28604 209780
6.35065 210120
6.41558 210460
6.48083 210800
6.54576 211140
6.61101 211480
6.67657 211820
6.74182 212160
6.81148 212500
6.91013 212840
7.00879 213180
7.10745 213520
7.20642 213860
7.30571 214200
7.405 214540
7.50429 214880
7.60389 215220
7.70381 215560
7.80373 215900
7.90364 216240
8.00388 216580
8.10443 216920
8.20497 217260
8.30552 217600
8.40639 217940
8.50757 218280
8.60875 218620
8.70993 218960
8.81142 219300
8.91323 219640
9.01504 219980
9.11685 220320
9.21897 220660
9.32141 221000
9.42385 221340
9.52629 221680
9.62905 222020
9.73212 222360
9.83519 222700
9.93826 223040
10.0416 223380
10.1453 223720
10.249 224060
10.3527 224400
10.4568 224740
10.5611 225080
10.6654 225420
10.7698 225760
10.8744 226100
10.9794 226440
11.0843 226780
11.1893 227120
11.2946 227460
11.4002 227800
11.5057 228140
11.6113 228480
11.7172 228820
11.8235 229160
11.9297 229500
12.0359 229840
12.1425 230180
12.2493 230520
12.3562 230860
12.463 231200
12.6045 231540
12.8192 231880
13.0342 232220
13.2494 232560
13.465 232900
13.6809 233240
13.8972 233580
14.1137 233920
14.3306 234260
14.5477 234600
14.7652 234940
14.983 235280
15.2012 235620
15.4196 235960
15.6383 236300
15.8574 236640
16.0768 236980
16.2965 237320
16.5165 237660
16.7368 238000
16.9574 238340
17.1784 238680
17.3997 239020
17.6213 239360
17.8432 239700
18.0654 240040
18.2879 240380
18.5108 240720
18.7339 241060
18.9574 241400
19.1812 241740
19.4053 242080
19.6297 242420
19.8545 242760
20.0795 243100
20.3049 243440
20.5306 243780
20.7566 244120
20.9829 244460
21.2095 244800
21.4364 245140
21.6637 245480
21.8913 245820
22.1192 246160
22.3474 246500
22.5759 246840
22.8047 247180
23.0339 247520
23.2633 247860
23.4931 248200
23.7232 248540
23.9536 248880
24.1844 249220
24.4154 249560
24.6468 249900
24.8784 250240
25.1104 250580
25.3427 250920
25.5753 251260
25.8083 251600
26.0415 251940
26.2751 252280
26.509 252620
26.7431 252960
26.9777 253300
27.2125 253640
27.4476 253980
27.6831 254320
27.9188 254660
28.1549 255000
28.3913 255340
28.628 255680
28.8651 256020
29.1024 256360
29.3401 256700
29.5781 257040
29.8163 257380
30.055 257720
30.2939 258060
30.5331 258400
30.7727 258740
31.0125 259080
31.2527 259420
31.4932 259760
31.734 260100
31.9752 260440
32.2166 260780
32.4584 261120
32.7004 261460
32.9428 261800
33.1855 262140
33.4285 262480
33.6719 262820
33.9155 263160
34.1595 263500
34.4038 263840
34.6484 264180
34.8933 264520
35.1385 264860
35.384 265200
35.6299 265540
35.8761 265880
36.1226 266220
36.3694 266560
36.6165 266900
36.8639 267240
37.1117 267580
37.3597 267920
37.6081 268260
37.8568 268600
38.1058 268940
38.3551 269280
38.6048 269620
38.8547 269960
39.105 270300
39.3556 270640
39.6065 270980
39.8577 271320
40.1092 271660
40.361 272000
40.6132 272340
40.8657 272680
41.1185 273020
41.3716 273360
41.625 273700
41.8787 274040
42.1328 274380
42.3872 274720
42.6418 275060
42.8968 275400
43.1521 275740
43.4078 276080
43.6637 276420
43.92 276760
44.1765 277100
44.4334 277440
44.6906 277780
44.9482 278120
45.206 278460
45.4641 278800
45.7226 279140
45.9814 279480
46.2405 279820
46.4999 280160
46.7596 280500
47.0196 280840
47.28 281180
47.5407 281520
47.8017 281860
48.063 282200
48.3246 282540
48.5865 282880
48.8488 283220
49.1113 283560
49.3742 283900
49.6374 284240
49.9009 284580
50.1647 284920
50.4289 285260
50.6933 285600
50.9581 285940
51.2232 286280
51.4886 286620
51.7543 286960
52.0203 287300
52.2866 287640
52.5533 287980
52.8203 288320
53.0876 288660
53.3552 289000
53.6231 289340
53.8913 289680
54.1599 290020
54.4287 290360
54.6979 290700
54.9674 291040
55.2372 291380
55.5074 291720
55.7778 292060
56.0486 292400
56.3196 292740
56.591 293080
56.8627 293420
