0.001 0
0.101 0
0.201 1.39383e+06
0.301 3.41581e+06
0.401 4.65995e+06
0.501 4.90251e+06
0.601 5.06889e+06
0.701 5.62237e+06
0.801 6.02407e+06
0.901 6.0166e+06
1.001 6.01606e+06
1.101 6.26514e+06
1.201 6.52256e+06
1.301 6.48744e+06
1.401 6.46121e+06
1.501 6.60157e+06
1.601 6.78386e+06
1.701 6.76882e+06
1.801 6.73883e+06
1.901 6.82504e+06
2.001 6.96652e+06
2.101 6.97154e+06
2.201 6.94274e+06
2.301 6.99682e+06
2.401 7.11097e+06
2.501 7.12899e+06
2.601 7.1017e+06
2.701 7.13383e+06
2.801 7.23067e+06
2.901 7.2599e+06
3.001 7.23641e+06
3.101 7.2548e+06
3.201 7.33916e+06
3.301 7.37721e+06
3.401 7.35544e+06
3.501 7.3621e+06
3.601 7.43713e+06
3.701 7.48165e+06
3.801 7.46157e+06
3.901 7.45995e+06
4.001 7.52776e+06
4.101 7.57899e+06
4.201 7.56174e+06
4.301 7.55352e+06
4.401 7.61551e+06
4.501 7.67111e+06
4.601 7.65514e+06
4.701 7.641e+06
4.801 7.6977e+06
4.901 7.75319e+06
5.001 7.74229e+06
5.101 7.72862e+06
5.201 7.77509e+06
5.301 7.82596e+06
5.401 7.82308e+06
5.501 7.80993e+06
5.601 7.84726e+06
5.701 7.89425e+06
5.801 7.89836e+06
5.901 7.8862e+06
6.001 7.91524e+06
6.101 7.95938e+06
6.201 7.96963e+06
6.301 7.95797e+06
6.401 7.97983e+06
6.501 8.02109e+06
6.601 8.03515e+06
6.701 8.02321e+06
6.801 8.03922e+06
6.901 8.07723e+06
7.001 8.09279e+06
7.101 8.08071e+06
7.201 8.09239e+06
7.301 8.12722e+06
7.401 8.1442e+06
7.501 8.13208e+06
7.601 8.1396e+06
7.701 8.17201e+06
7.801 8.19033e+06
7.901 8.17825e+06
8.001 8.1821e+06
8.101 8.21238e+06
8.201 8.23197e+06
8.301 8.21996e+06
8.401 8.22055e+06
8.501 8.24895e+06
8.601 8.26974e+06
8.701 8.25785e+06
8.801 8.2555e+06
8.901 8.28223e+06
9.001 8.30414e+06
9.101 8.2924e+06
9.201 8.28741e+06
9.301 8.31265e+06
9.401 8.33562e+06
9.501 8.32404e+06
9.601 8.31667e+06
9.701 8.34057e+06
9.801 8.36398e+06
9.901 8.35313e+06
10.001 8.34358e+06
10.101 8.36627e+06
10.201 8.38851e+06
10.301 8.37996e+06
10.401 8.36895e+06
10.501 8.39001e+06
10.601 8.41119e+06
10.701 8.40478e+06
10.801 8.39395e+06
10.901 8.41201e+06
11.001 8.43222e+06
11.101 8.42781e+06
11.201 8.41716e+06
11.301 8.43246e+06
11.401 8.45178e+06
11.501 8.44924e+06
11.601 8.43878e+06
11.701 8.4515e+06
11.801 8.47001e+06
11.901 8.46923e+06
12.001 8.45895e+06
12.101 8.46929e+06
12.201 8.48704e+06
12.301 8.48792e+06
12.401 8.47782e+06
12.501 8.48594e+06
12.601 8.503e+06
12.701 8.50543e+06
12.801 8.49551e+06
12.901 8.50155e+06
13.001 8.51818e+06
13.101 8.52188e+06
13.201 8.51213e+06
13.301 8.51623e+06
13.401 8.53225e+06
13.501 8.53735e+06
13.601 8.52777e+06
13.701 8.53005e+06
13.801 8.5455e+06
13.901 8.55193e+06
14.001 8.54252e+06
14.101 8.54309e+06
14.201 8.55801e+06
14.301 8.56569e+06
14.401 8.55645e+06
14.501 8.5554e+06
14.601 8.56983e+06
14.701 8.5787e+06
14.801 8.56963e+06
14.901 8.56706e+06
15.001 8.58103e+06
15.101 8.59103e+06
15.201 8.58211e+06
15.301 8.57811e+06
15.401 8.59164e+06
15.501 8.60272e+06
15.601 8.59395e+06
15.701 8.58859e+06
15.801 8.60171e+06
15.901 8.61382e+06
16.001 8.6052e+06
16.101 8.59855e+06
16.201 8.61129e+06
16.301 8.62371e+06
16.401 8.6159e+06
16.501 8.60803e+06
16.601 8.62041e+06
16.701 8.63247e+06
16.801 8.6261e+06
16.901 8.61787e+06
17.001 8.62909e+06
17.101 8.64082e+06
17.201 8.63581e+06
17.301 8.62772e+06
17.401 8.63738e+06
17.501 8.64879e+06
17.601 8.64509e+06
17.701 8.63713e+06
17.801 8.64529e+06
17.901 8.65641e+06
18.001 8.65395e+06
18.101 8.64612e+06
18.201 8.65286e+06
18.301 8.66369e+06
18.401 8.66243e+06
18.501 8.65472e+06
18.601 8.6601e+06
18.701 8.67066e+06
18.801 8.67055e+06
18.901 8.66296e+06
19.001 8.66704e+06
19.101 8.67734e+06
19.201 8.67833e+06
19.301 8.67085e+06
19.401 8.67369e+06
19.501 8.68375e+06
19.601 8.68579e+06
19.701 8.67843e+06
19.801 8.68007e+06
19.901 8.68989e+06
20.001 8.69296e+06
20.101 8.68571e+06
20.201 8.6862e+06
20.301 8.6958e+06
20.401 8.69984e+06
20.501 8.6927e+06
20.601 8.69209e+06
20.701 8.70148e+06
20.801 8.70646e+06
20.901 8.69942e+06
21.001 8.69776e+06
21.101 8.70694e+06
21.201 8.71283e+06
21.301 8.70589e+06
21.401 8.70321e+06
21.501 8.7122e+06
21.601 8.71896e+06
21.701 8.71212e+06
21.801 8.70847e+06
21.901 8.71726e+06
22.001 8.72487e+06
22.101 8.71813e+06
22.201 8.71353e+06
22.301 8.72215e+06
22.401 8.73057e+06
22.501 8.72392e+06
22.601 8.71842e+06
22.701 8.72698e+06
22.801 8.73535e+06
22.901 8.72951e+06
23.001 8.72313e+06
23.101 8.73153e+06
23.201 8.73973e+06
23.301 8.73491e+06
23.401 8.7285e+06
23.501 8.73592e+06
23.601 8.74397e+06
23.701 8.74013e+06
23.801 8.7338e+06
23.901 8.74017e+06
24.001 8.74806e+06
24.101 8.74517e+06
24.201 8.73893e+06
24.301 8.74427e+06
24.401 8.75202e+06
24.501 8.75005e+06
24.601 8.74389e+06
24.701 8.74825e+06
24.801 8.75585e+06
24.901 8.75477e+06
25.001 8.74869e+06
25.101 8.75209e+06
25.201 8.75956e+06
25.301 8.75934e+06
25.401 8.75334e+06
25.501 8.75582e+06
25.601 8.76316e+06
25.701 8.76377e+06
25.801 8.75785e+06
25.901 8.75943e+06
26.001 8.76664e+06
26.101 8.76807e+06
26.201 8.76222e+06
26.301 8.76293e+06
26.401 8.77002e+06
26.501 8.77223e+06
26.601 8.76646e+06
26.701 8.76632e+06
26.801 8.7733e+06
26.901 8.77627e+06
27.001 8.77057e+06
27.101 8.76962e+06
27.201 8.77648e+06
27.301 8.7802e+06
27.401 8.77456e+06
27.501 8.77282e+06
27.601 8.77957e+06
27.701 8.78401e+06
27.801 8.77844e+06
27.901 8.77593e+06
28.001 8.78257e+06
28.101 8.78771e+06
28.201 8.7822e+06
28.301 8.77895e+06
28.401 8.78548e+06
28.501 8.7913e+06
28.601 8.78586e+06
28.701 8.78188e+06
28.801 8.78832e+06
28.901 8.7948e+06
29.001 8.78942e+06
29.101 8.78474e+06
29.201 8.79107e+06
29.301 8.79746e+06
29.401 8.79289e+06
29.501 8.78761e+06
29.601 8.79376e+06
29.701 8.80005e+06
29.801 8.79626e+06
29.901 8.79104e+06
30.001 8.79637e+06
30.101 8.80257e+06
30.201 8.79954e+06
30.301 8.79438e+06
30.401 8.79891e+06
30.501 8.80502e+06
30.601 8.80273e+06
30.701 8.79763e+06
30.801 8.80139e+06
30.901 8.80741e+06
31.001 8.80585e+06
31.101 8.8008e+06
31.201 8.8038e+06
31.301 8.80974e+06
31.401 8.80888e+06
31.501 8.80389e+06
31.601 8.80615e+06
31.701 8.81201e+06
31.801 8.81184e+06
31.901 8.8069e+06
32.001 8.80844e+06
32.101 8.81422e+06
32.201 8.81472e+06
32.301 8.80983e+06
32.401 8.81068e+06
32.501 8.81638e+06
32.601 8.81754e+06
32.701 8.8127e+06
32.801 8.81295e+06
32.901 8.81848e+06
33.001 8.82028e+06
33.101 8.81549e+06
33.201 8.81507e+06
33.301 8.82054e+06
33.401 8.82296e+06
33.501 8.81822e+06
33.601 8.81715e+06
33.701 8.82255e+06
33.801 8.82558e+06
33.901 8.82088e+06
34.001 8.81918e+06
34.101 8.82451e+06
34.201 8.82813e+06
34.301 8.82349e+06
34.401 8.82116e+06
34.501 8.82642e+06
34.601 8.83063e+06
34.701 8.82603e+06
34.801 8.8231e+06
34.901 8.82829e+06
35.001 8.83306e+06
35.101 8.82851e+06
35.201 8.82499e+06
35.301 8.83012e+06
35.401 8.83522e+06
35.501 8.83094e+06
35.601 8.82684e+06
35.701 8.8319e+06
35.801 8.83694e+06
35.901 8.83331e+06
36.001 8.82887e+06
36.101 8.83365e+06
36.201 8.83863e+06
36.301 8.83564e+06
36.401 8.83124e+06
36.501 8.83536e+06
36.601 8.84028e+06
36.701 8.83791e+06
36.801 8.83355e+06
36.901 8.83703e+06
37.001 8.84189e+06
37.101 8.84013e+06
37.201 8.83581e+06
37.301 8.83867e+06
37.401 8.84347e+06
37.501 8.8423e+06
37.601 8.83803e+06
37.701 8.84027e+06
37.801 8.84502e+06
37.901 8.84443e+06
38.001 8.8402e+06
38.101 8.84184e+06
38.201 8.8466e+06
38.301 8.84652e+06
38.401 8.84232e+06
38.501 8.84337e+06
38.601 8.84809e+06
38.701 8.84856e+06
38.801 8.8444e+06
38.901 8.84488e+06
39.001 8.84954e+06
39.101 8.85056e+06
39.201 8.84644e+06
39.301 8.84635e+06
39.401 8.85096e+06
39.501 8.85252e+06
39.601 8.84843e+06
39.701 8.84779e+06
39.801 8.85235e+06
39.901 8.85443e+06
40.001 8.85039e+06
40.101 8.84921e+06
40.201 8.85372e+06
40.301 8.85632e+06
40.401 8.8523e+06
40.501 8.85059e+06
40.601 8.85506e+06
40.701 8.85816e+06
40.801 8.85418e+06
40.901 8.85195e+06
41.001 8.85637e+06
41.101 8.85997e+06
41.201 8.85603e+06
41.301 8.85329e+06
41.401 8.85766e+06
41.501 8.86174e+06
41.601 8.85783e+06
41.701 8.85459e+06
41.801 8.85892e+06
41.901 8.86316e+06
42.001 8.85961e+06
42.101 8.85588e+06
42.201 8.86016e+06
42.301 8.86435e+06
42.401 8.86135e+06
42.501 8.85752e+06
42.601 8.86137e+06
42.701 8.86553e+06
42.801 8.86305e+06
42.901 8.85926e+06
43.001 8.86257e+06
43.101 8.86668e+06
43.201 8.86473e+06
43.301 8.86096e+06
43.401 8.86374e+06
43.501 8.86781e+06
43.601 8.86637e+06
43.701 8.86264e+06
43.801 8.86489e+06
43.901 8.86892e+06
44.001 8.86799e+06
44.101 8.86429e+06
44.201 8.86601e+06
44.301 8.87001e+06
44.401 8.86957e+06
44.501 8.8659e+06
44.601 8.86712e+06
44.701 8.87108e+06
44.801 8.87113e+06
44.901 8.86749e+06
45.001 8.86821e+06
45.101 8.87213e+06
45.201 8.87266e+06
45.301 8.86905e+06
45.401 8.86928e+06
45.501 8.87316e+06
45.601 8.87416e+06
45.701 8.87058e+06
45.801 8.87033e+06
45.901 8.87418e+06
46.001 8.87564e+06
46.101 8.87208e+06
46.201 8.87136e+06
46.301 8.87517e+06
46.401 8.87709e+06
46.501 8.87356e+06
46.601 8.87238e+06
46.701 8.87615e+06
46.801 8.87852e+06
46.901 8.87501e+06
47.001 8.87338e+06
47.101 8.87712e+06
47.201 8.87992e+06
47.301 8.87644e+06
47.401 8.87436e+06
47.501 8.87806e+06
47.601 8.8813e+06
47.701 8.87785e+06
47.801 8.87532e+06
47.901 8.879e+06
48.001 8.88265e+06
48.101 8.87923e+06
48.201 8.87627e+06
48.301 8.87997e+06
48.401 8.88359e+06
48.501 8.88059e+06
48.601 8.8772e+06
48.701 8.88087e+06
48.801 8.88446e+06
48.901 8.88193e+06
49.001 8.87856e+06
49.101 8.88175e+06
49.201 8.88532e+06
49.301 8.88324e+06
49.401 8.8799e+06
49.501 8.88263e+06
49.601 8.88616e+06
49.701 8.88453e+06
49.801 8.88122e+06
49.901 8.88348e+06
50.001 8.88699e+06
50.101 8.88581e+06
50.201 8.88252e+06
50.301 8.88433e+06
50.401 8.8878e+06
50.501 8.88706e+06
50.601 8.8838e+06
50.701 8.88516e+06
50.801 8.8886e+06
50.901 8.88829e+06
51.001 8.88505e+06
51.101 8.88598e+06
51.201 8.88939e+06
51.301 8.88951e+06
51.401 8.88629e+06
51.501 8.88678e+06
51.601 8.89017e+06
51.701 8.8907e+06
51.801 8.88751e+06
51.901 8.88757e+06
52.001 8.89093e+06
52.101 8.89188e+06
52.201 8.88871e+06
52.301 8.88835e+06
52.401 8.89169e+06
52.501 8.89304e+06
52.601 8.88989e+06
52.701 8.88912e+06
52.801 8.89243e+06
52.901 8.89418e+06
53.001 8.89105e+06
53.101 8.88988e+06
53.201 8.89316e+06
53.301 8.8953e+06
53.401 8.8922e+06
53.501 8.89062e+06
53.601 8.89388e+06
53.701 8.89641e+06
53.801 8.89332e+06
53.901 8.89136e+06
54.001 8.89459e+06
54.101 8.8975e+06
54.201 8.89444e+06
54.301 8.89208e+06
54.401 8.89529e+06
54.501 8.89853e+06
54.601 8.89553e+06
54.701 8.8928e+06
54.801 8.89597e+06
54.901 8.89919e+06
55.001 8.89661e+06
55.101 8.8936e+06
55.201 8.89665e+06
55.301 8.89985e+06
55.401 8.89768e+06
55.501 8.89468e+06
55.601 8.89732e+06
55.701 8.90049e+06
55.801 8.89873e+06
55.901 8.89575e+06
56.001 8.89798e+06
56.101 8.90113e+06
56.201 8.89976e+06
56.301 8.8968e+06
56.401 8.89863e+06
56.501 8.90175e+06
56.601 8.90078e+06
56.701 8.89784e+06
56.801 8.89927e+06
56.901 8.90237e+06
57.001 8.90178e+06
57.101 8.89886e+06
57.201 8.8999e+06
57.301 8.90298e+06
57.401 8.90277e+06
57.501 8.89987e+06
57.601 8.90053e+06
57.701 8.90358e+06
57.801 8.90375e+06
57.901 8.90087e+06
58.001 8.90119e+06
58.101 8.90417e+06
58.201 8.90472e+06
58.301 8.90185e+06
58.401 8.90179e+06
58.501 8.90476e+06
58.601 8.90567e+06
58.701 8.90282e+06
58.801 8.90239e+06
58.901 8.90533e+06
59.001 8.9066e+06
59.101 8.90378e+06
59.201 8.90298e+06
59.301 8.9059e+06
59.401 8.90753e+06
59.501 8.90472e+06
59.601 8.90356e+06
59.701 8.90646e+06
59.801 8.90844e+06
59.901 8.90565e+06
60.001 8.90413e+06
60.101 8.90701e+06
60.201 8.90934e+06
60.301 8.90657e+06
60.401 8.9047e+06
60.501 8.90756e+06
60.601 8.91023e+06
60.701 8.90747e+06
60.801 8.90526e+06
60.901 8.9081e+06
61.001 8.91093e+06
61.101 8.90837e+06
61.201 8.90581e+06
61.301 8.90863e+06
61.401 8.91144e+06
61.501 8.90925e+06
61.601 8.90653e+06
61.701 8.90916e+06
61.801 8.91195e+06
61.901 8.91012e+06
62.001 8.90742e+06
62.101 8.90967e+06
62.201 8.91245e+06
62.301 8.91098e+06
62.401 8.90829e+06
62.501 8.91019e+06
62.601 8.91294e+06
62.701 8.91183e+06
62.801 8.90916e+06
62.901 8.91069e+06
63.001 8.91343e+06
63.101 8.91267e+06
63.201 8.91001e+06
63.301 8.91119e+06
63.401 8.91391e+06
63.501 8.91349e+06
63.601 8.91085e+06
63.701 8.91168e+06
63.801 8.91443e+06
63.901 8.91431e+06
64.001 8.91169e+06
64.101 8.91217e+06
64.201 8.91489e+06
64.301 8.91512e+06
64.401 8.91251e+06
64.501 8.91265e+06
64.601 8.91536e+06
64.701 8.91591e+06
64.801 8.91332e+06
64.901 8.91312e+06
65.001 8.91581e+06
65.101 8.9167e+06
65.201 8.91412e+06
65.301 8.91359e+06
65.401 8.91626e+06
65.501 8.91748e+06
65.601 8.91491e+06
65.701 8.91405e+06
65.801 8.91671e+06
65.901 8.91825e+06
66.001 8.9157e+06
66.101 8.91451e+06
66.201 8.91715e+06
66.301 8.919e+06
66.401 8.91647e+06
66.501 8.91496e+06
66.601 8.91759e+06
66.701 8.91975e+06
66.801 8.91723e+06
66.901 8.91541e+06
67.001 8.91802e+06
67.101 8.92049e+06
67.201 8.91799e+06
67.301 8.91585e+06
67.401 8.91844e+06
67.501 8.92098e+06
67.601 8.91873e+06
67.701 8.91629e+06
67.801 8.91886e+06
67.901 8.92139e+06
68.001 8.91947e+06
68.101 8.917e+06
68.201 8.91928e+06
68.301 8.92179e+06
68.401 8.9202e+06
68.501 8.91774e+06
68.601 8.91969e+06
68.701 8.92218e+06
68.801 8.92092e+06
68.901 8.91847e+06
69.001 8.92009e+06
69.101 8.92257e+06
69.201 8.92163e+06
69.301 8.91919e+06
69.401 8.92049e+06
69.501 8.92296e+06
69.601 8.92233e+06
69.701 8.91991e+06
69.801 8.92089e+06
69.901 8.92334e+06
70.001 8.92303e+06
70.101 8.92062e+06
70.201 8.92128e+06
70.301 8.92372e+06
70.401 8.92371e+06
70.501 8.92132e+06
70.601 8.92167e+06
70.701 8.92409e+06
70.801 8.92439e+06
70.901 8.92201e+06
71.001 8.92205e+06
71.101 8.92446e+06
71.201 8.92507e+06
71.301 8.9227e+06
71.401 8.92243e+06
71.501 8.92482e+06
71.601 8.92573e+06
71.701 8.92337e+06
71.801 8.9228e+06
71.901 8.92518e+06
72.001 8.92639e+06
72.101 8.92404e+06
72.201 8.92317e+06
72.301 8.92554e+06
72.401 8.92704e+06
72.501 8.9247e+06
72.601 8.92354e+06
72.701 8.92589e+06
72.801 8.92768e+06
72.901 8.92536e+06
73.001 8.9239e+06
73.101 8.92624e+06
73.201 8.92832e+06
73.301 8.92601e+06
73.401 8.92426e+06
73.501 8.92662e+06
73.601 8.92894e+06
73.701 8.92665e+06
73.801 8.92461e+06
73.901 8.92696e+06
74.001 8.92927e+06
74.101 8.92728e+06
74.201 8.925e+06
74.301 8.9273e+06
74.401 8.9296e+06
74.501 8.92791e+06
74.601 8.92564e+06
74.701 8.92763e+06
74.801 8.92992e+06
74.901 8.92853e+06
75.001 8.92627e+06
75.101 8.92796e+06
75.201 8.93023e+06
75.301 8.92914e+06
75.401 8.92689e+06
75.501 8.92829e+06
75.601 8.93055e+06
75.701 8.92975e+06
75.801 8.92751e+06
75.901 8.92861e+06
76.001 8.93086e+06
76.101 8.93035e+06
76.201 8.92812e+06
76.301 8.92893e+06
76.401 8.93117e+06
76.501 8.93094e+06
76.601 8.92873e+06
76.701 8.92925e+06
76.801 8.93147e+06
76.901 8.93153e+06
77.001 8.92933e+06
77.101 8.92956e+06
77.201 8.93177e+06
77.301 8.93211e+06
77.401 8.92992e+06
77.501 8.92987e+06
77.601 8.93207e+06
77.701 8.93269e+06
77.801 8.93051e+06
77.901 8.93018e+06
78.001 8.93237e+06
78.101 8.93326e+06
78.201 8.93109e+06
78.301 8.93048e+06
78.401 8.93266e+06
78.501 8.93382e+06
78.601 8.93166e+06
78.701 8.93078e+06
78.801 8.93295e+06
78.901 8.93438e+06
79.001 8.93223e+06
79.101 8.93108e+06
79.201 8.93323e+06
79.301 8.93493e+06
79.401 8.93279e+06
79.501 8.93138e+06
79.601 8.93352e+06
79.701 8.93548e+06
79.801 8.93335e+06
79.901 8.93167e+06
80.001 8.9338e+06
80.101 8.93595e+06
80.201 8.9339e+06
80.301 8.93196e+06
80.401 8.93407e+06
80.501 8.93622e+06
80.601 8.93445e+06
80.701 8.93234e+06
80.801 8.93435e+06
80.901 8.93648e+06
81.001 8.93499e+06
81.101 8.93289e+06
81.201 8.93462e+06
81.301 8.93675e+06
81.401 8.93552e+06
81.501 8.93344e+06
81.601 8.93489e+06
81.701 8.937e+06
81.801 8.93606e+06
81.901 8.93398e+06
82.001 8.93516e+06
82.101 8.93726e+06
82.201 8.93658e+06
82.301 8.93451e+06
82.401 8.93542e+06
82.501 8.93751e+06
82.601 8.9371e+06
82.701 8.93504e+06
82.801 8.93568e+06
82.901 8.93777e+06
83.001 8.93762e+06
83.101 8.93557e+06
83.201 8.93594e+06
83.301 8.93802e+06
83.401 8.93813e+06
83.501 8.93609e+06
83.601 8.93623e+06
83.701 8.93826e+06
83.801 8.93863e+06
83.901 8.9366e+06
84.001 8.93649e+06
84.101 8.93851e+06
84.201 8.93913e+06
84.301 8.93711e+06
84.401 8.93674e+06
84.501 8.93875e+06
84.601 8.93963e+06
84.701 8.93762e+06
84.801 8.93699e+06
84.901 8.93899e+06
85.001 8.94012e+06
85.101 8.93812e+06
85.201 8.93723e+06
85.301 8.93922e+06
85.401 8.94061e+06
85.501 8.93861e+06
85.601 8.93748e+06
85.701 8.93946e+06
85.801 8.94109e+06
85.901 8.9391e+06
86.001 8.93772e+06
86.101 8.93969e+06
86.201 8.94156e+06
86.301 8.93959e+06
86.401 8.93796e+06
86.501 8.93992e+06
86.601 8.94188e+06
86.701 8.94007e+06
86.801 8.9382e+06
86.901 8.94015e+06
87.001 8.9421e+06
87.101 8.94055e+06
87.201 8.93859e+06
87.301 8.94038e+06
87.401 8.94232e+06
87.501 8.94102e+06
87.601 8.93907e+06
87.701 8.9406e+06
87.801 8.94253e+06
87.901 8.94149e+06
88.001 8.93955e+06
88.101 8.94083e+06
88.201 8.94275e+06
88.301 8.94195e+06
88.401 8.94002e+06
88.501 8.94105e+06
88.601 8.94296e+06
88.701 8.94241e+06
88.801 8.94049e+06
88.901 8.94126e+06
89.001 8.9432e+06
89.101 8.94287e+06
89.201 8.94095e+06
89.301 8.94148e+06
89.401 8.94341e+06
89.501 8.94332e+06
89.601 8.94141e+06
89.701 8.9417e+06
89.801 8.94361e+06
89.901 8.94377e+06
90.001 8.94187e+06
90.101 8.94191e+06
90.201 8.94382e+06
90.301 8.94421e+06
90.401 8.94232e+06
90.501 8.94212e+06
90.601 8.94402e+06
90.701 8.94465e+06
90.801 8.94277e+06
90.901 8.94233e+06
91.001 8.94422e+06
91.101 8.94509e+06
91.201 8.94321e+06
91.301 8.94254e+06
91.401 8.94442e+06
91.501 8.94552e+06
91.601 8.94365e+06
91.701 8.94274e+06
91.801 8.94461e+06
91.901 8.94595e+06
92.001 8.94409e+06
92.101 8.94294e+06
92.201 8.94481e+06
92.301 8.94638e+06
92.401 8.94452e+06
92.501 8.94315e+06
92.601 8.945e+06
92.701 8.9468e+06
92.801 8.94495e+06
92.901 8.94335e+06
93.001 8.94519e+06
93.101 8.94701e+06
93.201 8.94538e+06
93.301 8.94357e+06
93.401 8.94538e+06
93.501 8.94719e+06
93.601 8.9458e+06
93.701 8.94397e+06
93.801 8.94557e+06
93.901 8.94737e+06
94.001 8.94622e+06
94.101 8.9444e+06
94.201 8.94576e+06
94.301 8.94755e+06
94.401 8.94663e+06
94.501 8.94482e+06
94.601 8.94595e+06
94.701 8.94773e+06
94.801 8.94704e+06
94.901 8.94524e+06
95.001 8.94613e+06
95.101 8.94791e+06
95.201 8.94745e+06
95.301 8.94565e+06
95.401 8.94631e+06
95.501 8.94808e+06
95.601 8.94785e+06
95.701 8.94606e+06
95.801 8.94649e+06
95.901 8.94825e+06
96.001 8.94825e+06
96.101 8.94647e+06
96.201 8.94667e+06
96.301 8.94842e+06
96.401 8.94865e+06
96.501 8.94688e+06
96.601 8.94685e+06
96.701 8.94859e+06
96.801 8.94904e+06
96.901 8.94728e+06
97.001 8.94703e+06
97.101 8.94876e+06
97.201 8.94944e+06
97.301 8.94767e+06
97.401 8.9472e+06
97.501 8.94893e+06
97.601 8.94982e+06
97.701 8.94807e+06
97.801 8.94737e+06
97.901 8.9491e+06
98.001 8.95021e+06
98.101 8.94846e+06
98.201 8.94755e+06
98.301 8.94926e+06
98.401 8.95059e+06
98.501 8.94885e+06
98.601 8.94772e+06
98.701 8.94943e+06
98.801 8.95097e+06
98.901 8.94923e+06
99.001 8.94789e+06
99.101 8.94962e+06
99.201 8.95131e+06
99.301 8.94961e+06
99.401 8.94805e+06
99.501 8.94978e+06
99.601 8.95147e+06
99.701 8.94999e+06
99.801 8.94827e+06
99.901 8.94994e+06
100.001 8.95162e+06
100.101 8.95037e+06
100.201 8.94866e+06
100.301 8.95009e+06
100.401 8.95177e+06
100.501 8.95074e+06
100.601 8.94904e+06
100.701 8.95025e+06
100.801 8.95192e+06
100.901 8.95111e+06
101.001 8.94941e+06
101.101 8.95041e+06
101.201 8.95207e+06
101.301 8.95148e+06
101.401 8.94978e+06
101.501 8.95056e+06
101.601 8.95222e+06
101.701 8.95184e+06
101.801 8.95015e+06
101.901 8.95071e+06
102.001 8.95237e+06
102.101 8.9522e+06
102.201 8.95052e+06
102.301 8.95087e+06
102.401 8.95251e+06
102.501 8.95256e+06
102.601 8.95089e+06
102.701 8.95102e+06
102.801 8.95266e+06
102.901 8.95292e+06
103.001 8.95125e+06
103.101 8.95117e+06
103.201 8.9528e+06
103.301 8.95327e+06
103.401 8.95161e+06
103.501 8.95132e+06
103.601 8.95294e+06
103.701 8.95362e+06
103.801 8.95196e+06
103.901 8.95146e+06
104.001 8.95308e+06
104.101 8.95397e+06
104.201 8.95232e+06
104.301 8.95161e+06
104.401 8.95322e+06
104.501 8.95431e+06
104.601 8.95267e+06
104.701 8.95175e+06
104.801 8.95336e+06
104.901 8.95465e+06
105.001 8.95301e+06
105.101 8.9519e+06
105.201 8.9535e+06
105.301 8.95499e+06
105.401 8.95336e+06
105.501 8.95204e+06
105.601 8.95363e+06
105.701 8.95525e+06
105.801 8.9537e+06
105.901 8.95218e+06
106.001 8.95377e+06
106.101 8.95538e+06
106.201 8.95404e+06
106.301 8.95243e+06
106.401 8.95391e+06
106.501 8.95551e+06
106.601 8.95438e+06
106.701 8.95277e+06
106.801 8.95404e+06
106.901 8.95564e+06
107.001 8.95472e+06
107.101 8.95311e+06
107.201 8.95417e+06
107.301 8.95576e+06
107.401 8.95505e+06
107.501 8.95345e+06
107.601 8.9543e+06
107.701 8.95589e+06
107.801 8.95538e+06
107.901 8.95378e+06
108.001 8.95443e+06
108.101 8.95601e+06
108.201 8.95571e+06
108.301 8.95412e+06
108.401 8.95456e+06
108.501 8.95614e+06
108.601 8.95603e+06
108.701 8.95445e+06
108.801 8.95472e+06
108.901 8.95626e+06
109.001 8.95635e+06
109.101 8.95478e+06
109.201 8.95485e+06
109.301 8.95638e+06
109.401 8.95667e+06
109.501 8.9551e+06
109.601 8.95497e+06
109.701 8.9565e+06
109.801 8.95699e+06
109.901 8.95543e+06
110.001 8.9551e+06
110.101 8.95662e+06
110.201 8.95731e+06
110.301 8.95575e+06
110.401 8.95522e+06
110.501 8.95674e+06
110.601 8.95762e+06
110.701 8.95607e+06
110.801 8.95535e+06
110.901 8.95686e+06
111.001 8.95793e+06
111.101 8.95638e+06
111.201 8.95547e+06
111.301 8.95698e+06
111.401 8.95824e+06
111.501 8.9567e+06
111.601 8.95559e+06
111.701 8.9571e+06
111.801 8.95855e+06
111.901 8.95701e+06
112.001 8.95571e+06
112.101 8.95721e+06
112.201 8.95871e+06
112.301 8.95732e+06
112.401 8.95583e+06
112.501 8.95733e+06
112.601 8.95882e+06
112.701 8.95763e+06
112.801 8.9561e+06
112.901 8.95744e+06
113.001 8.95893e+06
113.101 8.95793e+06
113.201 8.95641e+06
113.301 8.95756e+06
113.401 8.95903e+06
113.501 8.95824e+06
113.601 8.95672e+06
113.701 8.95767e+06
113.801 8.95914e+06
113.901 8.95854e+06
114.001 8.95702e+06
114.101 8.95778e+06
114.201 8.95925e+06
114.301 8.95884e+06
114.401 8.95733e+06
114.501 8.95789e+06
114.601 8.95938e+06
114.701 8.95913e+06
114.801 8.95763e+06
114.901 8.958e+06
115.001 8.95948e+06
115.101 8.95943e+06
115.201 8.95793e+06
115.301 8.95811e+06
115.401 8.95959e+06
115.501 8.95972e+06
115.601 8.95823e+06
115.701 8.95822e+06
115.801 8.95969e+06
115.901 8.96001e+06
116.001 8.95852e+06
116.101 8.95833e+06
116.201 8.95979e+06
116.301 8.9603e+06
116.401 8.95882e+06
116.501 8.95844e+06
116.601 8.9599e+06
116.701 8.96059e+06
116.801 8.95911e+06
116.901 8.95854e+06
117.001 8.96e+06
117.101 8.96087e+06
117.201 8.9594e+06
117.301 8.95865e+06
117.401 8.9601e+06
117.501 8.96115e+06
117.601 8.95969e+06
117.701 8.95875e+06
117.801 8.9602e+06
117.901 8.96144e+06
118.001 8.95997e+06
118.101 8.95886e+06
118.201 8.9603e+06
118.301 8.96171e+06
118.401 8.96026e+06
118.501 8.95896e+06
118.601 8.9604e+06
118.701 8.96181e+06
118.801 8.96054e+06
118.901 8.95909e+06
119.001 8.9605e+06
119.101 8.9619e+06
119.201 8.96082e+06
119.301 8.95937e+06
119.401 8.96059e+06
119.501 8.96199e+06
119.601 8.9611e+06
119.701 8.95966e+06
119.801 8.96069e+06
119.901 8.96209e+06
120.001 8.96137e+06
120.101 8.95994e+06
120.201 8.96079e+06
120.301 8.96218e+06
120.401 8.96165e+06
120.501 8.96022e+06
120.601 8.96088e+06
120.701 8.96227e+06
120.801 8.96192e+06
120.901 8.96049e+06
121.001 8.96098e+06
121.101 8.96236e+06
121.201 8.96219e+06
121.301 8.96077e+06
121.401 8.96107e+06
121.501 8.96245e+06
121.601 8.96246e+06
121.701 8.96104e+06
121.801 8.96117e+06
121.901 8.96254e+06
122.001 8.96273e+06
122.101 8.96131e+06
122.201 8.96126e+06
122.301 8.96263e+06
122.401 8.96299e+06
122.501 8.96158e+06
122.601 8.96135e+06
122.701 8.96271e+06
122.801 8.96326e+06
122.901 8.96185e+06
123.001 8.96144e+06
123.101 8.9628e+06
123.201 8.96352e+06
123.301 8.96212e+06
123.401 8.96153e+06
123.501 8.96289e+06
123.601 8.96378e+06
123.701 8.96238e+06
123.801 8.96162e+06
123.901 8.96298e+06
124.001 8.96404e+06
124.101 8.96265e+06
124.201 8.96171e+06
124.301 8.96308e+06
124.401 8.9643e+06
124.501 8.96291e+06
124.601 8.9618e+06
124.701 8.96317e+06
124.801 8.96451e+06
124.901 8.96317e+06
125.001 8.96189e+06
125.101 8.96325e+06
125.201 8.96459e+06
125.301 8.96342e+06
125.401 8.96205e+06
125.501 8.96334e+06
125.601 8.96467e+06
125.701 8.96368e+06
125.801 8.96231e+06
125.901 8.96342e+06
126.001 8.96475e+06
126.101 8.96394e+06
126.201 8.96257e+06
126.301 8.9635e+06
126.401 8.96483e+06
126.501 8.96419e+06
126.601 8.96282e+06
126.701 8.96359e+06
126.801 8.9649e+06
126.901 8.96444e+06
127.001 8.96308e+06
127.101 8.96367e+06
127.201 8.96498e+06
127.301 8.96469e+06
127.401 8.96333e+06
127.501 8.96375e+06
127.601 8.96506e+06
127.701 8.96494e+06
127.801 8.96359e+06
127.901 8.96383e+06
128.001 8.96513e+06
128.101 8.96519e+06
128.201 8.96384e+06
128.301 8.96391e+06
128.401 8.96521e+06
128.501 8.96543e+06
128.601 8.96409e+06
128.701 8.96399e+06
128.801 8.96529e+06
128.901 8.96568e+06
129.001 8.96433e+06
129.101 8.96407e+06
129.201 8.96536e+06
129.301 8.96592e+06
129.401 8.96458e+06
129.501 8.96415e+06
129.601 8.96544e+06
129.701 8.96616e+06
129.801 8.96482e+06
129.901 8.96423e+06
130.001 8.96551e+06
130.101 8.9664e+06
130.201 8.96507e+06
130.301 8.9643e+06
130.401 8.96559e+06
130.501 8.96664e+06
130.601 8.96531e+06
130.701 8.96438e+06
130.801 8.96566e+06
130.901 8.96687e+06
131.001 8.96555e+06
131.101 8.96446e+06
131.201 8.96573e+06
131.301 8.96702e+06
131.401 8.96579e+06
131.501 8.96453e+06
131.601 8.9658e+06
131.701 8.96709e+06
131.801 8.96603e+06
131.901 8.96471e+06
132.001 8.96588e+06
132.101 8.96716e+06
132.201 8.96626e+06
132.301 8.96495e+06
132.401 8.96595e+06
132.501 8.96723e+06
132.601 8.9665e+06
132.701 8.96519e+06
132.801 8.96602e+06
132.901 8.9673e+06
133.001 8.96673e+06
133.101 8.96543e+06
133.201 8.96609e+06
133.301 8.96736e+06
133.401 8.96696e+06
133.501 8.96566e+06
133.601 8.96616e+06
133.701 8.96743e+06
133.801 8.96719e+06
133.901 8.9659e+06
134.001 8.96623e+06
134.101 8.9675e+06
134.201 8.96742e+06
134.301 8.96613e+06
134.401 8.96632e+06
134.501 8.96756e+06
134.601 8.96765e+06
134.701 8.96636e+06
134.801 8.96639e+06
134.901 8.96763e+06
135.001 8.96787e+06
135.101 8.96659e+06
135.201 8.96646e+06
135.301 8.96769e+06
135.401 8.9681e+06
135.501 8.96682e+06
135.601 8.96653e+06
135.701 8.96776e+06
135.801 8.96832e+06
135.901 8.96705e+06
136.001 8.96659e+06
136.101 8.96782e+06
136.201 8.96855e+06
136.301 8.96727e+06
136.401 8.96666e+06
136.501 8.96788e+06
136.601 8.96877e+06
136.701 8.9675e+06
136.801 8.96673e+06
136.901 8.96795e+06
137.001 8.96899e+06
137.101 8.96772e+06
137.201 8.9668e+06
137.301 8.96801e+06
137.401 8.9692e+06
137.501 8.96794e+06
137.601 8.96686e+06
137.701 8.96807e+06
137.801 8.96928e+06
137.901 8.96816e+06
138.001 8.96693e+06
138.101 8.96814e+06
138.201 8.96934e+06
138.301 8.96838e+06
138.401 8.96713e+06
138.501 8.9682e+06
138.601 8.9694e+06
138.701 8.9686e+06
138.801 8.96735e+06
138.901 8.96826e+06
139.001 8.96946e+06
139.101 8.96882e+06
139.201 8.96757e+06
139.301 8.96832e+06
139.401 8.96952e+06
139.501 8.96903e+06
139.601 8.96779e+06
139.701 8.96838e+06
139.801 8.96959e+06
139.901 8.96925e+06
140.001 8.96801e+06
140.101 8.96844e+06
140.201 8.96965e+06
140.301 8.96946e+06
140.401 8.96823e+06
140.501 8.9685e+06
140.601 8.96971e+06
140.701 8.96967e+06
140.801 8.96844e+06
140.901 8.96856e+06
141.001 8.96976e+06
141.101 8.96988e+06
141.201 8.96865e+06
141.301 8.96862e+06
141.401 8.96982e+06
141.501 8.97009e+06
141.601 8.96887e+06
141.701 8.96868e+06
141.801 8.96988e+06
141.901 8.9703e+06
142.001 8.96908e+06
142.101 8.96874e+06
142.201 8.96993e+06
142.301 8.97051e+06
142.401 8.96929e+06
142.501 8.9688e+06
142.601 8.96999e+06
142.701 8.97071e+06
142.801 8.9695e+06
142.901 8.96886e+06
143.001 8.97004e+06
143.101 8.97092e+06
143.201 8.96971e+06
143.301 8.96891e+06
143.401 8.9701e+06
143.501 8.97112e+06
143.601 8.96991e+06
143.701 8.96897e+06
143.801 8.97015e+06
143.901 8.97131e+06
144.001 8.97012e+06
144.101 8.96905e+06
144.201 8.9702e+06
144.301 8.97136e+06
144.401 8.97032e+06
144.501 8.96912e+06
144.601 8.97026e+06
144.701 8.97141e+06
144.801 8.97053e+06
144.901 8.96933e+06
145.001 8.97031e+06
145.101 8.97146e+06
145.201 8.97073e+06
145.301 8.96954e+06
145.401 8.97036e+06
145.501 8.97151e+06
145.601 8.97093e+06
145.701 8.96974e+06
145.801 8.97042e+06
145.901 8.97156e+06
146.001 8.97113e+06
146.101 8.96994e+06
146.201 8.97047e+06
146.301 8.97161e+06
146.401 8.97133e+06
146.501 8.97015e+06
146.601 8.97052e+06
146.701 8.97166e+06
146.801 8.97153e+06
146.901 8.97035e+06
147.001 8.97057e+06
147.101 8.9717e+06
147.201 8.97173e+06
147.301 8.97055e+06
147.401 8.97062e+06
147.501 8.97175e+06
147.601 8.97192e+06
147.701 8.97075e+06
147.801 8.97068e+06
147.901 8.9718e+06
148.001 8.97212e+06
148.101 8.97094e+06
148.201 8.97073e+06
148.301 8.97185e+06
148.401 8.97231e+06
148.501 8.97114e+06
148.601 8.97078e+06
148.701 8.9719e+06
148.801 8.9725e+06
148.901 8.97134e+06
149.001 8.97083e+06
149.101 8.97194e+06
149.201 8.97269e+06
149.301 8.97153e+06
149.401 8.97088e+06
149.501 8.97199e+06
149.601 8.97289e+06
149.701 8.97172e+06
149.801 8.97093e+06
149.901 8.97206e+06
150.001 8.97308e+06
150.101 8.97192e+06
150.201 8.97098e+06
150.301 8.9721e+06
150.401 8.97321e+06
150.501 8.97211e+06
150.601 8.97103e+06
150.701 8.97215e+06
150.801 8.97325e+06
150.901 8.9723e+06
151.001 8.97115e+06
151.101 8.9722e+06
151.201 8.9733e+06
151.301 8.97249e+06
151.401 8.97134e+06
151.501 8.97224e+06
151.601 8.97334e+06
151.701 8.97268e+06
151.801 8.97153e+06
151.901 8.97229e+06
152.001 8.97338e+06
152.101 8.97287e+06
152.201 8.97172e+06
152.301 8.97233e+06
152.401 8.97342e+06
152.501 8.97305e+06
152.601 8.97191e+06
152.701 8.97238e+06
152.801 8.97347e+06
152.901 8.97324e+06
153.001 8.9721e+06
153.101 8.97242e+06
153.201 8.97351e+06
153.301 8.97342e+06
153.401 8.97229e+06
153.501 8.97247e+06
153.601 8.97355e+06
153.701 8.97361e+06
153.801 8.97248e+06
153.901 8.97251e+06
154.001 8.97359e+06
154.101 8.97379e+06
154.201 8.97266e+06
154.301 8.97256e+06
154.401 8.97363e+06
154.501 8.97397e+06
154.601 8.97285e+06
154.701 8.9726e+06
154.801 8.97368e+06
154.901 8.97415e+06
155.001 8.97303e+06
155.101 8.97265e+06
155.201 8.97372e+06
155.301 8.97433e+06
155.401 8.97321e+06
155.501 8.97269e+06
155.601 8.97376e+06
155.701 8.97451e+06
155.801 8.97339e+06
155.901 8.97273e+06
156.001 8.9738e+06
156.101 8.97469e+06
156.201 8.97357e+06
156.301 8.97278e+06
156.401 8.97384e+06
156.501 8.97487e+06
156.601 8.97375e+06
156.701 8.97282e+06
156.801 8.97388e+06
156.901 8.97495e+06
157.001 8.97393e+06
157.101 8.97286e+06
157.201 8.97392e+06
157.301 8.97499e+06
157.401 8.97411e+06
157.501 8.97301e+06
157.601 8.97396e+06
157.701 8.97503e+06
157.801 8.97429e+06
157.901 8.97319e+06
158.001 8.974e+06
158.101 8.97507e+06
158.201 8.97446e+06
158.301 8.97337e+06
158.401 8.97404e+06
158.501 8.9751e+06
158.601 8.97464e+06
158.701 8.97354e+06
158.801 8.97408e+06
158.901 8.97514e+06
159.001 8.97481e+06
159.101 8.97372e+06
159.201 8.97412e+06
159.301 8.97518e+06
159.401 8.97499e+06
159.501 8.9739e+06
159.601 8.97417e+06
159.701 8.97521e+06
159.801 8.97516e+06
159.901 8.97407e+06
160.001 8.97421e+06
160.101 8.97525e+06
160.201 8.97533e+06
160.301 8.97425e+06
160.401 8.97425e+06
160.501 8.97528e+06
160.601 8.9755e+06
160.701 8.97442e+06
160.801 8.97429e+06
160.901 8.97532e+06
161.001 8.97567e+06
161.101 8.97459e+06
161.201 8.97432e+06
161.301 8.97535e+06
161.401 8.97584e+06
161.501 8.97477e+06
161.601 8.97436e+06
161.701 8.97539e+06
161.801 8.97601e+06
161.901 8.97494e+06
162.001 8.9744e+06
162.101 8.97542e+06
162.201 8.97618e+06
162.301 8.97511e+06
162.401 8.97444e+06
162.501 8.97546e+06
162.601 8.97635e+06
162.701 8.97528e+06
162.801 8.97447e+06
162.901 8.97549e+06
163.001 8.97651e+06
163.101 8.97544e+06
163.201 8.97451e+06
163.301 8.97553e+06
163.401 8.97654e+06
163.501 8.97561e+06
163.601 8.97455e+06
163.701 8.97556e+06
163.801 8.97658e+06
163.901 8.97578e+06
164.001 8.97472e+06
164.101 8.9756e+06
164.201 8.97661e+06
164.301 8.97595e+06
164.401 8.97489e+06
164.501 8.97563e+06
164.601 8.97664e+06
164.701 8.97611e+06
164.801 8.97505e+06
164.901 8.97567e+06
165.001 8.97667e+06
165.101 8.97628e+06
165.201 8.97522e+06
165.301 8.9757e+06
165.401 8.97672e+06
165.501 8.97644e+06
165.601 8.97539e+06
165.701 8.97573e+06
165.801 8.97675e+06
165.901 8.9766e+06
166.001 8.97555e+06
166.101 8.97577e+06
166.201 8.97678e+06
166.301 8.97676e+06
166.401 8.97572e+06
166.501 8.9758e+06
166.601 8.97681e+06
166.701 8.97693e+06
166.801 8.97588e+06
166.901 8.97583e+06
167.001 8.97684e+06
167.101 8.97709e+06
167.201 8.97604e+06
167.301 8.97587e+06
167.401 8.97687e+06
167.501 8.97725e+06
167.601 8.97621e+06
167.701 8.9759e+06
167.801 8.9769e+06
167.901 8.9774e+06
168.001 8.97637e+06
168.101 8.97593e+06
168.201 8.97693e+06
168.301 8.97756e+06
168.401 8.97653e+06
168.501 8.97596e+06
168.601 8.97696e+06
168.701 8.97772e+06
168.801 8.97669e+06
168.901 8.976e+06
169.001 8.97699e+06
169.101 8.97788e+06
169.201 8.97685e+06
169.301 8.97603e+06
169.401 8.97702e+06
169.501 8.978e+06
169.601 8.97701e+06
169.701 8.97608e+06
169.801 8.97705e+06
169.901 8.97803e+06
170.001 8.97716e+06
170.101 8.97614e+06
170.201 8.97708e+06
170.301 8.97806e+06
170.401 8.97732e+06
170.501 8.9763e+06
170.601 8.97711e+06
170.701 8.97808e+06
170.801 8.97748e+06
170.901 8.97646e+06
171.001 8.97714e+06
171.101 8.97811e+06
171.201 8.97763e+06
171.301 8.97661e+06
171.401 8.97717e+06
171.501 8.97814e+06
171.601 8.97779e+06
171.701 8.97677e+06
171.801 8.9772e+06
171.901 8.97816e+06
172.001 8.97794e+06
172.101 8.97693e+06
172.201 8.97723e+06
172.301 8.97819e+06
172.401 8.97809e+06
172.501 8.97708e+06
172.601 8.97726e+06
172.701 8.97822e+06
172.801 8.97825e+06
172.901 8.97724e+06
173.001 8.97728e+06
173.101 8.97824e+06
173.201 8.9784e+06
173.301 8.97739e+06
173.401 8.97731e+06
173.501 8.97827e+06
173.601 8.97855e+06
173.701 8.97755e+06
173.801 8.97734e+06
173.901 8.97829e+06
174.001 8.9787e+06
174.101 8.9777e+06
174.201 8.97737e+06
174.301 8.97832e+06
174.401 8.97885e+06
174.501 8.97785e+06
174.601 8.9774e+06
174.701 8.97835e+06
174.801 8.979e+06
174.901 8.978e+06
175.001 8.97743e+06
175.101 8.97839e+06
175.201 8.97915e+06
175.301 8.97815e+06
175.401 8.97745e+06
175.501 8.97841e+06
175.601 8.97929e+06
175.701 8.9783e+06
175.801 8.97748e+06
175.901 8.97844e+06
176.001 8.97938e+06
176.101 8.97845e+06
176.201 8.97751e+06
176.301 8.97846e+06
176.401 8.9794e+06
176.501 8.9786e+06
176.601 8.97761e+06
176.701 8.97849e+06
176.801 8.97943e+06
176.901 8.97875e+06
177.001 8.97776e+06
177.101 8.97851e+06
177.201 8.97945e+06
177.301 8.97889e+06
177.401 8.97791e+06
177.501 8.97854e+06
177.601 8.97947e+06
177.701 8.97904e+06
177.801 8.97806e+06
177.901 8.97856e+06
178.001 8.97949e+06
178.101 8.97919e+06
178.201 8.97821e+06
178.301 8.97859e+06
178.401 8.97952e+06
178.501 8.97933e+06
178.601 8.97836e+06
178.701 8.97861e+06
178.801 8.97954e+06
178.901 8.97948e+06
179.001 8.9785e+06
179.101 8.97864e+06
179.201 8.97956e+06
179.301 8.97962e+06
179.401 8.97865e+06
179.501 8.97866e+06
179.601 8.97958e+06
179.701 8.97976e+06
179.801 8.97879e+06
179.901 8.97869e+06
180.001 8.97961e+06
180.101 8.97991e+06
180.201 8.97894e+06
180.301 8.97871e+06
180.401 8.97963e+06
180.501 8.98005e+06
180.601 8.97908e+06
180.701 8.97874e+06
180.801 8.97965e+06
180.901 8.98019e+06
181.001 8.97923e+06
181.101 8.97876e+06
181.201 8.97967e+06
181.301 8.98033e+06
181.401 8.97937e+06
181.501 8.97878e+06
181.601 8.9797e+06
181.701 8.98047e+06
181.801 8.97951e+06
181.901 8.97881e+06
182.001 8.97972e+06
182.101 8.98061e+06
182.201 8.97965e+06
182.301 8.97883e+06
182.401 8.97974e+06
182.501 8.98066e+06
182.601 8.97979e+06
182.701 8.97885e+06
182.801 8.97976e+06
182.901 8.98068e+06
183.001 8.97993e+06
183.101 8.97898e+06
183.201 8.97978e+06
183.301 8.9807e+06
183.401 8.98007e+06
183.501 8.97912e+06
183.601 8.9798e+06
183.701 8.98072e+06
183.801 8.98021e+06
183.901 8.97926e+06
184.001 8.97982e+06
184.101 8.98074e+06
184.201 8.98035e+06
184.301 8.9794e+06
184.401 8.97985e+06
184.501 8.98076e+06
184.601 8.98049e+06
184.701 8.97954e+06
184.801 8.97987e+06
184.901 8.98078e+06
185.001 8.98063e+06
185.101 8.97968e+06
185.201 8.9799e+06
185.301 8.9808e+06
185.401 8.98076e+06
185.501 8.97982e+06
185.601 8.97992e+06
185.701 8.98081e+06
185.801 8.9809e+06
185.901 8.97996e+06
186.001 8.97994e+06
186.101 8.98083e+06
186.201 8.98104e+06
186.301 8.9801e+06
186.401 8.97996e+06
186.501 8.98085e+06
186.601 8.98117e+06
186.701 8.98024e+06
186.801 8.97999e+06
186.901 8.98087e+06
187.001 8.9813e+06
187.101 8.98037e+06
187.201 8.98001e+06
187.301 8.98089e+06
187.401 8.98144e+06
187.501 8.98051e+06
187.601 8.98003e+06
187.701 8.98091e+06
187.801 8.98157e+06
187.901 8.98064e+06
188.001 8.98005e+06
188.101 8.98093e+06
188.201 8.9817e+06
188.301 8.98078e+06
188.401 8.98007e+06
188.501 8.98095e+06
188.601 8.98182e+06
188.701 8.98091e+06
188.801 8.98009e+06
188.901 8.98096e+06
189.001 8.98184e+06
189.101 8.98104e+06
189.201 8.98012e+06
189.301 8.98098e+06
189.401 8.98186e+06
189.501 8.98118e+06
189.601 8.98026e+06
189.701 8.981e+06
189.801 8.98187e+06
189.901 8.98131e+06
190.001 8.98039e+06
190.101 8.98102e+06
190.201 8.98189e+06
190.301 8.98144e+06
190.401 8.98052e+06
190.501 8.98104e+06
190.601 8.98192e+06
190.701 8.98157e+06
190.801 8.98066e+06
190.901 8.98105e+06
191.001 8.98193e+06
191.101 8.9817e+06
191.201 8.98079e+06
191.301 8.98107e+06
191.401 8.98195e+06
191.501 8.98183e+06
191.601 8.98092e+06
191.701 8.98109e+06
191.801 8.98197e+06
191.901 8.98196e+06
192.001 8.98105e+06
192.101 8.98111e+06
192.201 8.98198e+06
192.301 8.98209e+06
192.401 8.98118e+06
192.501 8.98112e+06
192.601 8.982e+06
192.701 8.98222e+06
192.801 8.98131e+06
192.901 8.98114e+06
193.001 8.98201e+06
193.101 8.98235e+06
193.201 8.98144e+06
193.301 8.98116e+06
193.401 8.98203e+06
193.501 8.98248e+06
193.601 8.98157e+06
193.701 8.98118e+06
193.801 8.98204e+06
193.901 8.9826e+06
194.001 8.9817e+06
194.101 8.98119e+06
194.201 8.98206e+06
194.301 8.98273e+06
194.401 8.98183e+06
194.501 8.98121e+06
194.601 8.98208e+06
194.701 8.98286e+06
194.801 8.98196e+06
194.901 8.98124e+06
195.001 8.98209e+06
195.101 8.98294e+06
195.201 8.98209e+06
195.301 8.98126e+06
195.401 8.98211e+06
195.501 8.98295e+06
195.601 8.98221e+06
195.701 8.98132e+06
195.801 8.98212e+06
195.901 8.98297e+06
196.001 8.98234e+06
196.101 8.98145e+06
196.201 8.98214e+06
196.301 8.98298e+06
196.401 8.98246e+06
196.501 8.98157e+06
196.601 8.98215e+06
196.701 8.98299e+06
196.801 8.98259e+06
196.901 8.9817e+06
197.001 8.98217e+06
197.101 8.98301e+06
197.201 8.98271e+06
197.301 8.98183e+06
197.401 8.98218e+06
197.501 8.98302e+06
197.601 8.98284e+06
197.701 8.98195e+06
197.801 8.9822e+06
197.901 8.98303e+06
198.001 8.98296e+06
198.101 8.98208e+06
198.201 8.98221e+06
198.301 8.98305e+06
198.401 8.98308e+06
198.501 8.9822e+06
198.601 8.98223e+06
198.701 8.98306e+06
198.801 8.98321e+06
198.901 8.98233e+06
199.001 8.97848e+06
199.101 8.97397e+06
199.201 8.96947e+06
199.301 8.96497e+06
199.401 8.96047e+06
199.501 8.95598e+06
199.601 8.95149e+06
199.701 8.94701e+06
199.801 8.94253e+06
199.901 8.93806e+06
200.001 8.93359e+06
