0.001 0
0.101 0
0.201 1.39383e+06
0.301 3.41581e+06
0.401 4.93127e+06
0.501 6.44982e+06
0.601 8.22789e+06
0.701 9.51418e+06
0.801 1.04827e+07
0.901 9.44302e+06
1.001 9.44527e+06
1.101 1.05144e+07
1.201 1.16161e+07
1.301 1.12208e+07
1.401 1.2109e+07
1.501 1.17045e+07
1.601 1.11586e+07
1.701 1.05042e+07
1.801 9.92098e+06
1.901 9.40196e+06
2.001 8.93345e+06
2.101 8.50955e+06
2.201 8.12293e+06
2.301 7.77109e+06
2.401 7.4497e+06
2.501 7.154e+06
2.601 6.88314e+06
2.701 6.63535e+06
2.801 6.43439e+06
2.901 6.25197e+06
3.001 6.32189e+06
3.101 6.19171e+06
3.201 1.02826e+07
3.301 1.00766e+07
3.401 1.00019e+07
3.501 9.99819e+06
3.601 1.00997e+07
3.701 1.02935e+07
3.801 1.04764e+07
3.901 1.06506e+07
4.001 1.06203e+07
4.101 1.03613e+07
4.201 1.05841e+07
4.301 1.07396e+07
4.401 1.10271e+07
4.501 1.09851e+07
4.601 1.11307e+07
4.701 1.15153e+07
4.801 1.14279e+07
4.901 1.11947e+07
5.001 1.18014e+07
5.101 1.18787e+07
5.201 1.19824e+07
5.301 1.18257e+07
5.401 1.16646e+07
5.501 1.18536e+07
5.601 1.23335e+07
5.701 1.21171e+07
5.801 1.20911e+07
5.901 1.25057e+07
6.001 1.25267e+07
6.101 1.25327e+07
6.201 1.23306e+07
6.301 1.23594e+07
6.401 1.24336e+07
6.501 1.28569e+07
6.601 1.28958e+07
6.701 1.27569e+07
6.801 1.26329e+07
6.901 1.27502e+07
7.001 1.31175e+07
7.101 1.29381e+07
7.201 1.29076e+07
7.301 1.32442e+07
7.401 1.32659e+07
7.501 1.33103e+07
7.601 1.33606e+07
7.701 1.31871e+07
7.801 1.31715e+07
7.901 1.32234e+07
8.001 1.34474e+07
8.101 1.32814e+07
8.201 1.33519e+07
8.301 1.35626e+07
8.401 1.35611e+07
8.501 1.34016e+07
8.601 1.36389e+07
8.701 1.36807e+07
8.801 1.37042e+07
8.901 1.36782e+07
9.001 1.35263e+07
9.101 1.35692e+07
9.201 1.36095e+07
9.301 1.37772e+07
9.401 1.36307e+07
9.501 1.37005e+07
9.601 1.39142e+07
9.701 1.39222e+07
9.801 1.38276e+07
9.901 1.36879e+07
10.001 1.37879e+07
10.101 1.4051e+07
10.201 1.4065e+07
10.301 1.40323e+07
10.401 1.38973e+07
10.501 1.39328e+07
10.601 1.39625e+07
10.701 1.41048e+07
10.801 1.39742e+07
10.901 1.40307e+07
11.001 1.42344e+07
11.101 1.42447e+07
11.201 1.42717e+07
11.301 1.42125e+07
11.401 1.40879e+07
11.501 1.41534e+07
11.601 1.41707e+07
11.701 1.42427e+07
11.801 1.42191e+07
11.901 1.42436e+07
12.001 1.43665e+07
12.101 1.42955e+07
12.201 1.41783e+07
12.301 1.44155e+07
12.401 1.44265e+07
12.501 1.4449e+07
12.601 1.4349e+07
12.701 1.43134e+07
12.801 1.43365e+07
12.901 1.45108e+07
13.001 1.43992e+07
13.101 1.43848e+07
13.201 1.45523e+07
13.301 1.4544e+07
13.401 1.45203e+07
13.501 1.44127e+07
13.601 1.44237e+07
13.701 1.44423e+07
13.801 1.46278e+07
13.901 1.46345e+07
14.001 1.45424e+07
14.101 1.45081e+07
14.201 1.45274e+07
14.301 1.46841e+07
14.401 1.45822e+07
14.501 1.45679e+07
14.601 1.47244e+07
14.701 1.4724e+07
14.801 1.47386e+07
14.901 1.47425e+07
15.001 1.46442e+07
15.101 1.46391e+07
15.201 1.46564e+07
15.301 1.47517e+07
15.401 1.4656e+07
15.501 1.46967e+07
15.601 1.47959e+07
15.701 1.47794e+07
15.801 1.46859e+07
15.901 1.48178e+07
16.001 1.48306e+07
16.101 1.48388e+07
16.201 1.48061e+07
16.301 1.47153e+07
16.401 1.47435e+07
16.501 1.47563e+07
16.601 1.48344e+07
16.701 1.47456e+07
16.801 1.4789e+07
16.901 1.49026e+07
17.001 1.49031e+07
17.101 1.48324e+07
17.201 1.48263e+07
17.301 1.48077e+07
17.401 1.49548e+07
17.501 1.49567e+07
17.601 1.49236e+07
17.701 1.48393e+07
17.801 1.48649e+07
17.901 1.48704e+07
18.001 1.49469e+07
18.101 1.48644e+07
18.201 1.49037e+07
18.301 1.50198e+07
18.401 1.5023e+07
18.501 1.50351e+07
18.601 1.49852e+07
18.701 1.49051e+07
18.801 1.49502e+07
18.901 1.50669e+07
19.001 1.49876e+07
19.101 1.49783e+07
19.201 1.50759e+07
19.301 1.5061e+07
19.401 1.50051e+07
19.501 1.49281e+07
19.601 1.50826e+07
19.701 1.50861e+07
19.801 1.5097e+07
19.901 1.50212e+07
20.001 1.5004e+07
20.101 1.50153e+07
20.201 1.51145e+07
20.301 1.50401e+07
20.401 1.50363e+07
20.501 1.5138e+07
20.601 1.51316e+07
20.701 1.5106e+07
20.801 1.50334e+07
20.901 1.50461e+07
21.001 1.51676e+07
21.101 1.51735e+07
21.201 1.51753e+07
21.301 1.51041e+07
21.401 1.50873e+07
21.501 1.50972e+07
21.601 1.51901e+07
21.701 1.51201e+07
21.801 1.51163e+07
21.901 1.52155e+07
22.001 1.52146e+07
22.101 1.52236e+07
22.201 1.52156e+07
22.301 1.51474e+07
22.401 1.51502e+07
22.501 1.5159e+07
22.601 1.52135e+07
22.701 1.51465e+07
22.801 1.51798e+07
22.901 1.52443e+07
23.001 1.52244e+07
23.101 1.51585e+07
23.201 1.52548e+07
23.301 1.52576e+07
23.401 1.52655e+07
23.501 1.52333e+07
23.601 1.51688e+07
23.701 1.51938e+07
23.801 1.52963e+07
23.901 1.52458e+07
24.001 1.51936e+07
24.101 1.52186e+07
24.201 1.52946e+07
24.301 1.52946e+07
24.401 1.52359e+07
24.501 1.523e+07
24.601 1.52231e+07
24.701 1.53242e+07
24.801 1.53234e+07
24.901 1.52923e+07
25.001 1.52312e+07
25.101 1.52548e+07
25.201 1.53485e+07
25.301 1.53031e+07
25.401 1.52629e+07
25.501 1.53565e+07
25.601 1.5357e+07
25.701 1.53593e+07
25.801 1.53666e+07
25.901 1.53224e+07
26.001 1.52702e+07
26.101 1.53019e+07
26.201 1.53774e+07
26.301 1.53189e+07
26.401 1.53182e+07
26.501 1.53839e+07
26.601 1.53741e+07
26.701 1.53267e+07
26.801 1.52969e+07
26.901 1.53877e+07
27.001 1.5389e+07
27.101 1.53891e+07
27.201 1.53325e+07
27.301 1.53258e+07
27.401 1.53329e+07
27.501 1.53977e+07
27.601 1.53419e+07
27.701 1.5345e+07
27.801 1.54156e+07
27.901 1.54118e+07
28.001 1.53864e+07
28.101 1.53316e+07
28.201 1.53475e+07
28.301 1.54356e+07
28.401 1.5438e+07
28.501 1.5433e+07
28.601 1.53791e+07
28.701 1.53718e+07
28.801 1.53786e+07
28.901 1.54405e+07
29.001 1.53873e+07
29.101 1.539e+07
29.201 1.54629e+07
29.301 1.54615e+07
29.401 1.54677e+07
29.501 1.54546e+07
29.601 1.54024e+07
29.701 1.54096e+07
29.801 1.54159e+07
29.901 1.54498e+07
30.001 1.54026e+07
30.101 1.5429e+07
30.201 1.54759e+07
30.301 1.54549e+07
30.401 1.54041e+07
30.501 1.54826e+07
30.601 1.54835e+07
30.701 1.54893e+07
30.801 1.5458e+07
30.901 1.5408e+07
31.001 1.54325e+07
31.101 1.55092e+07
31.201 1.54647e+07
31.301 1.54422e+07
31.401 1.55095e+07
31.501 1.55051e+07
31.601 1.55026e+07
31.701 1.54537e+07
31.801 1.54484e+07
31.901 1.54479e+07
32.001 1.5525e+07
32.101 1.55242e+07
32.201 1.54939e+07
32.301 1.54459e+07
32.401 1.5469e+07
32.501 1.55405e+07
32.601 1.54998e+07
32.701 1.54787e+07
32.801 1.55457e+07
32.901 1.55446e+07
33.001 1.55467e+07
33.101 1.55518e+07
33.201 1.55112e+07
33.301 1.54941e+07
33.401 1.54994e+07
33.501 1.55526e+07
33.601 1.55063e+07
33.701 1.55104e+07
33.801 1.5559e+07
33.901 1.55525e+07
34.001 1.55102e+07
34.101 1.55575e+07
34.201 1.55625e+07
34.301 1.5563e+07
34.401 1.55572e+07
34.501 1.55121e+07
34.601 1.55114e+07
34.701 1.55165e+07
34.801 1.55621e+07
34.901 1.55175e+07
35.001 1.55249e+07
35.101 1.55791e+07
35.201 1.55758e+07
35.301 1.55508e+07
35.401 1.55069e+07
35.501 1.55239e+07
35.601 1.55937e+07
35.701 1.55944e+07
35.801 1.55856e+07
35.901 1.55422e+07
36.001 1.55413e+07
36.101 1.55462e+07
36.201 1.55899e+07
36.301 1.5547e+07
36.401 1.55536e+07
36.501 1.56113e+07
36.601 1.56101e+07
36.701 1.56147e+07
36.801 1.55988e+07
36.901 1.55565e+07
37.001 1.5567e+07
37.101 1.55716e+07
37.201 1.55934e+07
37.301 1.55717e+07
37.401 1.55806e+07
37.501 1.56173e+07
37.601 1.5596e+07
37.701 1.55546e+07
37.801 1.56224e+07
37.901 1.56228e+07
38.001 1.56271e+07
38.101 1.55966e+07
38.201 1.55593e+07
38.301 1.55802e+07
38.401 1.5641e+07
38.501 1.56006e+07
38.601 1.5587e+07
38.701 1.5641e+07
38.801 1.56363e+07
38.901 1.56299e+07
39.001 1.55899e+07
39.101 1.55853e+07
39.201 1.55894e+07
39.301 1.56513e+07
39.401 1.56506e+07
39.501 1.56209e+07
39.601 1.55869e+07
39.701 1.56045e+07
39.801 1.56621e+07
39.901 1.56245e+07
40.001 1.56114e+07
40.101 1.5666e+07
40.201 1.56641e+07
40.301 1.56662e+07
40.401 1.56702e+07
40.501 1.5632e+07
40.601 1.56223e+07
40.701 1.56264e+07
40.801 1.56651e+07
40.901 1.56268e+07
41.001 1.56345e+07
41.101 1.56717e+07
41.201 1.56668e+07
41.301 1.56288e+07
41.401 1.56719e+07
41.501 1.56758e+07
41.601 1.5676e+07
41.701 1.56665e+07
41.801 1.5629e+07
41.901 1.56327e+07
42.001 1.56366e+07
42.101 1.56695e+07
42.201 1.56323e+07
42.301 1.56423e+07
42.401 1.56865e+07
42.501 1.5684e+07
42.601 1.56589e+07
42.701 1.56222e+07
42.801 1.56402e+07
42.901 1.5698e+07
43.001 1.56975e+07
43.101 1.56865e+07
43.201 1.56502e+07
43.301 1.5654e+07
43.401 1.56571e+07
43.501 1.56892e+07
43.601 1.56532e+07
43.701 1.56628e+07
43.801 1.57101e+07
43.901 1.57093e+07
44.001 1.57128e+07
44.101 1.56952e+07
44.201 1.56597e+07
44.301 1.56722e+07
44.401 1.56743e+07
44.501 1.56898e+07
44.601 1.56794e+07
44.701 1.5683e+07
44.801 1.57127e+07
44.901 1.56911e+07
45.001 1.56563e+07
45.101 1.5717e+07
45.201 1.57171e+07
45.301 1.57205e+07
45.401 1.56906e+07
45.501 1.56768e+07
45.601 1.56803e+07
45.701 1.57275e+07
45.801 1.56932e+07
45.901 1.56853e+07
46.001 1.57308e+07
46.101 1.57259e+07
46.201 1.57171e+07
46.301 1.56831e+07
46.401 1.56829e+07
46.501 1.56861e+07
46.601 1.5738e+07
46.701 1.57375e+07
46.801 1.57084e+07
46.901 1.56948e+07
47.001 1.5698e+07
47.101 1.5744e+07
47.201 1.57106e+07
47.301 1.57031e+07
47.401 1.57493e+07
47.501 1.57468e+07
47.601 1.57491e+07
47.701 1.57489e+07
47.801 1.57159e+07
47.901 1.57115e+07
48.001 1.57145e+07
48.101 1.57434e+07
48.201 1.57108e+07
48.301 1.57208e+07
48.401 1.57509e+07
48.501 1.57442e+07
48.601 1.57118e+07
48.701 1.57521e+07
48.801 1.57547e+07
48.901 1.57552e+07
49.001 1.57432e+07
49.101 1.57111e+07
49.201 1.57177e+07
49.301 1.57208e+07
49.401 1.57451e+07
49.501 1.57133e+07
49.601 1.57255e+07
49.701 1.57623e+07
49.801 1.57606e+07
49.901 1.57353e+07
50.001 1.57314e+07
50.101 1.57226e+07
50.201 1.57717e+07
50.301 1.57708e+07
50.401 1.57582e+07
50.501 1.5727e+07
50.601 1.57335e+07
50.701 1.57345e+07
50.801 1.57599e+07
50.901 1.57289e+07
51.001 1.57405e+07
51.101 1.57807e+07
51.201 1.57803e+07
51.301 1.57831e+07
51.401 1.57643e+07
51.501 1.57337e+07
51.601 1.5748e+07
51.701 1.57896e+07
51.801 1.57591e+07
51.901 1.57537e+07
52.001 1.57884e+07
52.101 1.57813e+07
52.201 1.57597e+07
52.301 1.57296e+07
52.401 1.57852e+07
52.501 1.57852e+07
52.601 1.5788e+07
52.701 1.57586e+07
52.801 1.57502e+07
52.901 1.57531e+07
53.001 1.579e+07
53.101 1.57603e+07
53.201 1.5757e+07
53.301 1.57949e+07
53.401 1.5791e+07
53.501 1.57804e+07
53.601 1.5751e+07
53.701 1.57539e+07
53.801 1.58001e+07
53.901 1.58012e+07
54.001 1.58009e+07
54.101 1.57722e+07
54.201 1.57636e+07
54.301 1.57665e+07
54.401 1.58027e+07
54.501 1.57737e+07
54.601 1.57704e+07
54.701 1.58089e+07
54.801 1.58075e+07
54.901 1.58099e+07
55.001 1.58063e+07
55.101 1.57776e+07
55.201 1.57768e+07
55.301 1.57796e+07
55.401 1.58011e+07
55.501 1.57727e+07
55.601 1.57847e+07
55.701 1.58101e+07
55.801 1.58014e+07
55.901 1.57731e+07
56.001 1.58114e+07
56.101 1.58118e+07
56.201 1.58139e+07
56.301 1.58e+07
56.401 1.5772e+07
56.501 1.5781e+07
56.601 1.58229e+07
56.701 1.58013e+07
56.801 1.57754e+07
56.901 1.57871e+07
57.001 1.58186e+07
57.101 1.58176e+07
57.201 1.57922e+07
57.301 1.57887e+07
57.401 1.57841e+07
57.501 1.58267e+07
57.601 1.58255e+07
57.701 1.58117e+07
57.801 1.57844e+07
57.901 1.57931e+07
58.001 1.5833e+07
58.101 1.58129e+07
58.201 1.5789e+07
58.301 1.58339e+07
58.401 1.58334e+07
58.501 1.58335e+07
58.601 1.58359e+07
58.701 1.58161e+07
58.801 1.57895e+07
58.901 1.58047e+07
59.001 1.58381e+07
59.101 1.58113e+07
59.201 1.58094e+07
59.301 1.58384e+07
59.401 1.5833e+07
59.501 1.58114e+07
59.601 1.57945e+07
59.701 1.58367e+07
59.801 1.58366e+07
59.901 1.58364e+07
60.001 1.58101e+07
60.101 1.58055e+07
60.201 1.5808e+07
60.301 1.58374e+07
60.401 1.58112e+07
60.501 1.58113e+07
60.601 1.5843e+07
60.701 1.58405e+07
60.801 1.58286e+07
60.901 1.58026e+07
61.001 1.58086e+07
61.101 1.58487e+07
61.201 1.58492e+07
61.301 1.58466e+07
61.401 1.58208e+07
61.501 1.58163e+07
61.601 1.58188e+07
61.701 1.58475e+07
61.801 1.58218e+07
61.901 1.58218e+07
62.001 1.58555e+07
62.101 1.58542e+07
62.201 1.58565e+07
62.301 1.58502e+07
62.401 1.58248e+07
62.501 1.58271e+07
62.601 1.58295e+07
62.701 1.58454e+07
62.801 1.58217e+07
62.901 1.58336e+07
63.001 1.58556e+07
63.101 1.58454e+07
63.201 1.58203e+07
63.301 1.58569e+07
63.401 1.58568e+07
63.501 1.5859e+07
63.601 1.58438e+07
63.701 1.58189e+07
63.801 1.58298e+07
63.901 1.58665e+07
64.001 1.58446e+07
64.101 1.58327e+07
64.201 1.58649e+07
64.301 1.58622e+07
64.401 1.58609e+07
64.501 1.58363e+07
64.601 1.58331e+07
64.701 1.58318e+07
64.801 1.58693e+07
64.901 1.58683e+07
65.001 1.58533e+07
65.101 1.58289e+07
65.201 1.58393e+07
65.301 1.58744e+07
65.401 1.5854e+07
65.501 1.58424e+07
65.601 1.58754e+07
65.701 1.58744e+07
65.801 1.58748e+07
65.901 1.5877e+07
66.001 1.58565e+07
66.101 1.58467e+07
66.201 1.58491e+07
66.301 1.58759e+07
66.401 1.5852e+07
66.501 1.58531e+07
66.601 1.58774e+07
66.701 1.58735e+07
66.801 1.58519e+07
66.901 1.5875e+07
67.001 1.58771e+07
67.101 1.58769e+07
67.201 1.58739e+07
67.301 1.58503e+07
67.401 1.58491e+07
67.501 1.58512e+07
67.601 1.58745e+07
67.701 1.58511e+07
67.801 1.58538e+07
67.901 1.58816e+07
68.001 1.58794e+07
68.101 1.58664e+07
68.201 1.58431e+07
68.301 1.5851e+07
68.401 1.58869e+07
68.501 1.58868e+07
68.601 1.58823e+07
68.701 1.58592e+07
68.801 1.58577e+07
68.901 1.58597e+07
69.001 1.58828e+07
69.101 1.58598e+07
69.201 1.58624e+07
69.301 1.58923e+07
69.401 1.58913e+07
69.501 1.58933e+07
69.601 1.5885e+07
69.701 1.58622e+07
69.801 1.58667e+07
69.901 1.58687e+07
70.001 1.58805e+07
70.101 1.58662e+07
70.201 1.58724e+07
70.301 1.58916e+07
70.401 1.58802e+07
70.501 1.58577e+07
70.601 1.58931e+07
70.701 1.58929e+07
70.801 1.58948e+07
70.901 1.58786e+07
71.001 1.58562e+07
71.101 1.58684e+07
71.201 1.59009e+07
71.301 1.58791e+07
71.401 1.58708e+07
71.501 1.58998e+07
71.601 1.58969e+07
71.701 1.58935e+07
71.801 1.58714e+07
71.901 1.58685e+07
72.001 1.58697e+07
72.101 1.59033e+07
72.201 1.59025e+07
72.301 1.58864e+07
72.401 1.58648e+07
72.501 1.58766e+07
72.601 1.59075e+07
72.701 1.58869e+07
72.801 1.58788e+07
72.901 1.59085e+07
73.001 1.59072e+07
73.101 1.5908e+07
73.201 1.59099e+07
73.301 1.58889e+07
73.401 1.58828e+07
73.501 1.58845e+07
73.601 1.59062e+07
73.701 1.58846e+07
73.801 1.5888e+07
73.901 1.59087e+07
74.001 1.59058e+07
74.101 1.58843e+07
74.201 1.59076e+07
74.301 1.59094e+07
74.401 1.59092e+07
74.501 1.5904e+07
74.601 1.58827e+07
74.701 1.58839e+07
74.801 1.58858e+07
74.901 1.59045e+07
75.001 1.58832e+07
75.101 1.58882e+07
75.201 1.59127e+07
75.301 1.5911e+07
75.401 1.58969e+07
75.501 1.58758e+07
75.601 1.58852e+07
75.701 1.59177e+07
75.801 1.59172e+07
75.901 1.5911e+07
76.001 1.58901e+07
76.101 1.58915e+07
76.201 1.58931e+07
76.301 1.59114e+07
76.401 1.58905e+07
76.501 1.58952e+07
76.601 1.59221e+07
76.701 1.59213e+07
76.801 1.59231e+07
76.901 1.59131e+07
77.001 1.58924e+07
77.101 1.5899e+07
77.201 1.59002e+07
77.301 1.59089e+07
77.401 1.59022e+07
77.501 1.5904e+07
77.601 1.59208e+07
77.701 1.59085e+07
77.801 1.58881e+07
77.901 1.59225e+07
78.001 1.59223e+07
78.101 1.5924e+07
78.201 1.59068e+07
78.301 1.58984e+07
78.401 1.58999e+07
78.501 1.59275e+07
78.601 1.59072e+07
78.701 1.5902e+07
78.801 1.59282e+07
78.901 1.59252e+07
79.001 1.59201e+07
79.101 1.59e+07
79.201 1.58991e+07
79.301 1.59008e+07
79.401 1.5931e+07
79.501 1.59304e+07
79.601 1.59134e+07
79.701 1.59047e+07
79.801 1.59065e+07
79.901 1.59337e+07
80.001 1.59137e+07
80.101 1.59086e+07
80.201 1.59357e+07
80.301 1.59341e+07
80.401 1.59351e+07
80.501 1.59352e+07
80.601 1.59154e+07
80.701 1.5912e+07
80.801 1.59137e+07
80.901 1.5931e+07
81.001 1.59113e+07
81.101 1.59167e+07
81.201 1.59344e+07
81.301 1.59305e+07
81.401 1.5911e+07
81.501 1.59344e+07
81.601 1.59359e+07
81.701 1.59358e+07
81.801 1.59288e+07
81.901 1.59093e+07
82.001 1.59127e+07
82.101 1.59144e+07
82.201 1.5929e+07
82.301 1.59097e+07
82.401 1.59163e+07
82.501 1.59384e+07
82.601 1.59371e+07
82.701 1.5922e+07
82.801 1.59194e+07
82.901 1.59134e+07
83.001 1.59429e+07
83.101 1.59423e+07
83.201 1.59348e+07
83.301 1.59156e+07
83.401 1.5919e+07
83.501 1.59197e+07
83.601 1.59349e+07
83.701 1.59159e+07
83.801 1.59224e+07
83.901 1.59467e+07
84.001 1.59461e+07
84.101 1.59477e+07
84.201 1.59364e+07
84.301 1.59175e+07
84.401 1.59255e+07
84.501 1.59512e+07
84.601 1.59324e+07
84.701 1.59284e+07
84.801 1.593e+07
84.901 1.59451e+07
85.001 1.59319e+07
85.101 1.59132e+07
85.201 1.59468e+07
85.301 1.59466e+07
85.401 1.59482e+07
85.501 1.59303e+07
85.601 1.59244e+07
85.701 1.5926e+07
85.801 1.59491e+07
85.901 1.59305e+07
86.001 1.59279e+07
86.101 1.59513e+07
86.201 1.59486e+07
86.301 1.59422e+07
86.401 1.59237e+07
86.501 1.59254e+07
86.601 1.59535e+07
86.701 1.5954e+07
86.801 1.59537e+07
86.901 1.59359e+07
87.001 1.59301e+07
87.101 1.59317e+07
87.201 1.59544e+07
87.301 1.59361e+07
87.401 1.59334e+07
87.501 1.59575e+07
87.601 1.59564e+07
87.701 1.59577e+07
87.801 1.59556e+07
87.901 1.59375e+07
88.001 1.59365e+07
88.101 1.5938e+07
88.201 1.59517e+07
88.301 1.59337e+07
88.401 1.59406e+07
88.501 1.59566e+07
88.601 1.59512e+07
88.701 1.59332e+07
88.801 1.59568e+07
88.901 1.59571e+07
89.001 1.5958e+07
89.101 1.59495e+07
89.201 1.59316e+07
89.301 1.59368e+07
89.401 1.59631e+07
89.501 1.59496e+07
89.601 1.59318e+07
89.701 1.594e+07
89.801 1.59598e+07
89.901 1.5959e+07
90.001 1.5943e+07
90.101 1.59407e+07
90.201 1.59372e+07
90.301 1.59641e+07
90.401 1.59633e+07
90.501 1.59547e+07
90.601 1.5937e+07
90.701 1.5942e+07
90.801 1.59408e+07
90.901 1.59547e+07
91.001 1.59372e+07
91.101 1.59675e+07
91.201 1.59671e+07
91.301 1.59669e+07
91.401 1.59684e+07
91.501 1.59559e+07
91.601 1.59385e+07
91.701 1.5948e+07
91.801 1.59695e+07
91.901 1.59522e+07
92.001 1.59505e+07
92.101 1.59692e+07
92.201 1.59654e+07
92.301 1.59517e+07
92.401 1.59388e+07
92.501 1.59673e+07
92.601 1.59671e+07
92.701 1.59672e+07
92.801 1.595e+07
92.901 1.59466e+07
93.001 1.59481e+07
93.101 1.59673e+07
93.201 1.59501e+07
93.301 1.59497e+07
93.401 1.59703e+07
93.501 1.59685e+07
93.601 1.59609e+07
93.701 1.59438e+07
93.801 1.59472e+07
93.901 1.59732e+07
94.001 1.59734e+07
94.101 1.59719e+07
94.201 1.5955e+07
94.301 1.59515e+07
94.401 1.59529e+07
94.501 1.59719e+07
94.601 1.5955e+07
94.701 1.59546e+07
94.801 1.59765e+07
94.901 1.59755e+07
95.001 1.59769e+07
95.101 1.5973e+07
95.201 1.59562e+07
95.301 1.59571e+07
95.401 1.59585e+07
95.501 1.59693e+07
95.601 1.59532e+07
95.701 1.59609e+07
95.801 1.59753e+07
95.901 1.59687e+07
96.001 1.59521e+07
96.101 1.59757e+07
96.201 1.59755e+07
96.301 1.59769e+07
96.401 1.59671e+07
96.501 1.59505e+07
96.601 1.59571e+07
96.701 1.59814e+07
96.801 1.59671e+07
96.901 1.59586e+07
97.001 1.59799e+07
97.101 1.59781e+07
97.201 1.59773e+07
97.301 1.59609e+07
97.401 1.59587e+07
97.501 1.59573e+07
97.601 1.59821e+07
97.701 1.59814e+07
97.801 1.59716e+07
97.901 1.59553e+07
98.001 1.59617e+07
98.101 1.5985e+07
98.201 1.59716e+07
98.301 1.59634e+07
98.401 1.59853e+07
98.501 1.59846e+07
98.601 1.59847e+07
98.701 1.5986e+07
98.801 1.59726e+07
98.901 1.59643e+07
99.001 1.5967e+07
99.101 1.59851e+07
99.201 1.5969e+07
99.301 1.59693e+07
99.401 1.59856e+07
99.501 1.59828e+07
99.601 1.59685e+07
99.701 1.59836e+07
99.801 1.59848e+07
99.901 1.59846e+07
100.001 1.59829e+07
100.101 1.59669e+07
100.201 1.59655e+07
100.301 1.59668e+07
100.401 1.59828e+07
100.501 1.59669e+07
100.601 1.59684e+07
100.701 1.5987e+07
100.801 1.59854e+07
100.901 1.59768e+07
101.001 1.5961e+07
101.101 1.59658e+07
101.201 1.599e+07
101.301 1.59899e+07
101.401 1.5987e+07
101.501 1.59713e+07
101.601 1.597e+07
101.701 1.59712e+07
101.801 1.5987e+07
101.901 1.59713e+07
102.001 1.59725e+07
102.101 1.59928e+07
102.201 1.5992e+07
102.301 1.59932e+07
102.401 1.59878e+07
102.501 1.59722e+07
102.601 1.59749e+07
102.701 1.59762e+07
102.801 1.59843e+07
102.901 1.59728e+07
103.001 1.59784e+07
103.101 1.59914e+07
103.201 1.59838e+07
103.301 1.59683e+07
103.401 1.59921e+07
103.501 1.59918e+07
103.601 1.59931e+07
103.701 1.59821e+07
103.801 1.59667e+07
103.901 1.59747e+07
104.001 1.59969e+07
104.101 1.59821e+07
104.201 1.59761e+07
104.301 1.59958e+07
104.401 1.59938e+07
104.501 1.59916e+07
104.601 1.59763e+07
104.701 1.59742e+07
104.801 1.59747e+07
104.901 1.59976e+07
105.001 1.5997e+07
105.101 1.59861e+07
105.201 1.5971e+07
105.301 1.59789e+07
105.401 1.60001e+07
105.501 1.59861e+07
105.601 1.59801e+07
105.701 1.60006e+07
105.801 1.59996e+07
105.901 1.6e+07
106.001 1.60012e+07
106.101 1.59869e+07
106.201 1.59823e+07
106.301 1.59835e+07
106.401 1.59986e+07
106.501 1.59836e+07
106.601 1.59856e+07
106.701 1.59999e+07
106.801 1.59979e+07
106.901 1.5983e+07
107.001 1.59988e+07
107.101 1.6e+07
107.201 1.59997e+07
107.301 1.59964e+07
107.401 1.59815e+07
107.501 1.59819e+07
107.601 1.59831e+07
107.701 1.59963e+07
107.801 1.59815e+07
107.901 1.59844e+07
108.001 1.60016e+07
108.101 1.60002e+07
108.201 1.59906e+07
108.301 1.59758e+07
108.401 1.5982e+07
108.501 1.60046e+07
108.601 1.60042e+07
108.701 1.60001e+07
108.801 1.59854e+07
108.901 1.59859e+07
109.001 1.59869e+07
109.101 1.6e+07
109.201 1.59853e+07
109.301 1.59882e+07
109.401 1.6007e+07
109.501 1.60063e+07
109.601 1.60075e+07
109.701 1.60007e+07
109.801 1.59861e+07
109.901 1.59903e+07
110.001 1.59914e+07
110.101 1.59974e+07
110.201 1.59923e+07
110.301 1.59935e+07
110.401 1.60053e+07
110.501 1.59968e+07
110.601 1.59824e+07
110.701 1.60062e+07
110.801 1.6006e+07
110.901 1.60071e+07
111.001 1.59952e+07
111.101 1.59892e+07
111.201 1.59899e+07
111.301 1.60096e+07
111.401 1.59952e+07
111.501 1.59912e+07
111.601 1.60096e+07
111.701 1.60074e+07
111.801 1.6004e+07
111.901 1.59897e+07
112.001 1.59887e+07
112.101 1.59898e+07
112.201 1.60111e+07
112.301 1.60106e+07
112.401 1.59988e+07
112.501 1.59924e+07
112.601 1.59935e+07
112.701 1.60129e+07
112.801 1.59987e+07
112.901 1.59947e+07
113.001 1.60139e+07
113.101 1.60127e+07
113.201 1.60133e+07
113.301 1.60136e+07
113.401 1.59995e+07
113.501 1.59967e+07
113.601 1.59979e+07
113.701 1.60103e+07
113.801 1.59963e+07
113.901 1.59997e+07
114.001 1.60124e+07
114.101 1.60097e+07
114.201 1.59957e+07
114.301 1.6012e+07
114.401 1.60131e+07
114.501 1.60129e+07
114.601 1.60082e+07
114.701 1.59942e+07
114.801 1.59963e+07
114.901 1.59974e+07
115.001 1.60081e+07
115.101 1.59941e+07
115.201 1.59986e+07
115.301 1.60143e+07
115.401 1.60132e+07
115.501 1.60027e+07
115.601 1.60008e+07
115.701 1.59961e+07
115.801 1.60172e+07
115.901 1.60167e+07
116.001 1.60115e+07
116.101 1.59977e+07
116.201 1.59997e+07
116.301 1.60005e+07
116.401 1.60113e+07
116.501 1.59976e+07
116.601 1.60018e+07
116.701 1.60193e+07
116.801 1.60188e+07
116.901 1.60199e+07
117.001 1.6012e+07
117.101 1.59983e+07
117.201 1.60038e+07
117.301 1.60032e+07
117.401 1.60088e+07
117.501 1.60057e+07
117.601 1.60067e+07
117.701 1.60176e+07
117.801 1.60083e+07
117.901 1.59947e+07
118.001 1.60186e+07
118.101 1.60184e+07
118.201 1.60194e+07
118.301 1.60067e+07
118.401 1.60022e+07
118.501 1.60033e+07
118.601 1.60201e+07
118.701 1.60066e+07
118.801 1.60044e+07
118.901 1.60215e+07
119.001 1.60194e+07
119.101 1.60149e+07
119.201 1.60014e+07
119.301 1.60022e+07
119.401 1.60226e+07
119.501 1.60229e+07
119.601 1.60226e+07
119.701 1.601e+07
119.801 1.60055e+07
119.901 1.60064e+07
120.001 1.60232e+07
120.101 1.60098e+07
120.201 1.60077e+07
120.301 1.60251e+07
120.401 1.60242e+07
120.501 1.6025e+07
120.601 1.60237e+07
120.701 1.60105e+07
120.801 1.60094e+07
120.901 1.60104e+07
121.001 1.60207e+07
121.101 1.60074e+07
121.201 1.60122e+07
121.301 1.60238e+07
121.401 1.60201e+07
121.501 1.60069e+07
121.601 1.60237e+07
121.701 1.60241e+07
121.801 1.60245e+07
121.901 1.60185e+07
122.001 1.60054e+07
122.101 1.60088e+07
122.201 1.60088e+07
122.301 1.60184e+07
122.401 1.60053e+07
122.501 1.60109e+07
122.601 1.60255e+07
122.701 1.60247e+07
122.801 1.60133e+07
122.901 1.60115e+07
123.001 1.60086e+07
123.101 1.60283e+07
123.201 1.60277e+07
123.301 1.60215e+07
123.401 1.60085e+07
123.501 1.60119e+07
123.601 1.60112e+07
123.701 1.60214e+07
123.801 1.60084e+07
123.901 1.60304e+07
124.001 1.60301e+07
124.101 1.60299e+07
124.201 1.60309e+07
124.301 1.60219e+07
124.401 1.6009e+07
124.501 1.60156e+07
124.601 1.60318e+07
124.701 1.60189e+07
124.801 1.60174e+07
124.901 1.60312e+07
125.001 1.60284e+07
125.101 1.60184e+07
125.201 1.60075e+07
125.301 1.60296e+07
125.401 1.60293e+07
125.501 1.60296e+07
125.601 1.60169e+07
125.701 1.60141e+07
125.801 1.6015e+07
125.901 1.60295e+07
126.001 1.60168e+07
126.101 1.60161e+07
126.201 1.60314e+07
126.301 1.603e+07
126.401 1.60245e+07
126.501 1.60118e+07
126.601 1.6014e+07
126.701 1.60332e+07
126.801 1.60334e+07
126.901 1.60324e+07
127.001 1.60198e+07
127.101 1.6017e+07
127.201 1.6018e+07
127.301 1.60323e+07
127.401 1.60197e+07
127.501 1.60189e+07
127.601 1.60352e+07
127.701 1.60345e+07
127.801 1.60354e+07
127.901 1.60327e+07
128.001 1.60202e+07
128.101 1.60207e+07
128.201 1.60216e+07
128.301 1.60298e+07
128.401 1.60175e+07
128.501 1.60233e+07
128.601 1.6034e+07
128.701 1.60292e+07
128.801 1.60168e+07
128.901 1.60341e+07
129.001 1.60339e+07
129.101 1.60348e+07
129.201 1.60277e+07
129.301 1.60153e+07
129.401 1.602e+07
129.501 1.60381e+07
129.601 1.60276e+07
129.701 1.60206e+07
129.801 1.60368e+07
129.901 1.60354e+07
130.001 1.6035e+07
130.101 1.60227e+07
130.201 1.6021e+07
130.301 1.60197e+07
130.401 1.60382e+07
130.501 1.60376e+07
130.601 1.60305e+07
130.701 1.60182e+07
130.801 1.60227e+07
130.901 1.60401e+07
131.001 1.60303e+07
131.101 1.60238e+07
131.201 1.60402e+07
131.301 1.60397e+07
131.401 1.60397e+07
131.501 1.60406e+07
131.601 1.60308e+07
131.701 1.60232e+07
131.801 1.60263e+07
131.901 1.60401e+07
132.001 1.60279e+07
132.101 1.60279e+07
132.201 1.60402e+07
132.301 1.6038e+07
132.401 1.60274e+07
132.501 1.60384e+07
132.601 1.60393e+07
132.701 1.60391e+07
132.801 1.6038e+07
132.901 1.60259e+07
133.001 1.60246e+07
133.101 1.60256e+07
133.201 1.60378e+07
133.301 1.60258e+07
133.401 1.60265e+07
133.501 1.60406e+07
133.601 1.60394e+07
133.701 1.6033e+07
133.801 1.60211e+07
133.901 1.60244e+07
134.001 1.60426e+07
134.101 1.60426e+07
134.201 1.60405e+07
134.301 1.60286e+07
134.401 1.60272e+07
134.501 1.60281e+07
134.601 1.60403e+07
134.701 1.60284e+07
134.801 1.60292e+07
134.901 1.60444e+07
135.001 1.60438e+07
135.101 1.60447e+07
135.201 1.60408e+07
135.301 1.60289e+07
135.401 1.60306e+07
135.501 1.60315e+07
135.601 1.6038e+07
135.701 1.6028e+07
135.801 1.60331e+07
135.901 1.6043e+07
136.001 1.60374e+07
136.101 1.60256e+07
136.201 1.60433e+07
136.301 1.60431e+07
136.401 1.6044e+07
136.501 1.60359e+07
136.601 1.60242e+07
136.701 1.60299e+07
136.801 1.60468e+07
136.901 1.60358e+07
137.001 1.60309e+07
137.101 1.60458e+07
137.201 1.60443e+07
137.301 1.60428e+07
137.401 1.60312e+07
137.501 1.60295e+07
137.601 1.60296e+07
137.701 1.60471e+07
137.801 1.60465e+07
137.901 1.60385e+07
138.001 1.60268e+07
138.101 1.60326e+07
138.201 1.60488e+07
138.301 1.60383e+07
138.401 1.60334e+07
138.501 1.6049e+07
138.601 1.60483e+07
138.701 1.60485e+07
138.801 1.60494e+07
138.901 1.60387e+07
139.001 1.60349e+07
139.101 1.60358e+07
139.201 1.60475e+07
139.301 1.6036e+07
139.401 1.60372e+07
139.501 1.60483e+07
139.601 1.60466e+07
139.701 1.60354e+07
139.801 1.60472e+07
139.901 1.6048e+07
140.001 1.60478e+07
140.101 1.60455e+07
140.201 1.6034e+07
140.301 1.60341e+07
140.401 1.6035e+07
140.501 1.60453e+07
140.601 1.60339e+07
140.701 1.60359e+07
140.801 1.6049e+07
140.901 1.60479e+07
141.001 1.60407e+07
141.101 1.60294e+07
141.201 1.60338e+07
141.301 1.60511e+07
141.401 1.60508e+07
141.501 1.60478e+07
141.601 1.60365e+07
141.701 1.60366e+07
141.801 1.60374e+07
141.901 1.60476e+07
142.001 1.60363e+07
142.101 1.60382e+07
142.201 1.60527e+07
142.301 1.60521e+07
142.401 1.6053e+07
142.501 1.6048e+07
142.601 1.60367e+07
142.701 1.60397e+07
142.801 1.60405e+07
142.901 1.60453e+07
143.001 1.60411e+07
143.101 1.6042e+07
143.201 1.60511e+07
143.301 1.60447e+07
143.401 1.60335e+07
143.501 1.60517e+07
143.601 1.60514e+07
143.701 1.60523e+07
143.801 1.60433e+07
143.901 1.60386e+07
144.001 1.60389e+07
144.101 1.60543e+07
144.201 1.60432e+07
144.301 1.60398e+07
144.401 1.6054e+07
144.501 1.60523e+07
144.601 1.60498e+07
144.701 1.60387e+07
144.801 1.60377e+07
144.901 1.60385e+07
145.001 1.6055e+07
145.101 1.60546e+07
145.201 1.60456e+07
145.301 1.60399e+07
145.401 1.60413e+07
145.501 1.60565e+07
145.601 1.60454e+07
145.701 1.6042e+07
145.801 1.60569e+07
145.901 1.6056e+07
146.001 1.60564e+07
146.101 1.60568e+07
146.201 1.60458e+07
146.301 1.60434e+07
146.401 1.60442e+07
146.501 1.60542e+07
146.601 1.60432e+07
146.701 1.60456e+07
146.801 1.60555e+07
146.901 1.60536e+07
147.001 1.60427e+07
147.101 1.60551e+07
147.201 1.60559e+07
147.301 1.60557e+07
147.401 1.60522e+07
147.501 1.60413e+07
147.601 1.60426e+07
147.701 1.60435e+07
147.801 1.6052e+07
147.901 1.60411e+07
148.001 1.60443e+07
148.101 1.60566e+07
148.201 1.60557e+07
148.301 1.60477e+07
148.401 1.60374e+07
148.501 1.60422e+07
148.601 1.60587e+07
148.701 1.60583e+07
148.801 1.60544e+07
148.901 1.60436e+07
149.001 1.60449e+07
149.101 1.60456e+07
149.201 1.60541e+07
149.301 1.60434e+07
149.401 1.60465e+07
149.501 1.60601e+07
149.601 1.60597e+07
149.701 1.60605e+07
149.801 1.60545e+07
149.901 1.60438e+07
150.001 1.60477e+07
150.101 1.60475e+07
150.201 1.60519e+07
150.301 1.60491e+07
150.401 1.60499e+07
150.501 1.60585e+07
150.601 1.60513e+07
150.701 1.60407e+07
150.801 1.60591e+07
150.901 1.6059e+07
151.001 1.60598e+07
151.101 1.605e+07
151.201 1.60462e+07
151.301 1.6047e+07
151.401 1.60604e+07
151.501 1.60498e+07
151.601 1.60478e+07
151.701 1.60613e+07
151.801 1.60595e+07
151.901 1.60561e+07
152.001 1.60456e+07
152.101 1.6046e+07
152.201 1.60619e+07
152.301 1.60622e+07
152.401 1.60619e+07
152.501 1.60521e+07
152.601 1.60483e+07
152.701 1.60491e+07
152.801 1.60624e+07
152.901 1.60519e+07
153.001 1.60501e+07
153.101 1.60638e+07
153.201 1.6063e+07
153.301 1.60635e+07
153.401 1.60627e+07
153.501 1.60523e+07
153.601 1.60512e+07
153.701 1.6052e+07
153.801 1.60602e+07
153.901 1.60498e+07
154.001 1.60533e+07
154.101 1.60624e+07
154.201 1.60596e+07
154.301 1.60492e+07
154.401 1.60623e+07
154.501 1.60626e+07
154.601 1.60628e+07
154.701 1.60583e+07
154.801 1.60479e+07
154.901 1.60504e+07
155.001 1.60506e+07
155.101 1.60581e+07
155.201 1.60477e+07
155.301 1.60519e+07
155.401 1.60634e+07
155.501 1.60628e+07
155.601 1.60539e+07
155.701 1.60525e+07
155.801 1.605e+07
155.901 1.60655e+07
156.001 1.6065e+07
156.101 1.60603e+07
156.201 1.605e+07
156.301 1.60524e+07
156.401 1.6052e+07
156.501 1.60601e+07
156.601 1.60498e+07
156.701 1.6054e+07
156.801 1.60667e+07
156.901 1.60665e+07
157.001 1.60673e+07
157.101 1.60604e+07
157.201 1.60501e+07
157.301 1.60552e+07
157.401 1.60681e+07
157.501 1.60579e+07
157.601 1.60565e+07
157.701 1.60675e+07
157.801 1.60651e+07
157.901 1.60574e+07
158.001 1.60477e+07
158.101 1.6066e+07
158.201 1.60658e+07
158.301 1.60662e+07
158.401 1.60561e+07
158.501 1.60536e+07
158.601 1.60543e+07
158.701 1.6066e+07
158.801 1.60559e+07
158.901 1.60551e+07
159.001 1.60674e+07
159.101 1.60661e+07
159.201 1.60619e+07
159.301 1.60518e+07
159.401 1.60533e+07
159.501 1.60685e+07
159.601 1.60687e+07
159.701 1.60681e+07
159.801 1.6058e+07
159.901 1.60555e+07
160.001 1.60563e+07
160.101 1.60679e+07
160.201 1.60578e+07
160.301 1.60571e+07
160.401 1.607e+07
160.501 1.60693e+07
160.601 1.60701e+07
160.701 1.60681e+07
160.801 1.60581e+07
160.901 1.60582e+07
161.001 1.60589e+07
161.101 1.60657e+07
161.201 1.60557e+07
161.301 1.60602e+07
161.401 1.60687e+07
161.501 1.60651e+07
161.601 1.60552e+07
161.701 1.60688e+07
161.801 1.60686e+07
161.901 1.60693e+07
162.001 1.60638e+07
162.101 1.60539e+07
162.201 1.60574e+07
162.301 1.60718e+07
162.401 1.60636e+07
162.501 1.6057e+07
162.601 1.60707e+07
162.701 1.60697e+07
162.801 1.60692e+07
162.901 1.60596e+07
163.001 1.60582e+07
163.101 1.60569e+07
163.201 1.60718e+07
163.301 1.60712e+07
163.401 1.60657e+07
163.501 1.60559e+07
163.601 1.60594e+07
163.701 1.60732e+07
163.801 1.60655e+07
163.901 1.60601e+07
164.001 1.60732e+07
164.101 1.60728e+07
164.201 1.60727e+07
164.301 1.60734e+07
164.401 1.60657e+07
164.501 1.60586e+07
164.601 1.60619e+07
164.701 1.60731e+07
164.801 1.60634e+07
164.901 1.60631e+07
165.001 1.60731e+07
165.101 1.60712e+07
165.201 1.60628e+07
165.301 1.60715e+07
165.401 1.60722e+07
165.501 1.6072e+07
165.601 1.60713e+07
165.701 1.60616e+07
165.801 1.60604e+07
165.901 1.60611e+07
166.001 1.60711e+07
166.101 1.60614e+07
166.201 1.60618e+07
166.301 1.60731e+07
166.401 1.60721e+07
166.501 1.60671e+07
166.601 1.60575e+07
166.701 1.60599e+07
166.801 1.60746e+07
166.901 1.60745e+07
167.001 1.60731e+07
167.101 1.60634e+07
167.201 1.60621e+07
167.301 1.60629e+07
167.401 1.60728e+07
167.501 1.60632e+07
167.601 1.60635e+07
167.701 1.60759e+07
167.801 1.60753e+07
167.901 1.6076e+07
168.001 1.6073e+07
168.101 1.60635e+07
168.201 1.60647e+07
168.301 1.60654e+07
168.401 1.60707e+07
168.501 1.60622e+07
168.601 1.60666e+07
168.701 1.60745e+07
168.801 1.60702e+07
168.901 1.60606e+07
169.001 1.60747e+07
169.101 1.60745e+07
169.201 1.60752e+07
169.301 1.60689e+07
169.401 1.60594e+07
169.501 1.60638e+07
169.601 1.60775e+07
169.701 1.60687e+07
169.801 1.60645e+07
169.901 1.60766e+07
170.001 1.60754e+07
170.101 1.60743e+07
170.201 1.60649e+07
170.301 1.60635e+07
170.401 1.60634e+07
170.501 1.60775e+07
170.601 1.6077e+07
170.701 1.60707e+07
170.801 1.60613e+07
170.901 1.60657e+07
171.001 1.60788e+07
171.101 1.60704e+07
171.201 1.60663e+07
171.301 1.60789e+07
171.401 1.60783e+07
171.501 1.60784e+07
171.601 1.60791e+07
171.701 1.60707e+07
171.801 1.60673e+07
171.901 1.6068e+07
172.001 1.60777e+07
172.101 1.60684e+07
172.201 1.60692e+07
172.301 1.60782e+07
172.401 1.60767e+07
172.501 1.60679e+07
172.601 1.60772e+07
172.701 1.60779e+07
172.801 1.60777e+07
172.901 1.60759e+07
173.001 1.60666e+07
173.101 1.60665e+07
173.201 1.60672e+07
173.301 1.60757e+07
173.401 1.60664e+07
173.501 1.60678e+07
173.601 1.60785e+07
173.701 1.60776e+07
173.801 1.60719e+07
173.901 1.60627e+07
174.001 1.60661e+07
174.101 1.60801e+07
174.201 1.60799e+07
174.301 1.60776e+07
174.401 1.60684e+07
174.501 1.60682e+07
174.601 1.60688e+07
174.701 1.60773e+07
174.801 1.60682e+07
174.901 1.60695e+07
175.001 1.60812e+07
175.101 1.60808e+07
175.201 1.60814e+07
175.301 1.60775e+07
175.401 1.60684e+07
175.501 1.60705e+07
175.601 1.60712e+07
175.701 1.60753e+07
175.801 1.60717e+07
175.901 1.60724e+07
176.001 1.60798e+07
176.101 1.60748e+07
176.201 1.60656e+07
176.301 1.60802e+07
176.401 1.608e+07
176.501 1.60807e+07
176.601 1.60736e+07
176.701 1.60697e+07
176.801 1.60697e+07
176.901 1.60824e+07
177.001 1.60733e+07
177.101 1.60704e+07
177.201 1.60819e+07
177.301 1.60806e+07
177.401 1.60787e+07
177.501 1.60697e+07
177.601 1.60686e+07
177.701 1.60693e+07
177.801 1.60827e+07
177.901 1.60823e+07
178.001 1.60752e+07
178.101 1.60693e+07
178.201 1.60714e+07
178.301 1.60839e+07
178.401 1.6075e+07
178.501 1.6072e+07
178.601 1.60841e+07
178.701 1.60834e+07
178.801 1.60837e+07
178.901 1.60842e+07
179.001 1.60752e+07
179.101 1.6073e+07
179.201 1.60737e+07
179.301 1.6082e+07
179.401 1.6073e+07
179.501 1.60748e+07
179.601 1.60829e+07
179.701 1.60814e+07
179.801 1.60725e+07
179.901 1.60824e+07
180.001 1.60831e+07
180.101 1.60829e+07
180.201 1.60802e+07
180.301 1.60713e+07
180.401 1.60722e+07
180.501 1.60729e+07
180.601 1.608e+07
180.701 1.60711e+07
180.801 1.60735e+07
180.901 1.60835e+07
181.001 1.60828e+07
181.101 1.60763e+07
181.201 1.60675e+07
181.301 1.60717e+07
181.401 1.60852e+07
181.501 1.60848e+07
181.601 1.60818e+07
181.701 1.60729e+07
181.801 1.60738e+07
181.901 1.60744e+07
182.001 1.60815e+07
182.101 1.60727e+07
182.201 1.60751e+07
182.301 1.60862e+07
182.401 1.60858e+07
182.501 1.60865e+07
182.601 1.60817e+07
182.701 1.60729e+07
182.801 1.6076e+07
182.901 1.6076e+07
183.001 1.60795e+07
183.101 1.60771e+07
183.201 1.60777e+07
183.301 1.60847e+07
183.401 1.6079e+07
183.501 1.60703e+07
183.601 1.60852e+07
183.701 1.6085e+07
183.801 1.60857e+07
183.901 1.60778e+07
184.001 1.60745e+07
184.101 1.60752e+07
184.201 1.60864e+07
184.301 1.60776e+07
184.401 1.60758e+07
184.501 1.60869e+07
184.601 1.60854e+07
184.701 1.60828e+07
184.801 1.60741e+07
184.901 1.60742e+07
185.001 1.60745e+07
185.101 1.60875e+07
185.201 1.60872e+07
185.301 1.60794e+07
185.401 1.6076e+07
185.501 1.60767e+07
185.601 1.60878e+07
185.701 1.60792e+07
185.801 1.60774e+07
185.901 1.60888e+07
186.001 1.6088e+07
186.101 1.60885e+07
186.201 1.6088e+07
186.301 1.60793e+07
186.401 1.60782e+07
186.501 1.60789e+07
186.601 1.60858e+07
186.701 1.60772e+07
186.801 1.60799e+07
186.901 1.60875e+07
187.001 1.60853e+07
187.101 1.60767e+07
187.201 1.60873e+07
187.301 1.60876e+07
187.401 1.60877e+07
187.501 1.60841e+07
187.601 1.60756e+07
187.701 1.60774e+07
187.801 1.60777e+07
187.901 1.60839e+07
188.001 1.60754e+07
188.101 1.60787e+07
188.201 1.60881e+07
188.301 1.60876e+07
188.401 1.60804e+07
188.501 1.60792e+07
188.601 1.60769e+07
188.701 1.60898e+07
188.801 1.60894e+07
188.901 1.60856e+07
189.001 1.60771e+07
189.101 1.60789e+07
189.201 1.60787e+07
189.301 1.60854e+07
189.401 1.60769e+07
189.501 1.60801e+07
189.601 1.60907e+07
189.701 1.60905e+07
189.801 1.60911e+07
189.901 1.60855e+07
190.001 1.60771e+07
190.101 1.60811e+07
190.201 1.60919e+07
190.301 1.60834e+07
190.401 1.60821e+07
190.501 1.60912e+07
190.601 1.60892e+07
190.701 1.60829e+07
190.801 1.60745e+07
190.901 1.60899e+07
191.001 1.60897e+07
191.101 1.60902e+07
191.201 1.60818e+07
191.301 1.60796e+07
191.401 1.60802e+07
191.501 1.609e+07
191.601 1.60816e+07
191.701 1.60808e+07
191.801 1.6091e+07
191.901 1.60899e+07
192.001 1.60865e+07
192.101 1.60781e+07
192.201 1.60792e+07
192.301 1.60918e+07
192.401 1.6092e+07
192.501 1.60916e+07
192.601 1.60833e+07
192.701 1.60809e+07
192.801 1.60816e+07
192.901 1.60914e+07
193.001 1.6083e+07
193.101 1.60822e+07
193.201 1.60929e+07
193.301 1.60924e+07
193.401 1.6093e+07
193.501 1.60915e+07
193.601 1.60832e+07
193.701 1.60831e+07
193.801 1.60837e+07
193.901 1.60894e+07
194.001 1.60811e+07
194.101 1.60847e+07
194.201 1.60918e+07
194.301 1.60889e+07
194.401 1.60806e+07
194.501 1.60918e+07
194.601 1.60916e+07
194.701 1.60922e+07
194.801 1.60878e+07
194.901 1.60795e+07
195.001 1.60822e+07
195.101 1.60942e+07
195.201 1.60876e+07
195.301 1.60812e+07
195.401 1.60834e+07
195.501 1.60924e+07
195.601 1.6092e+07
195.701 1.60842e+07
195.801 1.6083e+07
195.901 1.60818e+07
196.001 1.60941e+07
196.101 1.60936e+07
196.201 1.60892e+07
196.301 1.6081e+07
196.401 1.60837e+07
196.501 1.60952e+07
196.601 1.60889e+07
196.701 1.60842e+07
196.801 1.60952e+07
196.901 1.60948e+07
197.001 1.60948e+07
197.101 1.60953e+07
197.201 1.60891e+07
197.301 1.60823e+07
197.401 1.60857e+07
197.501 1.60952e+07
197.601 1.60871e+07
197.701 1.60866e+07
197.801 1.6095e+07
197.901 1.60934e+07
198.001 1.60866e+07
198.101 1.60823e+07
198.201 1.60871e+07
198.301 1.6079e+07
198.401 1.60709e+07
198.501 1.60628e+07
198.601 1.60547e+07
198.701 1.60466e+07
198.801 1.60385e+07
198.901 1.60305e+07
199.001 1.60224e+07
199.101 1.60144e+07
199.201 1.60063e+07
199.301 1.59983e+07
199.401 1.59903e+07
199.501 1.59823e+07
199.601 1.59743e+07
199.701 1.59663e+07
199.801 1.59583e+07
199.901 1.59503e+07
200.001 1.59423e+07
