0.001 0
0.101 2.77386e+06
0.201 8.1194e+06
0.301 1.11601e+07
0.401 1.09614e+07
0.501 1.1298e+07
0.601 1.22604e+07
0.701 1.2855e+07
0.801 1.18614e+07
0.901 1.05479e+07
1.001 9.50234e+06
1.101 8.64174e+06
1.201 7.92446e+06
1.301 7.31954e+06
1.401 6.80097e+06
1.501 6.34969e+06
1.601 5.95648e+06
1.701 5.6111e+06
1.801 5.31767e+06
1.901 5.34413e+06
2.001 1.27735e+07
2.101 1.2374e+07
2.201 1.2379e+07
2.301 1.25905e+07
2.401 1.27855e+07
2.501 1.23591e+07
2.601 1.26578e+07
2.701 1.26695e+07
2.801 1.32048e+07
2.901 1.29821e+07
3.001 1.34033e+07
3.101 1.35018e+07
3.201 1.31063e+07
3.301 1.3717e+07
3.401 1.33561e+07
3.501 1.38043e+07
3.601 1.37345e+07
3.701 1.36051e+07
3.801 1.40236e+07
3.901 1.39389e+07
4.001 1.38447e+07
4.101 1.41127e+07
4.201 1.39736e+07
4.301 1.42773e+07
4.401 1.4341e+07
4.501 1.40726e+07
4.601 1.44418e+07
4.701 1.42399e+07
4.801 1.44498e+07
4.901 1.42627e+07
5.001 1.45252e+07
5.101 1.45422e+07
5.201 1.43751e+07
5.301 1.46509e+07
5.401 1.44551e+07
5.501 1.4673e+07
5.601 1.45863e+07
5.701 1.45184e+07
5.801 1.4775e+07
5.901 1.46781e+07
6.001 1.46325e+07
6.101 1.47707e+07
6.201 1.46966e+07
6.301 1.48877e+07
6.401 1.49024e+07
6.501 1.47715e+07
6.601 1.49503e+07
6.701 1.48315e+07
6.801 1.4963e+07
6.901 1.4801e+07
7.001 1.5001e+07
7.101 1.49866e+07
7.201 1.48843e+07
7.301 1.50533e+07
7.401 1.49308e+07
7.501 1.50784e+07
7.601 1.49899e+07
7.701 1.49574e+07
7.801 1.51397e+07
7.901 1.50431e+07
8.001 1.50265e+07
8.101 1.51039e+07
8.201 1.50653e+07
8.301 1.52062e+07
8.401 1.51923e+07
8.501 1.51096e+07
8.601 1.52223e+07
8.701 1.5148e+07
8.801 1.52426e+07
8.901 1.50974e+07
9.001 1.52645e+07
9.101 1.52357e+07
9.201 1.51721e+07
9.301 1.52827e+07
9.401 1.52026e+07
9.501 1.53134e+07
9.601 1.52253e+07
9.701 1.5215e+07
9.801 1.53548e+07
9.901 1.52607e+07
10.001 1.52634e+07
10.101 1.53051e+07
10.201 1.53985e+07
10.301 1.54008e+07
10.401 1.53707e+07
10.501 1.53189e+07
10.601 1.53917e+07
10.701 1.53462e+07
10.801 1.5419e+07
10.901 1.52862e+07
11.001 1.54363e+07
11.101 1.5395e+07
11.201 1.53572e+07
11.301 1.54309e+07
11.401 1.53791e+07
11.501 1.54665e+07
11.601 1.53796e+07
11.701 1.53848e+07
11.801 1.54972e+07
11.901 1.54051e+07
12.001 1.54209e+07
12.101 1.54398e+07
12.201 1.55315e+07
12.301 1.55321e+07
12.401 1.54916e+07
12.501 1.54612e+07
12.601 1.55073e+07
12.701 1.5482e+07
12.801 1.55349e+07
12.901 1.55481e+07
13.001 1.55551e+07
13.101 1.55057e+07
13.201 1.54861e+07
13.301 1.55345e+07
13.401 1.55028e+07
13.501 1.55744e+07
13.601 1.54885e+07
13.701 1.55051e+07
13.801 1.55994e+07
13.901 1.5508e+07
14.001 1.55334e+07
14.101 1.55363e+07
14.201 1.56238e+07
14.301 1.56269e+07
14.401 1.55789e+07
14.501 1.55643e+07
14.601 1.55912e+07
14.701 1.55818e+07
14.801 1.5614e+07
14.901 1.56369e+07
15.001 1.56422e+07
15.101 1.55871e+07
15.201 1.55812e+07
15.301 1.56111e+07
15.401 1.55945e+07
15.501 1.56558e+07
15.601 1.55694e+07
15.701 1.56752e+07
15.801 1.56765e+07
15.901 1.5585e+07
16.001 1.56917e+07
16.101 1.56088e+07
16.201 1.56953e+07
16.301 1.56983e+07
16.401 1.56449e+07
16.501 1.56423e+07
16.601 1.5655e+07
16.701 1.56568e+07
16.801 1.56742e+07
16.901 1.57046e+07
17.001 1.5709e+07
17.101 1.56494e+07
17.201 1.56541e+07
17.301 1.56699e+07
17.401 1.57254e+07
17.501 1.5719e+07
17.601 1.56748e+07
17.701 1.57355e+07
17.801 1.57326e+07
17.901 1.56751e+07
18.001 1.57479e+07
18.101 1.56731e+07
18.201 1.57511e+07
18.301 1.5754e+07
18.401 1.56965e+07
18.501 1.57035e+07
18.601 1.5705e+07
18.701 1.57608e+07
18.801 1.57216e+07
18.901 1.57579e+07
19.001 1.57616e+07
19.101 1.56987e+07
19.201 1.57119e+07
19.301 1.57166e+07
19.401 1.57749e+07
19.501 1.57622e+07
19.601 1.57202e+07
19.701 1.57832e+07
19.801 1.57718e+07
19.901 1.57289e+07
20.001 1.57891e+07
20.101 1.57369e+07
20.201 1.57949e+07
20.301 1.57989e+07
20.401 1.5738e+07
20.501 1.57528e+07
20.601 1.57453e+07
20.701 1.57999e+07
20.801 1.57599e+07
20.901 1.58011e+07
21.001 1.58041e+07
21.101 1.57386e+07
21.201 1.57579e+07
21.301 1.57544e+07
21.401 1.58116e+07
21.501 1.57955e+07
21.601 1.57573e+07
21.701 1.58218e+07
21.801 1.58037e+07
21.901 1.57732e+07
22.001 1.58192e+07
22.101 1.57796e+07
22.201 1.58309e+07
22.301 1.58357e+07
22.401 1.57721e+07
22.501 1.57933e+07
22.601 1.57813e+07
22.701 1.58333e+07
22.801 1.57915e+07
22.901 1.58367e+07
23.001 1.58394e+07
23.101 1.57929e+07
23.201 1.58495e+07
23.301 1.57858e+07
23.401 1.58444e+07
23.501 1.58231e+07
23.601 1.57955e+07
23.701 1.58539e+07
23.801 1.58303e+07
23.901 1.58096e+07
24.001 1.58442e+07
24.101 1.58151e+07
24.201 1.5861e+07
24.301 1.58657e+07
24.401 1.58191e+07
24.501 1.58707e+07
24.601 1.58296e+07
24.701 1.58625e+07
24.801 1.5818e+07
24.901 1.58667e+07
25.001 1.58626e+07
25.101 1.58249e+07
25.201 1.5875e+07
25.301 1.58311e+07
25.401 1.58719e+07
25.501 1.58464e+07
25.601 1.58278e+07
25.701 1.58811e+07
25.801 1.58528e+07
25.901 1.58404e+07
26.001 1.58655e+07
26.101 1.58452e+07
26.201 1.58872e+07
26.301 1.5885e+07
26.401 1.58511e+07
26.501 1.58895e+07
26.601 1.58581e+07
26.701 1.58874e+07
26.801 1.58406e+07
26.901 1.58897e+07
27.001 1.58817e+07
27.101 1.58532e+07
27.201 1.5893e+07
27.301 1.58587e+07
27.401 1.58953e+07
27.501 1.58663e+07
27.601 1.58554e+07
27.701 1.59038e+07
27.801 1.5872e+07
27.901 1.58664e+07
28.001 1.58836e+07
28.101 1.5911e+07
28.201 1.59101e+07
28.301 1.59016e+07
28.401 1.58763e+07
28.501 1.59057e+07
28.601 1.58826e+07
28.701 1.59087e+07
28.801 1.586e+07
28.901 1.59112e+07
29.001 1.58981e+07
29.101 1.58776e+07
29.201 1.59086e+07
29.301 1.58826e+07
29.401 1.59157e+07
29.501 1.58835e+07
29.601 1.58793e+07
29.701 1.59233e+07
29.801 1.58886e+07
29.901 1.58888e+07
30.001 1.58994e+07
30.101 1.59308e+07
30.201 1.59298e+07
30.301 1.59161e+07
30.401 1.58981e+07
30.501 1.59198e+07
30.601 1.59039e+07
30.701 1.59273e+07
30.801 1.58857e+07
30.901 1.59305e+07
31.001 1.59125e+07
31.101 1.58989e+07
31.201 1.59221e+07
31.301 1.59034e+07
31.401 1.59334e+07
31.501 1.58985e+07
31.601 1.59001e+07
31.701 1.59404e+07
31.801 1.59032e+07
31.901 1.59093e+07
32.001 1.59132e+07
32.101 1.59482e+07
32.201 1.59472e+07
32.301 1.59287e+07
32.401 1.59173e+07
32.501 1.59321e+07
32.601 1.59226e+07
32.701 1.59403e+07
32.801 1.59458e+07
32.901 1.59474e+07
33.001 1.5925e+07
33.101 1.59176e+07
33.201 1.59341e+07
33.301 1.59217e+07
33.401 1.59491e+07
33.501 1.59118e+07
33.601 1.5918e+07
33.701 1.59562e+07
33.801 1.5916e+07
33.901 1.59257e+07
34.001 1.59254e+07
34.101 1.59621e+07
34.201 1.59625e+07
34.301 1.59398e+07
34.401 1.59342e+07
34.501 1.5943e+07
34.601 1.59391e+07
34.701 1.59507e+07
34.801 1.5961e+07
34.901 1.59624e+07
35.001 1.59362e+07
35.101 1.59342e+07
35.201 1.59446e+07
35.301 1.59676e+07
35.401 1.59638e+07
35.501 1.59235e+07
35.601 1.59706e+07
35.701 1.59704e+07
35.801 1.59297e+07
35.901 1.59753e+07
36.001 1.59362e+07
36.101 1.59755e+07
36.201 1.59761e+07
36.301 1.59498e+07
36.401 1.59493e+07
36.501 1.59527e+07
36.601 1.59539e+07
36.701 1.59599e+07
36.801 1.59745e+07
36.901 1.59758e+07
37.001 1.59461e+07
37.101 1.5949e+07
37.201 1.59541e+07
37.301 1.59806e+07
37.401 1.59766e+07
37.501 1.59541e+07
37.601 1.59833e+07
37.701 1.59799e+07
37.801 1.59534e+07
37.901 1.5987e+07
38.001 1.5957e+07
38.101 1.59873e+07
38.201 1.59883e+07
38.301 1.59587e+07
38.401 1.59628e+07
38.501 1.59614e+07
38.601 1.59885e+07
38.701 1.59682e+07
38.801 1.59865e+07
38.901 1.59877e+07
39.001 1.5955e+07
39.101 1.59622e+07
39.201 1.59625e+07
39.301 1.59913e+07
39.401 1.59839e+07
39.501 1.59625e+07
39.601 1.59944e+07
39.701 1.5987e+07
39.801 1.59663e+07
39.901 1.59946e+07
40.001 1.59696e+07
40.101 1.59975e+07
40.201 1.59993e+07
40.301 1.59667e+07
40.401 1.5975e+07
40.501 1.59692e+07
40.601 1.59972e+07
40.701 1.59756e+07
40.801 1.59975e+07
40.901 1.59985e+07
41.001 1.59631e+07
41.101 1.60038e+07
41.201 1.59702e+07
41.301 1.60003e+07
41.401 1.59905e+07
41.501 1.59718e+07
41.601 1.60044e+07
41.701 1.59933e+07
41.801 1.59777e+07
41.901 1.60006e+07
42.001 1.59805e+07
42.101 1.60069e+07
42.201 1.60092e+07
42.301 1.59739e+07
42.401 1.59849e+07
42.501 1.59793e+07
42.601 1.60061e+07
42.701 1.59824e+07
42.801 1.60073e+07
42.901 1.60076e+07
43.001 1.59821e+07
43.101 1.60129e+07
43.201 1.59777e+07
43.301 1.60093e+07
43.401 1.59964e+07
43.501 1.59827e+07
43.601 1.60134e+07
43.701 1.59991e+07
43.801 1.59883e+07
43.901 1.6006e+07
44.001 1.59909e+07
44.101 1.60154e+07
44.201 1.60167e+07
44.301 1.59931e+07
44.401 1.60188e+07
44.501 1.5997e+07
44.601 1.60146e+07
44.701 1.59886e+07
44.801 1.60163e+07
44.901 1.60126e+07
45.001 1.59925e+07
45.101 1.60189e+07
45.201 1.59949e+07
45.301 1.60174e+07
45.401 1.60019e+07
45.501 1.59926e+07
45.601 1.60217e+07
45.701 1.60044e+07
45.801 1.59979e+07
45.901 1.6011e+07
46.001 1.60003e+07
46.101 1.60238e+07
46.201 1.60212e+07
46.301 1.60024e+07
46.401 1.60232e+07
46.501 1.60061e+07
46.601 1.60223e+07
46.701 1.59942e+07
46.801 1.60228e+07
46.901 1.60172e+07
47.001 1.60017e+07
47.101 1.60232e+07
47.201 1.60039e+07
47.301 1.60249e+07
47.401 1.60069e+07
47.501 1.60017e+07
47.601 1.60289e+07
47.701 1.60093e+07
47.801 1.60066e+07
47.901 1.60155e+07
48.001 1.60324e+07
48.101 1.60316e+07
48.201 1.60253e+07
48.301 1.60112e+07
48.401 1.60272e+07
48.501 1.60144e+07
48.601 1.60293e+07
48.701 1.59994e+07
48.801 1.60304e+07
48.901 1.60214e+07
49.001 1.60101e+07
49.101 1.60271e+07
49.201 1.60122e+07
49.301 1.60318e+07
49.401 1.60114e+07
49.501 1.60098e+07
49.601 1.60356e+07
49.701 1.60137e+07
49.801 1.60147e+07
49.901 1.60197e+07
50.001 1.60394e+07
50.101 1.60386e+07
50.201 1.6029e+07
50.301 1.60191e+07
50.401 1.60308e+07
50.501 1.60221e+07
50.601 1.60357e+07
50.701 1.60367e+07
50.801 1.60375e+07
50.901 1.60253e+07
51.001 1.60179e+07
51.101 1.60308e+07
51.201 1.60202e+07
51.301 1.60381e+07
51.401 1.60157e+07
51.501 1.60175e+07
51.601 1.60419e+07
51.701 1.60179e+07
51.801 1.60222e+07
51.901 1.60236e+07
52.001 1.60456e+07
52.101 1.60451e+07
52.201 1.60325e+07
52.301 1.60263e+07
52.401 1.60342e+07
52.501 1.60292e+07
52.601 1.6039e+07
52.701 1.60432e+07
52.801 1.6044e+07
52.901 1.60289e+07
53.001 1.60251e+07
53.101 1.60341e+07
53.201 1.60272e+07
53.301 1.60442e+07
53.401 1.60196e+07
53.501 1.60484e+07
53.601 1.60481e+07
53.701 1.60217e+07
53.801 1.60276e+07
53.901 1.60272e+07
54.001 1.60511e+07
54.101 1.60512e+07
54.201 1.60358e+07
54.301 1.6033e+07
54.401 1.60374e+07
54.501 1.60358e+07
54.601 1.60419e+07
54.701 1.60493e+07
54.801 1.605e+07
54.901 1.60322e+07
55.001 1.60317e+07
55.101 1.60372e+07
55.201 1.60527e+07
55.301 1.60501e+07
55.401 1.60232e+07
55.501 1.60542e+07
55.601 1.60539e+07
55.701 1.60329e+07
55.801 1.60567e+07
55.901 1.60305e+07
56.001 1.60565e+07
56.101 1.60568e+07
56.201 1.60388e+07
56.301 1.60393e+07
56.401 1.60403e+07
56.501 1.60576e+07
56.601 1.60447e+07
56.701 1.60549e+07
56.801 1.60556e+07
56.901 1.60353e+07
57.001 1.60379e+07
57.101 1.60401e+07
57.201 1.60582e+07
57.301 1.60546e+07
57.401 1.60397e+07
57.501 1.60595e+07
57.601 1.60563e+07
57.701 1.60395e+07
57.801 1.60613e+07
57.901 1.60415e+07
58.001 1.60614e+07
58.101 1.6062e+07
58.201 1.60416e+07
58.301 1.60451e+07
58.401 1.60431e+07
58.501 1.60613e+07
58.601 1.60473e+07
58.701 1.60602e+07
58.801 1.60608e+07
58.901 1.60382e+07
59.001 1.60437e+07
59.101 1.60429e+07
59.201 1.60623e+07
59.301 1.60568e+07
59.401 1.60424e+07
59.501 1.60643e+07
59.601 1.60585e+07
59.701 1.60452e+07
59.801 1.60633e+07
59.901 1.60471e+07
60.001 1.60658e+07
60.101 1.6067e+07
60.201 1.60442e+07
60.301 1.60505e+07
60.401 1.60456e+07
60.501 1.60647e+07
60.601 1.60497e+07
60.701 1.60651e+07
60.801 1.60657e+07
60.901 1.60409e+07
61.001 1.6069e+07
61.101 1.60454e+07
61.201 1.60663e+07
61.301 1.60588e+07
61.401 1.60467e+07
61.501 1.60688e+07
61.601 1.60605e+07
61.701 1.60509e+07
61.801 1.60651e+07
61.901 1.60523e+07
62.001 1.60699e+07
62.101 1.60715e+07
62.201 1.60479e+07
62.301 1.6054e+07
62.401 1.60542e+07
62.501 1.60689e+07
62.601 1.60519e+07
62.701 1.60697e+07
62.801 1.60689e+07
62.901 1.60522e+07
63.001 1.6073e+07
63.101 1.60523e+07
63.201 1.60703e+07
63.301 1.60608e+07
63.401 1.60518e+07
63.501 1.6073e+07
63.601 1.60623e+07
63.701 1.60559e+07
63.801 1.60668e+07
63.901 1.60572e+07
64.001 1.6074e+07
64.101 1.60739e+07
64.201 1.60584e+07
64.301 1.60752e+07
64.401 1.60609e+07
64.501 1.60728e+07
64.601 1.6054e+07
64.701 1.60736e+07
64.801 1.60705e+07
64.901 1.60571e+07
65.001 1.60747e+07
65.101 1.60587e+07
65.201 1.60742e+07
65.301 1.60626e+07
65.401 1.60566e+07
65.501 1.60769e+07
65.601 1.60641e+07
65.701 1.60605e+07
65.801 1.60685e+07
65.901 1.60618e+07
66.001 1.6078e+07
66.101 1.60753e+07
66.201 1.6063e+07
66.301 1.60766e+07
66.401 1.60653e+07
66.501 1.60764e+07
66.601 1.6056e+07
66.701 1.60768e+07
66.801 1.6072e+07
66.901 1.60616e+07
67.001 1.6076e+07
67.101 1.60632e+07
67.201 1.60778e+07
67.301 1.60643e+07
67.401 1.60612e+07
67.501 1.60803e+07
67.601 1.60657e+07
67.701 1.60646e+07
67.801 1.607e+07
67.901 1.60826e+07
68.001 1.60819e+07
68.101 1.60766e+07
68.201 1.60672e+07
68.301 1.60778e+07
68.401 1.60695e+07
68.501 1.60798e+07
68.601 1.60579e+07
68.701 1.60806e+07
68.801 1.60734e+07
68.901 1.60658e+07
69.001 1.60773e+07
69.101 1.60674e+07
69.201 1.60811e+07
69.301 1.60659e+07
69.401 1.60654e+07
69.501 1.60836e+07
69.601 1.60673e+07
69.701 1.60687e+07
69.801 1.60714e+07
69.901 1.60862e+07
70.001 1.60855e+07
70.101 1.60779e+07
70.201 1.60713e+07
70.301 1.6079e+07
70.401 1.60735e+07
70.501 1.60824e+07
70.601 1.60838e+07
70.701 1.60843e+07
70.801 1.60747e+07
70.901 1.60701e+07
71.001 1.60785e+07
71.101 1.60714e+07
71.201 1.60843e+07
71.301 1.60674e+07
71.401 1.60694e+07
71.501 1.60869e+07
71.601 1.60688e+07
71.701 1.60726e+07
71.801 1.60728e+07
71.901 1.6089e+07
72.001 1.6089e+07
72.101 1.60791e+07
72.201 1.60751e+07
72.301 1.60802e+07
72.401 1.60772e+07
72.501 1.60835e+07
72.601 1.60872e+07
72.701 1.60877e+07
72.801 1.6076e+07
72.901 1.60739e+07
73.001 1.60796e+07
73.101 1.60751e+07
73.201 1.60875e+07
73.301 1.60689e+07
73.401 1.60905e+07
73.501 1.60902e+07
73.601 1.60702e+07
73.701 1.60744e+07
73.801 1.60741e+07
73.901 1.60921e+07
74.001 1.60922e+07
74.101 1.60802e+07
74.201 1.60788e+07
74.301 1.60812e+07
74.401 1.60807e+07
74.501 1.60844e+07
74.601 1.60905e+07
74.701 1.60909e+07
74.801 1.60771e+07
74.901 1.60775e+07
75.001 1.60807e+07
75.101 1.60927e+07
75.201 1.60908e+07
75.301 1.60708e+07
75.401 1.60936e+07
75.501 1.60928e+07
75.601 1.60782e+07
75.701 1.60952e+07
75.801 1.60753e+07
75.901 1.60951e+07
76.001 1.60953e+07
76.101 1.60812e+07
76.201 1.60822e+07
76.301 1.60823e+07
76.401 1.60953e+07
76.501 1.60854e+07
76.601 1.60936e+07
76.701 1.6094e+07
76.801 1.60782e+07
76.901 1.60809e+07
77.001 1.60817e+07
77.101 1.60957e+07
77.201 1.60923e+07
77.301 1.60813e+07
77.401 1.60965e+07
77.501 1.60935e+07
77.601 1.60816e+07
77.701 1.60971e+07
77.801 1.60832e+07
77.901 1.60976e+07
78.001 1.60982e+07
78.101 1.60822e+07
78.201 1.60855e+07
78.301 1.60832e+07
78.401 1.60971e+07
78.501 1.60863e+07
78.601 1.60965e+07
78.701 1.60969e+07
78.801 1.60793e+07
78.901 1.60841e+07
79.001 1.60827e+07
79.101 1.60975e+07
79.201 1.6093e+07
79.301 1.60822e+07
79.401 1.60992e+07
79.501 1.60942e+07
79.601 1.60849e+07
79.701 1.60977e+07
79.801 1.60864e+07
79.901 1.61e+07
80.001 1.6101e+07
80.101 1.60831e+07
80.201 1.60885e+07
80.301 1.60847e+07
80.401 1.6099e+07
80.501 1.60871e+07
80.601 1.60993e+07
80.701 1.60997e+07
80.801 1.60822e+07
80.901 1.6102e+07
81.001 1.60836e+07
81.101 1.60999e+07
81.201 1.60937e+07
81.301 1.60853e+07
81.401 1.61017e+07
81.501 1.60948e+07
81.601 1.6088e+07
81.701 1.60982e+07
81.801 1.60892e+07
81.901 1.61023e+07
82.001 1.61036e+07
82.101 1.60882e+07
82.201 1.61046e+07
82.301 1.60917e+07
82.401 1.61013e+07
82.501 1.60879e+07
82.601 1.61019e+07
82.701 1.61007e+07
82.801 1.60887e+07
82.901 1.61039e+07
83.001 1.60899e+07
83.101 1.61022e+07
83.201 1.60943e+07
83.301 1.60883e+07
83.401 1.61042e+07
83.501 1.60954e+07
83.601 1.60909e+07
83.701 1.60988e+07
83.801 1.6092e+07
83.901 1.61047e+07
84.001 1.61041e+07
84.101 1.60928e+07
84.201 1.6105e+07
84.301 1.60945e+07
84.401 1.61035e+07
84.501 1.60887e+07
84.601 1.61038e+07
84.701 1.61012e+07
84.801 1.60915e+07
84.901 1.61043e+07
85.001 1.60927e+07
85.101 1.61043e+07
85.201 1.60949e+07
85.301 1.60911e+07
85.401 1.61063e+07
85.501 1.6096e+07
85.601 1.60936e+07
85.701 1.60993e+07
85.801 1.61077e+07
85.901 1.61072e+07
86.001 1.61044e+07
86.101 1.60955e+07
86.201 1.61053e+07
86.301 1.60971e+07
86.401 1.61056e+07
86.501 1.60894e+07
86.601 1.6106e+07
86.701 1.61016e+07
86.801 1.60942e+07
86.901 1.61047e+07
87.001 1.60954e+07
87.101 1.61064e+07
87.201 1.60955e+07
87.301 1.60937e+07
87.401 1.61083e+07
87.501 1.60965e+07
87.601 1.60962e+07
87.701 1.60997e+07
87.801 1.611e+07
87.901 1.61095e+07
88.001 1.61048e+07
88.101 1.60981e+07
88.201 1.61056e+07
88.301 1.60998e+07
88.401 1.61076e+07
88.501 1.60919e+07
88.601 1.61083e+07
88.701 1.6102e+07
88.801 1.60968e+07
88.901 1.6105e+07
89.001 1.60979e+07
89.101 1.61084e+07
89.201 1.60961e+07
89.301 1.60962e+07
89.401 1.61102e+07
89.501 1.60971e+07
89.601 1.60987e+07
89.701 1.61002e+07
89.801 1.61122e+07
89.901 1.61117e+07
90.001 1.61051e+07
90.101 1.61005e+07
90.201 1.6106e+07
90.301 1.61022e+07
90.401 1.61085e+07
90.501 1.61101e+07
90.601 1.61105e+07
90.701 1.61024e+07
90.801 1.60992e+07
90.901 1.61053e+07
91.001 1.61003e+07
91.101 1.61103e+07
91.201 1.60966e+07
91.301 1.60987e+07
91.401 1.61123e+07
91.501 1.60976e+07
91.601 1.61009e+07
91.701 1.61006e+07
91.801 1.61139e+07
91.901 1.61138e+07
92.001 1.61054e+07
92.101 1.61029e+07
92.201 1.61063e+07
92.301 1.61045e+07
92.401 1.61088e+07
92.501 1.61123e+07
92.601 1.61126e+07
92.701 1.61028e+07
92.801 1.61016e+07
92.901 1.61057e+07
93.001 1.6114e+07
93.101 1.61124e+07
93.201 1.60971e+07
93.301 1.61146e+07
93.401 1.61144e+07
93.501 1.6098e+07
93.601 1.6116e+07
93.701 1.6101e+07
93.801 1.61157e+07
93.901 1.61158e+07
94.001 1.61058e+07
94.101 1.61051e+07
94.201 1.61066e+07
94.301 1.61067e+07
94.401 1.6109e+07
94.501 1.61143e+07
94.601 1.61147e+07
94.701 1.61032e+07
94.801 1.61038e+07
94.901 1.6106e+07
95.001 1.61159e+07
95.101 1.61144e+07
95.201 1.61055e+07
95.301 1.61166e+07
95.401 1.61154e+07
95.501 1.61043e+07
95.601 1.61177e+07
95.701 1.61055e+07
95.801 1.61175e+07
95.901 1.61178e+07
96.001 1.61061e+07
96.101 1.61073e+07
96.201 1.61068e+07
96.301 1.61174e+07
96.401 1.61093e+07
96.501 1.61163e+07
96.601 1.61166e+07
96.701 1.61035e+07
96.801 1.61061e+07
96.901 1.61062e+07
97.001 1.61177e+07
97.101 1.61146e+07
97.201 1.61058e+07
97.301 1.61184e+07
97.401 1.61155e+07
97.501 1.61065e+07
97.601 1.61183e+07
97.701 1.61076e+07
97.801 1.61191e+07
97.901 1.61196e+07
98.001 1.61063e+07
98.101 1.61095e+07
98.201 1.61071e+07
98.301 1.61184e+07
98.401 1.61095e+07
98.501 1.61182e+07
98.601 1.61185e+07
98.701 1.61039e+07
98.801 1.61076e+07
98.901 1.61065e+07
99.001 1.61188e+07
99.101 1.61147e+07
99.201 1.61064e+07
99.301 1.61201e+07
99.401 1.61156e+07
99.501 1.61089e+07
99.601 1.61184e+07
99.701 1.61095e+07
99.801 1.61206e+07
99.901 1.61214e+07
100.001 1.61066e+07
100.101 1.61112e+07
100.201 1.61083e+07
100.301 1.61197e+07
100.401 1.61097e+07
100.501 1.612e+07
100.601 1.61202e+07
100.701 1.6109e+07
100.801 1.6122e+07
100.901 1.61068e+07
101.001 1.61203e+07
101.101 1.61148e+07
101.201 1.61084e+07
101.301 1.61217e+07
101.401 1.61157e+07
101.501 1.61108e+07
101.601 1.61184e+07
101.701 1.61115e+07
101.801 1.61221e+07
101.901 1.61227e+07
102.001 1.61122e+07
102.101 1.61234e+07
102.201 1.61135e+07
102.301 1.61211e+07
102.401 1.61099e+07
102.501 1.61217e+07
102.601 1.61202e+07
102.701 1.6111e+07
102.801 1.61227e+07
102.901 1.61119e+07
103.001 1.61217e+07
103.101 1.61149e+07
103.201 1.61104e+07
103.301 1.61233e+07
103.401 1.61157e+07
103.501 1.61127e+07
103.601 1.61184e+07
103.701 1.61135e+07
103.801 1.61237e+07
103.901 1.61226e+07
104.001 1.61141e+07
104.101 1.61233e+07
104.201 1.61153e+07
104.301 1.61226e+07
104.401 1.61101e+07
104.501 1.61226e+07
104.601 1.61202e+07
104.701 1.61128e+07
104.801 1.61227e+07
104.901 1.61138e+07
105.001 1.61231e+07
105.101 1.6115e+07
105.201 1.61123e+07
105.301 1.61246e+07
105.401 1.61158e+07
105.501 1.61144e+07
105.601 1.61184e+07
105.701 1.61258e+07
105.801 1.61253e+07
105.901 1.61226e+07
106.001 1.61158e+07
106.101 1.61233e+07
106.201 1.61171e+07
106.301 1.61239e+07
106.401 1.61103e+07
106.501 1.61242e+07
106.601 1.61202e+07
106.701 1.61146e+07
106.801 1.61226e+07
106.901 1.61156e+07
107.001 1.61244e+07
107.101 1.61151e+07
107.201 1.61141e+07
107.301 1.61259e+07
107.401 1.61159e+07
107.501 1.61161e+07
107.601 1.61185e+07
107.701 1.61273e+07
107.801 1.61269e+07
107.901 1.61225e+07
108.001 1.61176e+07
108.101 1.61232e+07
108.201 1.61188e+07
108.301 1.61252e+07
108.401 1.61144e+07
108.501 1.61258e+07
108.601 1.61202e+07
108.701 1.61164e+07
108.801 1.61226e+07
108.901 1.61173e+07
109.001 1.61257e+07
109.101 1.61152e+07
109.201 1.61159e+07
109.301 1.61272e+07
109.401 1.6116e+07
109.501 1.61178e+07
109.601 1.61185e+07
109.701 1.61288e+07
109.801 1.61284e+07
109.901 1.61225e+07
110.001 1.61192e+07
110.101 1.61232e+07
110.201 1.61204e+07
110.301 1.61252e+07
110.401 1.6127e+07
110.501 1.61273e+07
110.601 1.61202e+07
110.701 1.6118e+07
110.801 1.61225e+07
110.901 1.61189e+07
111.001 1.6127e+07
111.101 1.61153e+07
111.201 1.61289e+07
111.301 1.61287e+07
111.401 1.61161e+07
111.501 1.61188e+07
111.601 1.61185e+07
111.701 1.61298e+07
111.801 1.61298e+07
111.901 1.61225e+07
112.001 1.61208e+07
112.101 1.61231e+07
112.201 1.61221e+07
112.301 1.61251e+07
112.401 1.61285e+07
112.501 1.61287e+07
112.601 1.61202e+07
112.701 1.61196e+07
112.801 1.61225e+07
112.901 1.61298e+07
113.001 1.61284e+07
113.101 1.61154e+07
113.201 1.61303e+07
113.301 1.61301e+07
113.401 1.61187e+07
113.501 1.61313e+07
113.601 1.61186e+07
113.701 1.61311e+07
113.801 1.61312e+07
113.901 1.61224e+07
114.001 1.61223e+07
114.101 1.6123e+07
114.201 1.61314e+07
114.301 1.61251e+07
114.401 1.61299e+07
114.501 1.61301e+07
114.601 1.61202e+07
114.701 1.61212e+07
114.801 1.61224e+07
114.901 1.61312e+07
115.001 1.61295e+07
115.101 1.6122e+07
115.201 1.61316e+07
115.301 1.61302e+07
115.401 1.61215e+07
115.501 1.61325e+07
115.601 1.61226e+07
115.701 1.61323e+07
115.801 1.61325e+07
115.901 1.61224e+07
116.001 1.61238e+07
116.101 1.6123e+07
116.201 1.6132e+07
116.301 1.6125e+07
116.401 1.61312e+07
116.501 1.61315e+07
116.601 1.61202e+07
116.701 1.61227e+07
116.801 1.61224e+07
116.901 1.61321e+07
117.001 1.61293e+07
117.101 1.6122e+07
117.201 1.61329e+07
117.301 1.613e+07
117.401 1.6123e+07
117.501 1.61323e+07
117.601 1.6124e+07
117.701 1.61333e+07
117.801 1.61339e+07
117.901 1.61223e+07
118.001 1.61253e+07
118.101 1.61229e+07
118.201 1.61325e+07
118.301 1.61249e+07
118.401 1.61325e+07
118.501 1.61328e+07
118.601 1.61202e+07
118.701 1.61344e+07
118.801 1.61224e+07
118.901 1.61329e+07
119.001 1.61292e+07
119.101 1.61228e+07
119.201 1.6134e+07
119.301 1.61298e+07
119.401 1.61245e+07
119.501 1.61321e+07
119.601 1.61252e+07
119.701 1.61344e+07
119.801 1.61351e+07
119.901 1.61223e+07
120.001 1.61261e+07
120.101 1.61251e+07
120.201 1.61335e+07
120.301 1.61248e+07
120.401 1.61338e+07
120.501 1.61336e+07
120.601 1.61247e+07
120.701 1.61354e+07
120.801 1.61238e+07
120.901 1.61339e+07
121.001 1.6129e+07
121.101 1.61243e+07
121.201 1.61351e+07
121.301 1.61297e+07
121.401 1.61259e+07
121.501 1.61319e+07
121.601 1.61266e+07
121.701 1.61354e+07
121.801 1.61355e+07
121.901 1.61272e+07
122.001 1.61361e+07
122.101 1.61282e+07
122.201 1.61345e+07
122.301 1.61247e+07
122.401 1.61349e+07
122.501 1.61333e+07
122.601 1.61261e+07
122.701 1.61354e+07
122.801 1.61267e+07
122.901 1.61349e+07
123.001 1.61289e+07
123.101 1.61256e+07
123.201 1.61362e+07
123.301 1.61295e+07
123.401 1.61273e+07
123.501 1.61317e+07
123.601 1.61279e+07
123.701 1.61366e+07
123.801 1.61352e+07
123.901 1.61285e+07
124.001 1.61358e+07
124.101 1.61295e+07
124.201 1.61355e+07
124.301 1.61247e+07
124.401 1.61356e+07
124.501 1.61331e+07
124.601 1.61274e+07
124.701 1.61352e+07
124.801 1.61281e+07
124.901 1.61359e+07
125.001 1.61287e+07
125.101 1.61268e+07
125.201 1.61371e+07
125.301 1.61294e+07
125.401 1.61285e+07
125.501 1.61316e+07
125.601 1.61381e+07
125.701 1.61377e+07
125.801 1.6135e+07
125.901 1.61298e+07
126.001 1.61356e+07
126.101 1.61308e+07
126.201 1.61364e+07
126.301 1.61246e+07
126.401 1.61367e+07
126.501 1.61329e+07
126.601 1.61287e+07
126.701 1.61349e+07
126.801 1.61294e+07
126.901 1.61368e+07
127.001 1.61286e+07
127.101 1.61281e+07
127.201 1.6138e+07
127.301 1.61292e+07
127.401 1.61297e+07
127.501 1.61314e+07
127.601 1.61392e+07
127.701 1.61388e+07
127.801 1.61348e+07
127.901 1.6131e+07
128.001 1.61353e+07
128.101 1.6132e+07
128.201 1.61371e+07
128.301 1.61376e+07
128.401 1.61378e+07
128.501 1.61327e+07
128.601 1.61299e+07
128.701 1.61347e+07
128.801 1.61306e+07
128.901 1.61377e+07
129.001 1.61285e+07
129.101 1.61293e+07
129.201 1.6139e+07
129.301 1.61291e+07
129.401 1.6131e+07
129.501 1.61312e+07
129.601 1.61401e+07
129.701 1.61399e+07
129.801 1.61345e+07
129.901 1.61322e+07
130.001 1.61351e+07
130.101 1.61332e+07
130.201 1.61368e+07
130.301 1.61387e+07
130.401 1.61389e+07
130.501 1.61325e+07
130.601 1.61311e+07
130.701 1.61345e+07
130.801 1.61318e+07
130.901 1.61386e+07
131.001 1.61283e+07
131.101 1.61402e+07
131.201 1.61401e+07
131.301 1.61289e+07
131.401 1.61313e+07
131.501 1.6131e+07
131.601 1.6141e+07
131.701 1.6141e+07
131.801 1.61343e+07
131.901 1.61333e+07
132.001 1.61349e+07
132.101 1.61343e+07
132.201 1.61366e+07
132.301 1.61398e+07
132.401 1.614e+07
132.501 1.61323e+07
132.601 1.61323e+07
132.701 1.61343e+07
132.801 1.61408e+07
132.901 1.61397e+07
133.001 1.61282e+07
133.101 1.61413e+07
133.201 1.61409e+07
133.301 1.61326e+07
133.401 1.61421e+07
133.501 1.61309e+07
133.601 1.61419e+07
133.701 1.6142e+07
133.801 1.61341e+07
133.901 1.61345e+07
134.001 1.61346e+07
134.101 1.61419e+07
134.201 1.61363e+07
134.301 1.61408e+07
134.401 1.6141e+07
134.501 1.61321e+07
134.601 1.61334e+07
134.701 1.61341e+07
134.801 1.61419e+07
134.901 1.614e+07
135.001 1.61337e+07
135.101 1.61422e+07
135.201 1.61406e+07
135.301 1.61336e+07
135.401 1.61426e+07
135.501 1.61344e+07
135.601 1.61427e+07
135.701 1.6143e+07
135.801 1.61339e+07
135.901 1.61355e+07
136.001 1.61344e+07
136.101 1.61423e+07
136.201 1.61361e+07
136.301 1.61418e+07
136.401 1.6142e+07
136.501 1.6132e+07
136.601 1.61345e+07
136.701 1.61339e+07
136.801 1.61423e+07
136.901 1.61398e+07
137.001 1.61335e+07
137.101 1.61431e+07
137.201 1.61403e+07
137.301 1.61347e+07
137.401 1.61423e+07
137.501 1.61354e+07
137.601 1.61434e+07
137.701 1.61439e+07
137.801 1.61337e+07
137.901 1.61366e+07
138.001 1.61344e+07
138.101 1.61427e+07
138.201 1.61359e+07
138.301 1.61428e+07
138.401 1.6143e+07
138.501 1.61321e+07
138.601 1.61443e+07
138.701 1.61337e+07
138.801 1.6143e+07
138.901 1.61395e+07
139.001 1.61343e+07
139.101 1.6144e+07
139.201 1.614e+07
139.301 1.61357e+07
139.401 1.6142e+07
139.501 1.61364e+07
139.601 1.61442e+07
139.701 1.61449e+07
139.801 1.61351e+07
139.901 1.61455e+07
140.001 1.61377e+07
140.101 1.61434e+07
140.201 1.61356e+07
140.301 1.61437e+07
140.401 1.61431e+07
140.501 1.61358e+07
140.601 1.61449e+07
140.701 1.61365e+07
140.801 1.61437e+07
140.901 1.61392e+07
141.001 1.61353e+07
141.101 1.61448e+07
141.201 1.61397e+07
141.301 1.61368e+07
141.401 1.61417e+07
141.501 1.61374e+07
141.601 1.6145e+07
141.701 1.61447e+07
141.801 1.61378e+07
141.901 1.61452e+07
142.001 1.61388e+07
142.101 1.61441e+07
142.201 1.61354e+07
142.301 1.61443e+07
142.401 1.61428e+07
142.501 1.61368e+07
142.601 1.61446e+07
142.701 1.61375e+07
142.801 1.61444e+07
142.901 1.61389e+07
143.001 1.61364e+07
143.101 1.61455e+07
143.201 1.61395e+07
143.301 1.6138e+07
143.401 1.61414e+07
143.501 1.61384e+07
143.601 1.61459e+07
143.701 1.61444e+07
143.801 1.61388e+07
143.901 1.61448e+07
144.001 1.61398e+07
144.101 1.61449e+07
144.201 1.61352e+07
144.301 1.6145e+07
144.401 1.61425e+07
144.501 1.61379e+07
144.601 1.61443e+07
144.701 1.61385e+07
144.801 1.61451e+07
144.901 1.61387e+07
145.001 1.61373e+07
145.101 1.61462e+07
145.201 1.61392e+07
145.301 1.61388e+07
145.401 1.61411e+07
145.501 1.61471e+07
145.601 1.61467e+07
145.701 1.6144e+07
145.801 1.61398e+07
145.901 1.61445e+07
146.001 1.61407e+07
146.101 1.61455e+07
146.201 1.61354e+07
146.301 1.61458e+07
146.401 1.61422e+07
146.501 1.61389e+07
146.601 1.61439e+07
146.701 1.61394e+07
146.801 1.61458e+07
146.901 1.61384e+07
147.001 1.61383e+07
147.101 1.61469e+07
147.201 1.61389e+07
147.301 1.61397e+07
147.401 1.61408e+07
147.501 1.61479e+07
147.601 1.61476e+07
147.701 1.61437e+07
147.801 1.61408e+07
147.901 1.61442e+07
148.001 1.61417e+07
148.101 1.61457e+07
148.201 1.61465e+07
148.301 1.61467e+07
148.401 1.61419e+07
148.501 1.61398e+07
148.601 1.61436e+07
148.701 1.61404e+07
148.801 1.61464e+07
148.901 1.61382e+07
149.001 1.61393e+07
149.101 1.61476e+07
149.201 1.61387e+07
149.301 1.61406e+07
149.401 1.61405e+07
149.501 1.61485e+07
149.601 1.61484e+07
149.701 1.61434e+07
149.801 1.61417e+07
149.901 1.61438e+07
150.001 1.61425e+07
150.101 1.61453e+07
150.201 1.61473e+07
150.301 1.61475e+07
150.401 1.61416e+07
150.501 1.61407e+07
150.601 1.61433e+07
150.701 1.61413e+07
150.801 1.61472e+07
150.901 1.61379e+07
151.001 1.61486e+07
151.101 1.61484e+07
151.201 1.61384e+07
151.301 1.61494e+07
151.401 1.61402e+07
151.501 1.61492e+07
151.601 1.61492e+07
151.701 1.61431e+07
151.801 1.61426e+07
151.901 1.61435e+07
152.001 1.61434e+07
152.101 1.6145e+07
152.201 1.61481e+07
152.301 1.61483e+07
152.401 1.61413e+07
152.501 1.61416e+07
152.601 1.6143e+07
152.701 1.6149e+07
152.801 1.6148e+07
152.901 1.61426e+07
153.001 1.61494e+07
153.101 1.61487e+07
153.201 1.61417e+07
153.301 1.615e+07
153.401 1.61416e+07
153.501 1.61499e+07
153.601 1.615e+07
153.701 1.61428e+07
153.801 1.61434e+07
153.901 1.61432e+07
154.001 1.61498e+07
154.101 1.61447e+07
154.201 1.61489e+07
154.301 1.61491e+07
154.401 1.6141e+07
154.501 1.61425e+07
154.601 1.61427e+07
154.701 1.61498e+07
154.801 1.61479e+07
154.901 1.61423e+07
155.001 1.61501e+07
155.101 1.61484e+07
155.201 1.61426e+07
155.301 1.61501e+07
155.401 1.61431e+07
155.501 1.61505e+07
155.601 1.61507e+07
155.701 1.61425e+07
155.801 1.61443e+07
155.901 1.61429e+07
156.001 1.61499e+07
156.101 1.61444e+07
156.201 1.61497e+07
156.301 1.61499e+07
156.401 1.61408e+07
156.501 1.61431e+07
156.601 1.61424e+07
156.701 1.615e+07
156.801 1.61475e+07
156.901 1.61423e+07
157.001 1.61508e+07
157.101 1.6148e+07
157.201 1.61435e+07
157.301 1.61497e+07
157.401 1.61441e+07
157.501 1.6151e+07
157.601 1.61515e+07
157.701 1.61422e+07
157.801 1.61451e+07
157.901 1.61431e+07
158.001 1.61503e+07
158.101 1.61441e+07
158.201 1.61504e+07
158.301 1.61506e+07
158.401 1.61436e+07
158.501 1.61517e+07
158.601 1.61421e+07
158.701 1.61505e+07
158.801 1.61472e+07
158.901 1.61431e+07
159.001 1.61514e+07
159.101 1.61477e+07
159.201 1.61443e+07
159.301 1.61494e+07
159.401 1.61448e+07
159.501 1.61515e+07
159.601 1.6152e+07
159.701 1.61449e+07
159.801 1.61525e+07
159.901 1.6146e+07
160.001 1.61509e+07
160.101 1.61438e+07
160.201 1.61512e+07
160.301 1.61503e+07
160.401 1.61442e+07
160.501 1.61519e+07
160.601 1.61448e+07
160.701 1.61511e+07
160.801 1.61469e+07
160.901 1.61439e+07
161.001 1.61521e+07
161.101 1.61473e+07
161.201 1.61451e+07
161.301 1.6149e+07
161.401 1.61456e+07
161.501 1.61522e+07
161.601 1.61517e+07
161.701 1.6146e+07
161.801 1.61521e+07
161.901 1.61468e+07
162.001 1.61514e+07
162.101 1.61435e+07
162.201 1.61515e+07
162.301 1.61499e+07
162.401 1.6145e+07
162.501 1.61515e+07
162.601 1.61456e+07
162.701 1.61516e+07
162.801 1.61465e+07
162.901 1.61447e+07
163.001 1.61526e+07
163.101 1.6147e+07
163.201 1.61459e+07
163.301 1.61486e+07
163.401 1.61532e+07
163.501 1.61529e+07
163.601 1.61513e+07
163.701 1.61467e+07
163.801 1.61517e+07
163.901 1.61476e+07
164.001 1.61519e+07
164.101 1.61432e+07
164.201 1.61521e+07
164.301 1.61496e+07
164.401 1.61458e+07
164.501 1.61511e+07
164.601 1.61464e+07
164.701 1.61521e+07
164.801 1.61462e+07
164.901 1.61454e+07
165.001 1.61531e+07
165.101 1.61467e+07
165.201 1.61466e+07
165.301 1.61483e+07
165.401 1.61539e+07
165.501 1.61536e+07
165.601 1.61509e+07
165.701 1.61475e+07
165.801 1.61513e+07
165.901 1.61483e+07
166.001 1.61524e+07
166.101 1.61448e+07
166.201 1.61528e+07
166.301 1.61492e+07
166.401 1.61466e+07
166.501 1.61508e+07
166.601 1.61471e+07
166.701 1.61527e+07
166.801 1.61459e+07
166.901 1.61461e+07
167.001 1.61536e+07
167.101 1.61463e+07
167.201 1.61473e+07
167.301 1.6148e+07
167.401 1.61546e+07
167.501 1.61543e+07
167.601 1.61505e+07
167.701 1.61482e+07
167.801 1.61509e+07
167.901 1.6149e+07
168.001 1.61523e+07
168.101 1.61533e+07
168.201 1.61534e+07
168.301 1.61489e+07
168.401 1.61474e+07
168.501 1.61504e+07
168.601 1.61478e+07
168.701 1.61532e+07
168.801 1.61456e+07
168.901 1.61467e+07
169.001 1.61542e+07
169.101 1.6146e+07
169.201 1.61478e+07
169.301 1.61476e+07
169.401 1.61549e+07
169.501 1.61549e+07
169.601 1.61502e+07
169.701 1.61489e+07
169.801 1.61506e+07
169.901 1.61497e+07
170.001 1.61519e+07
170.101 1.61539e+07
170.201 1.61541e+07
170.301 1.61485e+07
170.401 1.61481e+07
170.501 1.615e+07
170.601 1.61547e+07
170.701 1.61538e+07
170.801 1.61453e+07
170.901 1.6155e+07
171.001 1.61549e+07
171.101 1.61464e+07
171.201 1.61557e+07
171.301 1.61473e+07
171.401 1.61555e+07
171.501 1.61555e+07
171.601 1.61498e+07
171.701 1.61497e+07
171.801 1.61502e+07
171.901 1.61556e+07
172.001 1.61515e+07
172.101 1.61546e+07
172.201 1.61547e+07
172.301 1.61482e+07
172.401 1.61488e+07
172.501 1.61497e+07
172.601 1.61553e+07
172.701 1.61543e+07
172.801 1.61494e+07
172.901 1.61556e+07
173.001 1.61548e+07
173.101 1.61489e+07
173.201 1.61561e+07
173.301 1.61494e+07
173.401 1.6156e+07
173.501 1.61561e+07
173.601 1.61495e+07
173.701 1.61503e+07
173.801 1.61499e+07
173.901 1.61558e+07
174.001 1.61511e+07
174.101 1.61552e+07
174.201 1.61553e+07
174.301 1.61479e+07
174.401 1.61495e+07
174.501 1.61494e+07
174.601 1.61558e+07
174.701 1.6154e+07
174.801 1.6149e+07
174.901 1.61562e+07
175.001 1.61544e+07
175.101 1.61496e+07
175.201 1.61559e+07
175.301 1.61501e+07
175.401 1.61564e+07
175.501 1.61567e+07
175.601 1.61491e+07
175.701 1.6151e+07
175.801 1.61495e+07
175.901 1.61559e+07
176.001 1.61508e+07
176.101 1.61558e+07
176.201 1.6156e+07
176.301 1.61476e+07
176.401 1.6157e+07
176.501 1.6149e+07
176.601 1.6156e+07
176.701 1.61536e+07
176.801 1.61491e+07
176.901 1.61567e+07
177.001 1.6154e+07
177.101 1.61502e+07
177.201 1.61555e+07
177.301 1.61507e+07
177.401 1.61569e+07
177.501 1.61573e+07
177.601 1.61488e+07
177.701 1.61513e+07
177.801 1.61501e+07
177.901 1.61563e+07
178.001 1.61504e+07
178.101 1.61564e+07
178.201 1.61563e+07
178.301 1.61502e+07
178.401 1.61574e+07
178.501 1.61491e+07
178.601 1.61564e+07
178.701 1.61532e+07
178.801 1.61498e+07
178.901 1.61572e+07
179.001 1.61536e+07
179.101 1.61508e+07
179.201 1.61551e+07
179.301 1.61514e+07
179.401 1.61573e+07
179.501 1.61575e+07
179.601 1.61517e+07
179.701 1.61578e+07
179.801 1.61524e+07
179.901 1.61567e+07
180.001 1.61501e+07
180.101 1.61569e+07
180.201 1.61559e+07
180.301 1.61508e+07
180.401 1.61573e+07
180.501 1.61513e+07
180.601 1.61568e+07
180.701 1.61528e+07
180.801 1.61504e+07
180.901 1.61577e+07
181.001 1.61532e+07
181.101 1.61515e+07
181.201 1.61547e+07
181.301 1.6152e+07
181.401 1.61579e+07
181.501 1.61571e+07
181.601 1.61523e+07
181.701 1.61574e+07
181.801 1.6153e+07
181.901 1.61571e+07
182.001 1.61498e+07
182.101 1.61571e+07
182.201 1.61555e+07
182.301 1.61514e+07
182.401 1.61569e+07
182.501 1.61519e+07
182.601 1.61572e+07
182.701 1.61525e+07
182.801 1.6151e+07
182.901 1.61581e+07
183.001 1.61529e+07
183.101 1.61522e+07
183.201 1.61543e+07
183.301 1.61587e+07
183.401 1.61584e+07
183.501 1.61567e+07
183.601 1.61529e+07
183.701 1.6157e+07
183.801 1.61536e+07
183.901 1.61575e+07
184.001 1.61495e+07
184.101 1.61577e+07
184.201 1.61551e+07
184.301 1.61521e+07
184.401 1.61565e+07
184.501 1.61526e+07
184.601 1.61577e+07
184.701 1.61521e+07
184.801 1.61517e+07
184.901 1.61585e+07
185.001 1.61525e+07
185.101 1.61528e+07
185.201 1.6154e+07
185.301 1.61593e+07
185.401 1.6159e+07
185.501 1.61563e+07
185.601 1.61535e+07
185.701 1.61566e+07
185.801 1.61543e+07
185.901 1.61578e+07
186.001 1.61581e+07
186.101 1.61582e+07
186.201 1.61548e+07
186.301 1.61527e+07
186.401 1.61561e+07
186.501 1.61532e+07
186.601 1.61581e+07
186.701 1.61518e+07
186.801 1.61523e+07
186.901 1.61589e+07
187.001 1.61522e+07
187.101 1.61534e+07
187.201 1.61536e+07
187.301 1.61597e+07
187.401 1.61595e+07
187.501 1.61559e+07
187.601 1.61541e+07
187.701 1.61562e+07
187.801 1.61548e+07
187.901 1.61574e+07
188.001 1.61586e+07
188.101 1.61588e+07
188.201 1.61544e+07
188.301 1.61533e+07
188.401 1.61557e+07
188.501 1.61537e+07
188.601 1.61585e+07
188.701 1.61514e+07
188.801 1.61596e+07
188.901 1.61594e+07
189.001 1.61518e+07
189.101 1.61534e+07
189.201 1.61532e+07
189.301 1.616e+07
189.401 1.616e+07
189.501 1.61555e+07
189.601 1.61547e+07
189.701 1.61559e+07
189.801 1.61554e+07
189.901 1.6157e+07
190.001 1.61591e+07
190.101 1.61593e+07
190.201 1.6154e+07
190.301 1.61538e+07
190.401 1.61554e+07
190.501 1.61598e+07
190.601 1.6159e+07
190.701 1.61511e+07
190.801 1.61601e+07
190.901 1.61599e+07
191.001 1.61539e+07
191.101 1.61606e+07
191.201 1.61529e+07
191.301 1.61605e+07
191.401 1.61605e+07
191.501 1.61551e+07
191.601 1.61552e+07
191.701 1.61555e+07
191.801 1.61605e+07
191.901 1.61566e+07
192.001 1.61596e+07
192.101 1.61598e+07
192.201 1.61537e+07
192.301 1.61544e+07
192.401 1.6155e+07
192.501 1.61603e+07
192.601 1.61592e+07
192.701 1.61547e+07
192.801 1.61606e+07
192.901 1.61595e+07
193.001 1.61545e+07
193.101 1.61609e+07
193.201 1.61549e+07
193.301 1.61609e+07
193.401 1.6161e+07
193.501 1.61548e+07
193.601 1.61558e+07
193.701 1.61551e+07
193.801 1.61606e+07
193.901 1.61563e+07
194.001 1.61602e+07
194.101 1.61603e+07
194.201 1.61533e+07
194.301 1.6155e+07
194.401 1.61546e+07
194.501 1.61605e+07
194.601 1.61588e+07
194.701 1.61543e+07
194.801 1.6161e+07
194.901 1.61591e+07
195.001 1.61551e+07
195.101 1.61605e+07
195.201 1.61555e+07
195.301 1.61612e+07
195.401 1.61615e+07
195.501 1.61544e+07
195.601 1.61563e+07
195.701 1.61548e+07
195.801 1.61606e+07
195.901 1.61559e+07
196.001 1.61606e+07
196.101 1.61608e+07
196.201 1.6153e+07
196.301 1.61617e+07
196.401 1.61543e+07
196.501 1.61608e+07
196.601 1.61584e+07
196.701 1.61547e+07
196.801 1.61614e+07
196.901 1.61587e+07
197.001 1.61557e+07
197.101 1.61601e+07
197.201 1.6156e+07
197.301 1.61615e+07
197.401 1.6162e+07
197.501 1.61546e+07
197.601 1.61563e+07
197.701 1.61565e+07
197.801 1.6161e+07
197.901 1.61555e+07
198.001 1.61611e+07
198.101 1.61608e+07
198.201 1.61551e+07
198.301 1.61469e+07
198.401 1.61388e+07
198.501 1.61306e+07
198.601 1.61225e+07
198.701 1.61144e+07
198.801 1.61063e+07
198.901 1.60982e+07
199.001 1.60901e+07
199.101 1.6082e+07
199.201 1.6074e+07
199.301 1.60659e+07
199.401 1.60578e+07
199.501 1.60498e+07
199.601 1.60417e+07
199.701 1.60337e+07
199.801 1.60257e+07
199.901 1.60177e+07
200.001 1.60097e+07
