0.001 0
0.101 1.14512e+07
0.201 1.19408e+07
0.301 1.7408e+07
0.401 1.24032e+07
0.501 54400
0.601 81600
0.701 54400
0.801 81600
0.901 54400
1.001 81600
1.101 54400
1.201 81600
1.301 54400
1.401 217600
1.501 1.65458e+08
1.601 8.4864e+06
1.701 1.7272e+07
1.801 1.01184e+07
1.901 1.47696e+07
2.001 2.01008e+07
2.101 1.86864e+07
2.201 9.9552e+06
2.301 1.68096e+07
2.401 2.15424e+07
2.501 9.9008e+06
2.601 2.08896e+07
2.701 1.94752e+07
2.801 1.6184e+07
2.901 1.57216e+07
3.001 1.0608e+07
3.101 1.66736e+07
3.201 1.20768e+07
3.301 2.48608e+07
3.401 1.00368e+07
3.501 1.64016e+07
3.601 1.768e+07
3.701 2.12432e+07
3.801 7.5616e+06
3.901 2.02368e+07
4.001 2.06992e+07
4.101 1.04448e+07
4.201 1.92576e+07
4.301 1.80064e+07
4.401 1.63744e+07
4.501 1.07712e+07
4.601 2.04e+07
4.701 1.7408e+07
4.801 1.09616e+07
4.901 2.18688e+07
5.001 1.0064e+07
5.101 1.63472e+07
5.201 2.2712e+07
5.301 1.0064e+07
5.401 1.65376e+07
5.501 1.71088e+07
5.601 1.99648e+07
5.701 1.00368e+07
5.801 1.54496e+07
5.901 2.28208e+07
6.001 9.7104e+06
6.101 1.98016e+07
6.201 2.02368e+07
6.301 1.64288e+07
6.401 1.47152e+07
6.501 1.1968e+07
6.601 1.66736e+07
6.701 1.24848e+07
6.801 2.32832e+07
6.901 1.10704e+07
7.001 1.64016e+07
7.101 1.6456e+07
7.201 2.244e+07
7.301 9.2208e+06
7.401 1.73808e+07
7.501 2.1896e+07
7.601 9.248e+06
7.701 1.92576e+07
7.801 1.90944e+07
7.901 1.65648e+07
8.001 9.4928e+06
8.101 2.04e+07
8.201 1.8496e+07
8.301 9.8736e+06
8.401 2.31472e+07
8.501 9.9552e+06
8.601 1.64832e+07
8.701 2.26848e+07
8.801 1.01456e+07
8.901 1.66736e+07
9.001 1.56128e+07
9.101 2.12432e+07
9.201 9.9824e+06
9.301 1.54496e+07
9.401 2.2304e+07
9.501 1.03632e+07
9.601 1.84416e+07
9.701 2.02368e+07
9.801 1.76256e+07
9.901 1.35184e+07
10.001 1.92576e+07
10.101 1.54224e+07
10.201 1.53408e+07
10.301 1.43888e+07
10.401 1.94208e+07
10.501 1.55312e+07
10.601 8.976e+06
10.701 2.36368e+07
10.801 9.4384e+06
10.901 1.59664e+07
11.001 2.31744e+07
11.101 7.9696e+06
11.201 1.92576e+07
11.301 2.01008e+07
11.401 1.6728e+07
11.501 8.3232e+06
11.601 2.04e+07
11.701 1.95568e+07
11.801 9.52e+06
11.901 2.3256e+07
12.001 1.03632e+07
12.101 1.64832e+07
12.201 2.27392e+07
12.301 1.00912e+07
12.401 1.66736e+07
12.501 1.43888e+07
12.601 2.25216e+07
12.701 9.928e+06
12.801 1.65376e+07
12.901 1.9992e+07
13.001 1.89584e+07
13.101 9.8464e+06
13.201 2.02368e+07
13.301 1.87408e+07
13.401 1.24032e+07
13.501 1.92576e+07
13.601 1.61024e+07
13.701 1.59392e+07
13.801 1.31104e+07
13.901 2.04e+07
14.001 1.58032e+07
14.101 7.7248e+06
14.201 2.47248e+07
14.301 9.5744e+06
14.401 1.47424e+07
14.501 2.44528e+07
14.601 1.00912e+07
14.701 1.58576e+07
14.801 2.01008e+07
14.901 1.76256e+07
15.001 8.2416e+06
15.101 1.9584e+07
15.201 2.06448e+07
15.301 9.8464e+06
15.401 2.18416e+07
15.501 1.1288e+07
15.601 2.33104e+07
15.701 1.62656e+07
15.801 1.00368e+07
15.901 1.66736e+07
16.001 1.31648e+07
16.101 2.38272e+07
16.201 9.9824e+06
16.301 1.64016e+07
16.401 1.8768e+07
16.501 2.0264e+07
16.601 8.5408e+06
16.701 2.02368e+07
16.801 1.98288e+07
16.901 1.13152e+07
17.001 1.92576e+07
17.101 1.7136e+07
17.201 1.6184e+07
17.301 1.1832e+07
17.401 2.04e+07
17.501 1.65648e+07
17.601 6.9632e+06
17.701 2.57856e+07
17.801 9.928e+06
17.901 1.63472e+07
18.001 2.2712e+07
18.101 1.00368e+07
18.201 1.47696e+07
18.301 1.99648e+07
18.401 1.8904e+07
18.501 1.00096e+07
18.601 1.65376e+07
18.701 2.176e+07
18.801 9.8192e+06
18.901 2.07536e+07
19.001 1.972e+07
19.101 1.61568e+07
19.201 1.5504e+07
19.301 1.088e+07
19.401 1.66736e+07
19.501 1.18048e+07
19.601 2.50512e+07
19.701 9.9824e+06
19.801 1.65376e+07
19.901 1.7408e+07
20.001 2.14608e+07
20.101 7.344e+06
20.201 2.02368e+07
20.301 2.08896e+07
20.401 1.02544e+07
20.501 1.92576e+07
20.601 1.81968e+07
20.701 1.64016e+07
20.801 1.05536e+07
20.901 2.04e+07
21.001 1.76256e+07
21.101 1.0744e+07
21.201 2.20864e+07
21.301 9.8464e+06
21.401 1.6592e+07
21.501 2.26848e+07
21.601 1.01184e+07
21.701 1.66736e+07
21.801 1.67008e+07
21.901 2.02096e+07
22.001 9.928e+06
22.101 1.53136e+07
22.201 2.30384e+07
22.301 9.7648e+06
22.401 1.95296e+07
22.501 2.02368e+07
22.601 1.66192e+07
22.701 1.45248e+07
22.801 1.20768e+07
22.901 1.67008e+07
23.001 1.32192e+07
23.101 2.24128e+07
23.201 1.13424e+07
23.301 1.64016e+07
23.401 1.6184e+07
23.501 2.26576e+07
23.601 9.2752e+06
23.701 1.71088e+07
23.801 2.21136e+07
23.901 9.0304e+06
24.001 1.92576e+07
24.101 1.92848e+07
24.201 1.6592e+07
24.301 9.2752e+06
24.401 2.04e+07
24.501 1.86864e+07
24.601 9.6832e+06
24.701 2.33648e+07
24.801 9.8736e+06
24.901 1.66192e+07
25.001 2.26576e+07
25.101 1.00368e+07
25.201 1.66736e+07
25.301 1.54768e+07
25.401 2.1488e+07
25.501 1.00096e+07
25.601 1.64016e+07
25.701 2.108e+07
25.801 1.04992e+07
25.901 1.83056e+07
26.001 2.02368e+07
26.101 1.7816e+07
26.201 1.3328e+07
26.301 1.92576e+07
26.401 1.55584e+07
26.501 1.54224e+07
26.601 1.41712e+07
26.701 1.9584e+07
26.801 1.55856e+07
26.901 8.7584e+06
27.001 2.38272e+07
27.101 9.384e+06
27.201 1.58304e+07
27.301 2.34192e+07
27.401 7.7248e+06
27.501 1.92576e+07
27.601 2.01008e+07
27.701 1.68368e+07
27.801 8.2144e+06
27.901 2.04e+07
28.001 1.97472e+07
28.101 9.6832e+06
28.201 2.29024e+07
28.301 1.06352e+07
28.401 1.64832e+07
28.501 2.2712e+07
28.601 1.01184e+07
28.701 1.66736e+07
28.801 1.41168e+07
28.901 2.27664e+07
29.001 9.9552e+06
29.101 1.65376e+07
29.201 1.972e+07
29.301 1.92032e+07
29.401 9.6016e+06
29.501 2.02368e+07
29.601 1.89312e+07
29.701 1.22128e+07
29.801 1.92576e+07
29.901 1.62656e+07
30.001 1.59936e+07
30.101 1.28928e+07
30.201 2.04e+07
30.301 1.5912e+07
30.401 7.616e+06
30.501 2.4888e+07
30.601 9.7648e+06
30.701 1.47696e+07
30.801 2.43168e+07
30.901 1.01184e+07
31.001 1.55856e+07
31.101 2.01008e+07
31.201 1.78704e+07
31.301 1.00912e+07
31.401 1.74896e+07
31.501 2.0808e+07
31.601 9.6832e+06
31.701 2.18416e+07
31.801 1.1288e+07
31.901 2.3528e+07
32.001 1.62928e+07
32.101 1.0064e+07
32.201 1.66736e+07
32.301 1.28928e+07
32.401 2.40448e+07
32.501 9.9008e+06
32.601 1.65376e+07
32.701 1.8496e+07
32.801 2.04816e+07
32.901 8.3232e+06
33.001 2.02368e+07
33.101 2.00192e+07
33.201 1.11248e+07
33.301 1.92576e+07
33.401 1.73264e+07
33.501 1.62384e+07
33.601 1.15872e+07
33.701 2.04e+07
33.801 1.6728e+07
33.901 6.8e+06
34.001 2.5976e+07
34.101 1.00912e+07
34.201 1.63472e+07
34.301 2.26032e+07
34.401 1.0064e+07
34.501 1.47424e+07
34.601 1.972e+07
34.701 1.91488e+07
34.801 9.9008e+06
34.901 1.64016e+07
35.001 2.19776e+07
35.101 9.7376e+06
35.201 2.06176e+07
35.301 1.98832e+07
35.401 1.61568e+07
35.501 1.53408e+07
35.601 1.1016e+07
35.701 1.68096e+07
35.801 1.15328e+07
35.901 2.50512e+07
36.001 1.02544e+07
36.101 1.64016e+07
36.201 1.7272e+07
36.301 2.16784e+07
36.401 7.1264e+06
36.501 2.02368e+07
36.601 2.108e+07
36.701 1.0064e+07
36.801 1.92576e+07
36.901 1.83872e+07
37.001 1.6456e+07
37.101 1.03088e+07
37.201 2.04e+07
37.301 1.77888e+07
37.401 1.05808e+07
37.501 2.2304e+07
37.601 9.8736e+06
37.701 1.6592e+07
37.801 2.26848e+07
37.901 1.00096e+07
38.001 1.68096e+07
38.101 1.64288e+07
38.201 2.04272e+07
38.301 9.9824e+06
38.401 1.50416e+07
38.501 2.3256e+07
38.601 9.8192e+06
38.701 1.92576e+07
38.801 2.02368e+07
38.901 1.6864e+07
39.001 1.428e+07
39.101 1.20768e+07
39.201 2.21952e+07
39.301 1.49328e+07
39.401 1.52048e+07
39.501 1.14784e+07
39.601 1.65376e+07
39.701 1.5912e+07
39.801 2.2848e+07
39.901 9.3296e+06
40.001 1.6864e+07
40.101 2.23584e+07
40.201 8.7856e+06
40.301 1.92576e+07
40.401 1.9448e+07
40.501 1.66736e+07
40.601 9.0304e+06
40.701 2.04e+07
40.801 1.88768e+07
40.901 9.4928e+06
41.001 2.35824e+07
41.101 9.928e+06
41.201 1.64832e+07
41.301 2.27392e+07
41.401 1.00912e+07
41.501 1.66736e+07
41.601 1.52048e+07
41.701 2.17056e+07
41.801 9.928e+06
41.901 1.65376e+07
42.001 2.0808e+07
42.101 1.05536e+07
42.201 1.82512e+07
42.301 2.02368e+07
42.401 1.80336e+07
42.501 1.31104e+07
42.601 1.92576e+07
42.701 1.56944e+07
42.801 1.55312e+07
42.901 1.39264e+07
43.001 1.98016e+07
43.101 1.55856e+07
43.201 8.5408e+06
43.301 2.40176e+07
43.401 9.4384e+06
43.501 1.55856e+07
43.601 2.36368e+07
43.701 7.7792e+06
43.801 1.89856e+07
43.901 2.01008e+07
44.001 1.69456e+07
44.101 8.1056e+06
44.201 2.04e+07
44.301 1.99648e+07
44.401 9.4656e+06
44.501 2.29024e+07
44.601 1.07712e+07
44.701 1.66192e+07
44.801 2.26576e+07
44.901 1.00368e+07
45.001 1.66736e+07
45.101 1.39808e+07
45.201 2.2984e+07
45.301 1.00096e+07
45.401 1.64016e+07
45.501 1.9584e+07
45.601 1.94208e+07
45.701 9.384e+06
45.801 2.02368e+07
45.901 1.91488e+07
46.001 1.19952e+07
46.101 1.92576e+07
46.201 1.64288e+07
46.301 1.60752e+07
46.401 1.2648e+07
46.501 2.04e+07
46.601 1.60208e+07
46.701 7.5072e+06
46.801 2.50784e+07
46.901 9.928e+06
47.001 1.63472e+07
47.101 2.26032e+07
47.201 1.00368e+07
47.301 1.54496e+07
47.401 2.01008e+07
47.501 1.8088e+07
47.601 1.00096e+07
47.701 1.73536e+07
47.801 2.10256e+07
47.901 9.8192e+06
48.001 2.1488e+07
48.101 1.1288e+07
48.201 2.37728e+07
48.301 1.62656e+07
48.401 1.01184e+07
48.501 1.66736e+07
48.601 1.26208e+07
48.701 2.42624e+07
48.801 9.9552e+06
48.901 1.65376e+07
49.001 1.8224e+07
49.101 2.06992e+07
49.201 8.1056e+06
49.301 2.02368e+07
49.401 2.02096e+07
49.501 1.09344e+07
49.601 1.92576e+07
49.701 1.75168e+07
49.801 1.62656e+07
49.901 1.13696e+07
50.001 2.04e+07
50.101 1.69456e+07
50.201 6.9904e+06
50.301 2.57584e+07
50.401 9.9008e+06
50.501 1.67008e+07
50.601 2.24672e+07
50.701 1.01184e+07
50.801 1.4688e+07
50.901 1.95024e+07
51.001 1.93664e+07
51.101 9.9552e+06
51.201 1.61296e+07
51.301 2.22224e+07
51.401 9.7648e+06
51.501 2.03456e+07
51.601 2.01008e+07
51.701 1.60752e+07
51.801 1.52048e+07
51.901 1.1288e+07
52.001 1.66736e+07
52.101 1.13968e+07
52.201 2.50512e+07
52.301 1.05264e+07
52.401 1.64016e+07
52.501 1.7e+07
52.601 2.1896e+07
52.701 6.9088e+06
52.801 2.02368e+07
52.901 2.12976e+07
53.001 9.8464e+06
53.101 1.92576e+07
53.201 1.86048e+07
53.301 1.6456e+07
53.401 1.00912e+07
53.501 2.04e+07
53.601 1.80064e+07
53.701 1.03632e+07
53.801 2.25488e+07
53.901 9.8736e+06
54.001 1.66192e+07
54.101 2.26304e+07
54.201 1.0064e+07
54.301 1.66736e+07
54.401 1.62928e+07
54.501 2.06448e+07
54.601 1.00368e+07
54.701 1.47696e+07
54.801 2.35008e+07
54.901 9.7104e+06
55.001 1.91216e+07
55.101 2.02368e+07
55.201 1.70544e+07
55.301 1.40896e+07
55.401 1.20768e+07
55.501 2.23312e+07
55.601 1.50144e+07
55.701 1.49872e+07
55.801 1.15872e+07
55.901 2.27664e+07
56.001 9.5744e+06
56.101 2.30928e+07
56.201 9.4656e+06
56.301 1.64832e+07
56.401 2.2576e+07
56.501 8.568e+06
56.601 1.92576e+07
56.701 1.96656e+07
56.801 1.66736e+07
56.901 8.8128e+06
57.001 2.04e+07
57.101 1.90672e+07
57.201 9.3024e+06
57.301 2.38272e+07
57.401 9.9552e+06
57.501 1.64832e+07
57.601 2.26848e+07
57.701 1.01456e+07
57.801 1.66736e+07
57.901 1.49328e+07
58.001 2.19232e+07
58.101 9.9824e+06
58.201 1.64016e+07
58.301 2.0672e+07
58.401 1.83872e+07
58.501 1.04176e+07
58.601 2.02368e+07
58.701 1.8224e+07
58.801 1.292e+07
58.901 1.92576e+07
59.001 1.58032e+07
59.101 1.564e+07
59.201 1.37088e+07
59.301 1.9992e+07
59.401 1.564e+07
59.501 8.296e+06
59.601 2.4208e+07
59.701 9.7376e+06
59.801 1.5096e+07
59.901 2.38544e+07
60.001 8.7856e+06
60.101 1.77616e+07
60.201 2.01008e+07
60.301 1.70544e+07
60.401 7.9968e+06
60.501 2.04e+07
60.601 2.0128e+07
60.701 9.656e+06
60.801 2.25488e+07
60.901 1.10432e+07
61.001 1.64832e+07
61.101 2.27664e+07
61.201 1.0064e+07
61.301 1.66736e+07
61.401 1.37088e+07
61.501 2.32288e+07
61.601 9.9008e+06
61.701 1.65376e+07
61.801 1.9312e+07
61.901 1.96656e+07
62.001 9.1392e+06
62.101 2.02368e+07
62.201 1.9312e+07
62.301 1.1832e+07
62.401 1.92576e+07
62.501 1.66464e+07
62.601 1.60752e+07
62.701 1.24304e+07
62.801 2.04e+07
62.901 1.61296e+07
63.001 7.3984e+06
63.101 2.5296e+07
63.201 9.7104e+06
63.301 1.67008e+07
63.401 2.24672e+07
63.501 1.00912e+07
63.601 1.51776e+07
63.701 2.01008e+07
63.801 1.83056e+07
63.901 9.928e+06
64.001 1.72176e+07
64.101 2.11888e+07
64.201 1.00096e+07
64.301 2.11344e+07
64.401 1.92032e+07
64.501 1.60752e+07
64.601 1.61024e+07
64.701 1.02e+07
64.801 1.68096e+07
64.901 1.23488e+07
65.001 2.45072e+07
65.101 9.9824e+06
65.201 1.64016e+07
65.301 1.8088e+07
65.401 2.09168e+07
65.501 7.888e+06
65.601 2.02368e+07
65.701 2.03728e+07
65.801 1.07712e+07
65.901 1.92576e+07
66.001 1.77072e+07
66.101 1.62928e+07
66.201 1.1152e+07
66.301 2.04e+07
66.401 1.71088e+07
66.501 1.12608e+07
66.601 2.15152e+07
66.701 1.0064e+07
66.801 1.63472e+07
66.901 2.2712e+07
67.001 1.00096e+07
67.101 1.51776e+07
67.201 1.88768e+07
67.301 1.96112e+07
67.401 9.9824e+06
67.501 1.58576e+07
67.601 2.244e+07
67.701 9.8192e+06
67.801 2.00736e+07
67.901 2.02368e+07
68.001 1.60752e+07
68.101 1.50688e+07
68.201 1.156e+07
68.301 1.66736e+07
68.401 1.11248e+07
68.501 2.50512e+07
68.601 1.06624e+07
68.701 1.65376e+07
68.801 1.6728e+07
68.901 2.21136e+07
69.001 7.752e+06
69.101 1.9176e+07
69.201 2.15152e+07
69.301 9.6288e+06
69.401 1.92576e+07
69.501 1.8768e+07
69.601 1.65376e+07
69.701 9.8464e+06
69.801 2.04e+07
69.901 1.81968e+07
70.001 1.01728e+07
70.101 2.27664e+07
70.201 9.928e+06
70.301 1.64832e+07
70.401 2.27392e+07
70.501 1.00912e+07
70.601 1.66736e+07
70.701 1.60208e+07
70.801 2.08896e+07
70.901 9.928e+06
71.001 1.46336e+07
71.101 2.3528e+07
71.201 9.9552e+06
71.301 1.88496e+07
71.401 2.02368e+07
71.501 1.7272e+07
71.601 1.3872e+07
71.701 1.20768e+07
71.801 2.244e+07
71.901 1.51232e+07
72.001 1.47696e+07
72.101 1.15872e+07
72.201 2.2984e+07
72.301 9.3568e+06
72.401 2.32832e+07
72.501 9.4112e+06
72.601 1.63472e+07
72.701 2.28208e+07
72.801 8.3232e+06
72.901 1.92576e+07
73.001 1.98288e+07
73.101 1.67552e+07
73.201 8.568e+06
73.301 2.04e+07
73.401 1.92576e+07
73.501 9.4656e+06
73.601 2.36096e+07
73.701 9.9552e+06
73.801 1.66192e+07
73.901 2.26576e+07
74.001 1.00368e+07
74.101 1.66736e+07
74.201 1.47968e+07
74.301 2.2168e+07
74.401 1.00096e+07
74.501 1.64016e+07
74.601 2.04e+07
74.701 1.86048e+07
74.801 1.02e+07
74.901 2.02368e+07
75.001 1.84416e+07
75.101 1.27024e+07
75.201 1.92576e+07
75.301 1.5912e+07
75.401 1.5776e+07
75.501 1.3464e+07
75.601 2.01824e+07
75.701 1.56672e+07
75.801 8.0784e+06
75.901 2.43984e+07
76.001 9.5472e+06
76.101 1.5096e+07
76.201 2.40992e+07
76.301 9.6288e+06
76.401 1.66736e+07
76.501 2.01008e+07
76.601 1.7272e+07
76.701 7.7792e+06
76.801 2.04e+07
76.901 2.03184e+07
77.001 9.8192e+06
77.101 2.21952e+07
77.201 1.1288e+07
77.301 2.29296e+07
77.401 1.62928e+07
77.501 1.01184e+07
77.601 1.66736e+07
77.701 1.34368e+07
77.801 2.34464e+07
77.901 9.9552e+06
78.001 1.65376e+07
78.101 1.904e+07
78.201 1.98832e+07
78.301 8.9216e+06
78.401 2.02368e+07
78.501 1.95296e+07
78.601 1.16144e+07
78.701 1.92576e+07
78.801 1.68368e+07
78.901 1.61296e+07
79.001 1.21856e+07
79.101 2.04e+07
79.201 1.62384e+07
79.301 7.2896e+06
79.401 2.54592e+07
79.501 9.9008e+06
79.601 1.63472e+07
79.701 2.2712e+07
79.801 1.01184e+07
79.901 1.49056e+07
80.001 2.01008e+07
80.101 1.85504e+07
80.201 9.9552e+06
80.301 1.69456e+07
80.401 2.13792e+07
80.501 9.8192e+06
80.601 2.11344e+07
80.701 1.93664e+07
80.801 1.61568e+07
80.901 1.58576e+07
81.001 1.0472e+07
81.101 1.66736e+07
81.201 1.22128e+07
81.301 2.47248e+07
81.401 1.00368e+07
81.501 1.64016e+07
81.601 1.7816e+07
81.701 2.11072e+07
81.801 7.6976e+06
81.901 2.02368e+07
82.001 2.05904e+07
82.101 1.05536e+07
82.201 1.92576e+07
82.301 1.78976e+07
82.401 1.63472e+07
82.501 1.09072e+07
82.601 2.04e+07
82.701 1.72992e+07
82.801 1.10704e+07
82.901 2.17056e+07
83.001 9.8736e+06
83.101 1.67008e+07
83.201 2.2576e+07
83.301 1.0064e+07
83.401 1.59936e+07
83.501 1.77888e+07
83.601 1.98288e+07
83.701 1.00368e+07
83.801 1.55856e+07
83.901 2.26848e+07
84.001 9.7104e+06
84.101 1.99376e+07
84.201 2.02368e+07
84.301 1.62928e+07
84.401 1.48512e+07
84.501 1.1832e+07
84.601 1.66736e+07
84.701 1.19408e+07
84.801 2.39632e+07
84.901 1.09344e+07
85.001 1.64016e+07
85.101 1.6592e+07
85.201 2.2304e+07
85.301 9.112e+06
85.401 1.76256e+07
85.501 2.176e+07
85.601 9.384e+06
85.701 1.92576e+07
85.801 1.89584e+07
85.901 1.65648e+07
86.001 9.6288e+06
86.101 2.04e+07
86.201 1.836e+07
86.301 1.00096e+07
86.401 2.30112e+07
86.501 9.9552e+06
86.601 1.64832e+07
86.701 2.26848e+07
86.801 1.01456e+07
86.901 1.66736e+07
87.001 1.57488e+07
87.101 2.11072e+07
87.201 9.9824e+06
87.301 1.49056e+07
87.401 2.2984e+07
87.501 1.02272e+07
87.601 1.85776e+07
87.701 2.02368e+07
87.801 1.74896e+07
87.901 1.36544e+07
88.001 1.92576e+07
88.101 1.5368e+07
88.201 1.52592e+07
88.301 1.45248e+07
88.401 1.92848e+07
88.501 1.5504e+07
88.601 9.1392e+06
88.701 2.35008e+07
88.801 9.3296e+06
88.901 1.62112e+07
89.001 2.30384e+07
89.101 8.1056e+06
89.201 1.92576e+07
89.301 2.00464e+07
89.401 1.67008e+07
89.501 8.4048e+06
89.601 2.04e+07
89.701 1.9448e+07
89.801 9.6288e+06
89.901 2.3256e+07
90.001 1.02272e+07
90.101 1.64832e+07
90.201 2.27392e+07
90.301 1.00912e+07
90.401 1.66736e+07
90.501 1.45248e+07
90.601 2.23856e+07
90.701 9.928e+06
90.801 1.65376e+07
90.901 2.0128e+07
91.001 1.88224e+07
91.101 9.9824e+06
91.201 2.02368e+07
91.301 1.8632e+07
91.401 1.2512e+07
91.501 1.92576e+07
91.601 1.60208e+07
91.701 1.58848e+07
91.801 1.32464e+07
91.901 2.03728e+07
92.001 1.57216e+07
92.101 7.8336e+06
92.201 2.4616e+07
92.301 9.6832e+06
92.401 1.47424e+07
92.501 2.43168e+07
92.601 1.00912e+07
92.701 1.59936e+07
92.801 2.01008e+07
92.901 1.74896e+07
93.001 7.6976e+06
93.101 2.0264e+07
93.201 2.05088e+07
93.301 9.6288e+06
93.401 2.21952e+07
93.501 1.1288e+07
93.601 2.31744e+07
93.701 1.62656e+07
93.801 1.00368e+07
93.901 1.66736e+07
94.001 1.33008e+07
94.101 2.3664e+07
94.201 1.00096e+07
94.301 1.64016e+07
94.401 1.8904e+07
94.501 2.01008e+07
94.601 8.704e+06
94.701 2.02368e+07
94.801 1.96928e+07
94.901 1.14512e+07
95.001 1.92576e+07
95.101 1.70272e+07
95.201 1.61568e+07
95.301 1.1968e+07
95.401 2.04e+07
95.501 1.64288e+07
95.601 7.0992e+06
95.701 2.56768e+07
95.801 9.6832e+06
95.901 1.67008e+07
96.001 2.2576e+07
96.101 1.00368e+07
96.201 1.4824e+07
96.301 2.00464e+07
96.401 1.8768e+07
96.501 1.00096e+07
96.601 1.66736e+07
96.701 2.1624e+07
96.801 9.8192e+06
96.901 2.08896e+07
97.001 1.95568e+07
97.101 1.6184e+07
97.201 1.564e+07
97.301 1.0744e+07
97.401 1.66736e+07
97.501 1.19408e+07
97.601 2.49424e+07
97.701 9.9552e+06
97.801 1.65376e+07
97.901 1.7544e+07
98.001 2.1352e+07
98.101 7.4528e+06
98.201 2.02368e+07
98.301 2.07808e+07
98.401 1.03632e+07
98.501 1.92576e+07
98.601 1.8088e+07
98.701 1.63744e+07
98.801 1.06896e+07
98.901 2.04e+07
99.001 1.75168e+07
99.101 1.08528e+07
99.201 2.19504e+07
99.301 9.9824e+06
99.401 1.6592e+07
99.501 2.25488e+07
99.601 1.01184e+07
99.701 1.66736e+07
99.801 1.68368e+07
99.901 2.00464e+07
100.001 9.9552e+06
100.101 1.54496e+07
100.201 2.29024e+07
100.301 9.7648e+06
100.401 1.96656e+07
100.501 2.02368e+07
100.601 1.65104e+07
100.701 1.46336e+07
100.801 1.1968e+07
100.901 1.66736e+07
101.001 1.28928e+07
101.101 2.28752e+07
101.201 1.12064e+07
101.301 1.64016e+07
101.401 1.632e+07
101.501 2.25216e+07
101.601 9.2752e+06
101.701 1.72448e+07
101.801 2.19776e+07
101.901 9.1664e+06
102.001 1.92576e+07
102.101 1.91488e+07
102.201 1.6592e+07
102.301 9.4112e+06
102.401 2.04e+07
102.501 1.85776e+07
102.601 9.792e+06
102.701 2.32288e+07
102.801 9.8736e+06
102.901 1.66192e+07
103.001 2.26304e+07
103.101 1.0064e+07
103.201 1.66736e+07
103.301 1.56128e+07
103.401 2.1352e+07
103.501 1.00096e+07
103.601 1.58576e+07
103.701 2.176e+07
103.801 1.04992e+07
103.901 1.83056e+07
104.001 2.02368e+07
104.101 1.768e+07
104.201 1.3464e+07
104.301 1.92576e+07
104.401 1.54768e+07
104.501 1.5368e+07
104.601 1.43072e+07
104.701 1.94752e+07
104.801 1.55584e+07
104.901 8.8944e+06
105.001 2.37184e+07
105.101 9.3568e+06
105.201 1.59664e+07
105.301 2.3256e+07
105.401 7.888e+06
105.501 1.92576e+07
105.601 2.01008e+07
105.701 1.67552e+07
105.801 8.296e+06
105.901 2.04e+07
106.001 1.96384e+07
106.101 9.4384e+06
106.201 2.3256e+07
106.301 1.04992e+07
106.401 1.64832e+07
106.501 2.2712e+07
106.601 1.01184e+07
106.701 1.66736e+07
106.801 1.42528e+07
106.901 2.26304e+07
107.001 9.9552e+06
107.101 1.65376e+07
107.201 1.9856e+07
107.301 1.90672e+07
107.401 9.7376e+06
107.501 2.02368e+07
107.601 1.88224e+07
107.701 1.23216e+07
107.801 1.92576e+07
107.901 1.61568e+07
108.001 1.59664e+07
108.101 1.30288e+07
108.201 2.04e+07
108.301 1.58304e+07
108.401 7.6976e+06
108.501 2.47792e+07
108.601 9.52e+06
108.701 1.47424e+07
108.801 2.45344e+07
108.901 1.01456e+07
109.001 1.57216e+07
109.101 2.01008e+07
109.201 1.77344e+07
109.301 1.02272e+07
109.401 1.74896e+07
109.501 2.06992e+07
109.601 9.792e+06
109.701 2.18416e+07
109.801 1.1288e+07
109.901 2.3392e+07
110.001 1.62928e+07
110.101 1.0064e+07
110.201 1.66736e+07
110.301 1.30288e+07
110.401 2.39088e+07
110.501 9.9008e+06
110.601 1.65376e+07
110.701 1.8632e+07
110.801 2.03456e+07
110.901 8.4592e+06
111.001 2.02368e+07
111.101 1.98832e+07
111.201 1.12608e+07
111.301 1.92576e+07
111.401 1.72176e+07
111.501 1.6184e+07
111.601 1.17504e+07
111.701 2.04e+07
111.801 1.66192e+07
111.901 6.9088e+06
112.001 2.584e+07
112.101 9.8736e+06
112.201 1.67008e+07
112.301 2.24672e+07
112.401 1.0064e+07
112.501 1.47424e+07
112.601 1.9856e+07
112.701 1.90128e+07
112.801 9.9008e+06
112.901 1.65376e+07
113.001 2.18416e+07
113.101 9.7376e+06
113.201 2.07536e+07
113.301 1.97744e+07
113.401 1.6184e+07
113.501 1.54224e+07
113.601 1.088e+07
113.701 1.68096e+07
113.801 1.16688e+07
113.901 2.50512e+07
114.001 1.01184e+07
114.101 1.64016e+07
114.201 1.7408e+07
114.301 2.15424e+07
114.401 7.2624e+06
114.501 2.02368e+07
114.601 2.09712e+07
114.701 1.01728e+07
114.801 1.92576e+07
114.901 1.82784e+07
115.001 1.64288e+07
115.101 1.04448e+07
115.201 2.04e+07
115.301 1.768e+07
115.401 1.06896e+07
115.501 2.2168e+07
115.601 1.00096e+07
115.701 1.6592e+07
115.801 2.25488e+07
115.901 1.00096e+07
116.001 1.68096e+07
116.101 1.65648e+07
116.201 2.02912e+07
116.301 9.9824e+06
116.401 1.51776e+07
116.501 2.312e+07
116.601 9.8192e+06
116.701 1.93936e+07
116.801 2.02368e+07
116.901 1.67008e+07
117.001 1.44432e+07
117.101 1.20768e+07
117.201 2.20864e+07
117.301 7.8336e+06
117.401 2.24128e+07
117.501 1.13424e+07
117.601 1.65376e+07
117.701 1.6048e+07
117.801 2.27392e+07
117.901 9.4384e+06
118.001 1.6864e+07
118.101 2.22224e+07
118.201 8.9216e+06
118.301 1.92576e+07
118.401 1.93392e+07
118.501 1.66464e+07
118.601 9.1664e+06
118.701 2.04e+07
118.801 1.87408e+07
118.901 9.6288e+06
119.001 2.34464e+07
119.101 9.928e+06
119.201 1.64832e+07
119.301 2.27392e+07
119.401 1.00912e+07
119.501 1.66736e+07
119.601 1.53408e+07
119.701 2.15696e+07
119.801 9.928e+06
119.901 1.65376e+07
120.001 2.0944e+07
120.101 1.04992e+07
120.201 1.83056e+07
120.301 2.02368e+07
120.401 1.79248e+07
120.501 1.32192e+07
120.601 1.92576e+07
120.701 1.56128e+07
120.801 1.54768e+07
120.901 1.40624e+07
121.001 1.96928e+07
121.101 1.55584e+07
121.201 8.6768e+06
121.301 2.39088e+07
121.401 9.5472e+06
121.501 1.55856e+07
121.601 2.35008e+07
121.701 7.6432e+06
121.801 1.92576e+07
121.901 2.01008e+07
122.001 1.68912e+07
122.101 8.16e+06
122.201 2.04e+07
122.301 1.98288e+07
122.401 9.6016e+06
122.501 2.29024e+07
122.601 1.06352e+07
122.701 1.66192e+07
122.801 2.26576e+07
122.901 1.00368e+07
123.001 1.66736e+07
123.101 1.41168e+07
123.201 2.2848e+07
123.301 1.00096e+07
123.401 1.64016e+07
123.501 1.972e+07
123.601 1.92848e+07
123.701 9.52e+06
123.801 2.02368e+07
123.901 1.90128e+07
124.001 1.21312e+07
124.101 1.92576e+07
124.201 1.632e+07
124.301 1.6048e+07
124.401 1.2784e+07
124.501 2.04e+07
124.601 1.59392e+07
124.701 7.5888e+06
124.801 2.49696e+07
124.901 9.6832e+06
125.001 1.52864e+07
125.101 2.38816e+07
125.201 1.00368e+07
125.301 1.55856e+07
125.401 2.01008e+07
125.501 1.7952e+07
125.601 1.00096e+07
125.701 1.74896e+07
125.801 2.09168e+07
125.901 9.928e+06
126.001 2.1488e+07
126.101 1.1288e+07
126.201 2.36368e+07
126.301 1.62656e+07
126.401 1.01184e+07
126.501 1.66736e+07
126.601 1.27568e+07
126.701 2.41264e+07
126.801 9.9552e+06
126.901 1.65376e+07
127.001 1.836e+07
127.101 2.05632e+07
127.201 8.2416e+06
127.301 2.02368e+07
127.401 2.01008e+07
127.501 1.10432e+07
127.601 1.92576e+07
127.701 1.73808e+07
127.801 1.62656e+07
127.901 1.15056e+07
128.001 2.04e+07
128.101 1.68096e+07
128.201 6.7184e+06
128.301 2.60304e+07
128.401 1.00368e+07
128.501 1.63472e+07
128.601 2.26848e+07
128.701 1.01184e+07
128.801 1.4688e+07
128.901 1.96384e+07
129.001 1.92304e+07
129.101 9.9552e+06
129.201 1.62656e+07
129.301 2.20864e+07
129.401 9.7648e+06
129.501 2.04816e+07
129.601 1.99648e+07
129.701 1.61296e+07
129.801 1.52864e+07
129.901 1.1152e+07
130.001 1.66736e+07
130.101 1.15328e+07
130.201 2.50512e+07
130.301 1.03904e+07
130.401 1.64016e+07
130.501 1.7136e+07
130.601 2.176e+07
130.701 7.0448e+06
130.801 2.02368e+07
130.901 2.11616e+07
131.001 9.9824e+06
131.101 1.92576e+07
131.201 1.84688e+07
131.301 1.6456e+07
131.401 1.02272e+07
131.501 2.04e+07
131.601 1.78976e+07
131.701 1.0472e+07
131.801 2.24128e+07
131.901 1.00096e+07
132.001 1.64832e+07
132.101 2.26304e+07
132.201 1.0064e+07
132.301 1.66736e+07
132.401 1.64288e+07
132.501 2.05088e+07
132.601 1.00368e+07
132.701 1.49056e+07
132.801 2.33648e+07
132.901 9.7104e+06
133.001 1.92576e+07
133.101 2.02368e+07
133.201 1.69184e+07
133.301 1.42256e+07
133.401 1.20768e+07
133.501 2.22496e+07
133.601 1.496e+07
133.701 1.51232e+07
133.801 1.15872e+07
133.901 1.64288e+07
134.001 1.5912e+07
134.101 2.29296e+07
134.201 9.384e+06
134.301 1.6728e+07
134.401 2.244e+07
134.501 8.704e+06
134.601 1.92576e+07
134.701 1.95568e+07
134.801 1.66464e+07
134.901 8.9488e+06
135.001 2.04e+07
135.101 1.89584e+07
135.201 9.4112e+06
135.301 2.36912e+07
135.401 9.9552e+06
135.501 1.64832e+07
135.601 2.26848e+07
135.701 1.01456e+07
135.801 1.66736e+07
135.901 1.50688e+07
136.001 2.17872e+07
136.101 9.9824e+06
136.201 1.64016e+07
136.301 2.0808e+07
136.401 1.8224e+07
136.501 1.05808e+07
136.601 2.02368e+07
136.701 1.81152e+07
136.801 1.30288e+07
136.901 1.92576e+07
137.001 1.57216e+07
137.101 1.55856e+07
137.201 1.38448e+07
137.301 1.9856e+07
137.401 1.564e+07
137.501 8.432e+06
137.601 2.40992e+07
137.701 9.4928e+06
137.801 1.54496e+07
137.901 2.37184e+07
138.001 8.2416e+06
138.101 1.84416e+07
138.201 2.01008e+07
138.301 1.7e+07
138.401 8.0512e+06
138.501 2.04e+07
138.601 2.00192e+07
138.701 9.7648e+06
138.801 2.25488e+07
138.901 1.09072e+07
139.001 1.64832e+07
139.101 2.27392e+07
139.201 1.00912e+07
139.301 1.66736e+07
139.401 1.38448e+07
139.501 2.30656e+07
139.601 9.928e+06
139.701 1.65376e+07
139.801 1.9448e+07
139.901 1.95296e+07
140.001 9.2752e+06
140.101 2.02368e+07
140.201 1.92032e+07
140.301 1.19408e+07
140.401 1.92576e+07
140.501 1.65376e+07
140.601 1.6048e+07
140.701 1.25664e+07
140.801 2.04e+07
140.901 1.60752e+07
141.001 7.4528e+06
141.101 2.516e+07
141.201 9.8464e+06
141.301 1.63472e+07
141.401 2.26848e+07
141.501 1.00912e+07
141.601 1.53136e+07
141.701 2.01008e+07
141.801 1.81696e+07
141.901 9.928e+06
142.001 1.73536e+07
142.101 2.108e+07
142.201 9.7648e+06
142.301 2.1488e+07
142.401 1.1288e+07
142.501 2.38544e+07
142.601 1.62384e+07
142.701 1.0064e+07
142.801 1.68096e+07
142.901 1.24848e+07
143.001 2.43712e+07
143.101 9.9824e+06
143.201 1.64016e+07
143.301 1.8224e+07
143.401 2.07808e+07
143.501 8.024e+06
143.601 2.02368e+07
143.701 2.0264e+07
143.801 1.088e+07
143.901 1.92576e+07
144.001 1.75984e+07
144.101 1.62656e+07
144.201 1.1288e+07
144.301 2.04e+07
144.401 1.7e+07
144.501 1.13696e+07
144.601 2.14064e+07
144.701 9.8192e+06
144.801 1.67008e+07
144.901 2.25488e+07
145.001 1.00368e+07
145.101 1.47696e+07
145.201 1.94208e+07
145.301 1.9448e+07
145.401 1.00096e+07
145.501 1.59936e+07
145.601 2.2304e+07
145.701 9.8192e+06
145.801 2.02096e+07
145.901 2.01824e+07
146.001 1.60208e+07
146.101 1.51776e+07
146.201 1.1424e+07
146.301 1.66736e+07
146.401 1.12608e+07
146.501 2.50512e+07
146.601 1.05264e+07
146.701 1.65376e+07
146.801 1.6864e+07
146.901 2.19776e+07
147.001 7.0992e+06
147.101 1.99648e+07
147.201 2.13792e+07
147.301 9.7648e+06
147.401 1.92576e+07
147.501 1.86592e+07
147.601 1.64832e+07
147.701 1.00096e+07
147.801 2.04e+07
147.901 1.80608e+07
148.001 1.03088e+07
148.101 2.26304e+07
148.201 9.928e+06
148.301 1.64832e+07
148.401 2.27392e+07
148.501 1.00912e+07
148.601 1.66736e+07
148.701 1.61568e+07
148.801 2.07536e+07
148.901 9.928e+06
149.001 1.47696e+07
149.101 2.3528e+07
149.201 9.8192e+06
149.301 1.89856e+07
149.401 2.02368e+07
149.501 1.7136e+07
149.601 1.4008e+07
149.701 1.20768e+07
149.801 2.23584e+07
149.901 1.50688e+07
150.001 1.49056e+07
150.101 1.15872e+07
150.201 2.2848e+07
150.301 9.4928e+06
150.401 2.31744e+07
150.501 9.384e+06
150.601 1.64832e+07
150.701 2.26576e+07
150.801 8.4864e+06
150.901 1.92576e+07
151.001 1.972e+07
151.101 1.6728e+07
151.201 8.704e+06
151.301 2.04e+07
151.401 1.91488e+07
151.501 9.5744e+06
151.601 2.35552e+07
151.701 9.8736e+06
151.801 1.66192e+07
151.901 2.26576e+07
152.001 1.00368e+07
152.101 1.66736e+07
152.201 1.49328e+07
152.301 2.2032e+07
152.401 1.00096e+07
152.501 1.64016e+07
152.601 2.0536e+07
152.701 1.84688e+07
152.801 1.0336e+07
152.901 2.02368e+07
153.001 1.83056e+07
153.101 1.28384e+07
153.201 1.92576e+07
153.301 1.58576e+07
153.401 1.56672e+07
153.501 1.36272e+07
153.601 2.00464e+07
153.701 1.56672e+07
153.801 8.2144e+06
153.901 2.42896e+07
154.001 9.656e+06
154.101 1.5096e+07
154.201 2.39632e+07
154.301 9.0848e+06
154.401 1.73536e+07
154.501 2.01008e+07
154.601 1.7136e+07
154.701 7.9152e+06
154.801 2.04e+07
154.901 2.02096e+07
155.001 9.5744e+06
155.101 2.25488e+07
155.201 1.11792e+07
155.301 2.29024e+07
155.401 1.62928e+07
155.501 1.01184e+07
155.601 1.66736e+07
155.701 1.35728e+07
155.801 2.33104e+07
155.901 9.9552e+06
156.001 1.65376e+07
156.101 1.9176e+07
156.201 1.97472e+07
156.301 9.0576e+06
156.401 2.02368e+07
156.501 1.93936e+07
156.601 1.17504e+07
156.701 1.92576e+07
156.801 1.67008e+07
156.901 1.61296e+07
157.001 1.23216e+07
157.101 2.04e+07
157.201 1.6184e+07
157.301 7.344e+06
157.401 2.53504e+07
157.501 9.656e+06
157.601 1.67008e+07
157.701 2.2576e+07
157.801 1.01184e+07
157.901 1.50416e+07
158.001 2.01008e+07
158.101 1.84144e+07
158.201 9.9552e+06
158.301 1.70816e+07
158.401 2.12704e+07
158.501 9.928e+06
158.601 2.11344e+07
158.701 1.92576e+07
158.801 1.61024e+07
158.901 1.60208e+07
159.001 1.0336e+07
159.101 1.66736e+07
159.201 1.23488e+07
159.301 2.45888e+07
159.401 9.9008e+06
159.501 1.65376e+07
159.601 1.7952e+07
159.701 2.09984e+07
159.801 7.8064e+06
159.901 2.02368e+07
160.001 2.04816e+07
160.101 1.06624e+07
160.201 1.92576e+07
160.301 1.77888e+07
160.401 1.632e+07
160.501 1.10432e+07
160.601 2.04e+07
160.701 1.71904e+07
160.801 1.11792e+07
160.901 2.15968e+07
161.001 9.9824e+06
161.101 1.67008e+07
161.201 2.244e+07
161.301 1.0064e+07
161.401 1.54496e+07
161.501 1.84688e+07
161.601 1.96928e+07
161.701 9.9008e+06
161.801 1.58576e+07
161.901 2.25216e+07
162.001 9.7376e+06
162.101 2.00736e+07
162.201 2.02368e+07
162.301 1.61568e+07
162.401 1.49872e+07
162.501 1.1696e+07
162.601 1.66736e+07
162.701 1.13968e+07
162.801 2.46432e+07
162.901 1.07984e+07
163.001 1.64016e+07
163.101 1.6728e+07
163.201 2.2168e+07
163.301 8.3504e+06
163.401 1.85232e+07
163.501 2.1624e+07
163.601 9.52e+06
163.701 1.92576e+07
163.801 1.88496e+07
163.901 1.65376e+07
164.001 9.7648e+06
164.101 2.04e+07
164.201 1.82512e+07
164.301 1.01184e+07
164.401 2.2848e+07
164.501 9.9824e+06
164.601 1.64832e+07
164.701 2.26848e+07
164.801 1.00096e+07
164.901 1.68096e+07
165.001 1.58848e+07
165.101 2.09712e+07
165.201 9.9824e+06
165.301 1.44976e+07
165.401 2.3528e+07
165.501 1.00912e+07
165.601 1.87136e+07
165.701 2.02368e+07
165.801 1.73536e+07
165.901 1.37904e+07
166.001 1.92576e+07
166.101 1.52864e+07
166.201 1.52048e+07
166.301 1.46608e+07
166.401 1.91488e+07
166.501 1.5504e+07
166.601 9.2752e+06
166.701 2.33648e+07
166.801 9.3296e+06
166.901 1.63472e+07
167.001 2.29024e+07
167.101 8.2416e+06
167.201 1.92576e+07
167.301 1.99104e+07
167.401 1.67552e+07
167.501 8.4864e+06
167.601 2.04e+07
167.701 1.9312e+07
167.801 9.4112e+06
167.901 2.36096e+07
168.001 1.00912e+07
168.101 1.64832e+07
168.201 2.27392e+07
168.301 1.00912e+07
168.401 1.66736e+07
168.501 1.46608e+07
168.601 2.22496e+07
168.701 9.928e+06
168.801 1.65376e+07
168.901 2.0264e+07
169.001 1.86864e+07
169.101 1.01184e+07
169.201 2.02368e+07
169.301 1.85232e+07
169.401 1.26208e+07
169.501 1.92576e+07
169.601 1.59664e+07
169.701 1.58032e+07
169.801 1.33824e+07
169.901 2.0264e+07
170.001 1.56672e+07
170.101 7.9968e+06
170.201 2.448e+07
170.301 9.4656e+06
170.401 1.5096e+07
170.501 2.41808e+07
170.601 9.9552e+06
170.701 1.62656e+07
170.801 2.01008e+07
170.901 1.73536e+07
171.001 7.6976e+06
171.101 2.04e+07
171.201 2.04e+07
171.301 9.7376e+06
171.401 2.21952e+07
171.501 1.1288e+07
171.601 2.30384e+07
171.701 1.62656e+07
171.801 1.00368e+07
171.901 1.66736e+07
172.001 1.34368e+07
172.101 2.3528e+07
172.201 1.00096e+07
172.301 1.64016e+07
172.401 1.904e+07
172.501 1.99648e+07
172.601 8.84e+06
172.701 2.02368e+07
172.801 1.9584e+07
172.901 1.156e+07
173.001 1.92576e+07
173.101 1.68912e+07
173.201 1.61568e+07
173.301 1.2104e+07
173.401 2.04e+07
173.501 1.62928e+07
173.601 7.2352e+06
173.701 2.5568e+07
173.801 9.792e+06
173.901 1.67008e+07
174.001 2.244e+07
174.101 1.00368e+07
174.201 1.49056e+07
174.301 2.01008e+07
174.401 1.8632e+07
174.501 1.00096e+07
174.601 1.68096e+07
174.701 2.1488e+07
174.801 9.7104e+06
174.901 2.11344e+07
175.001 1.9448e+07
175.101 1.61568e+07
175.201 1.5776e+07
175.301 1.0608e+07
175.401 1.66736e+07
175.501 1.20768e+07
175.601 2.48064e+07
175.701 9.9552e+06
175.801 1.65376e+07
175.901 1.768e+07
176.001 2.11888e+07
176.101 7.616e+06
176.201 2.02368e+07
176.301 2.06448e+07
176.401 1.04992e+07
176.501 1.92576e+07
176.601 1.79792e+07
176.701 1.63472e+07
176.801 1.08256e+07
176.901 2.04e+07
177.001 1.73808e+07
177.101 1.09888e+07
177.201 2.18144e+07
177.301 1.01184e+07
177.401 1.63472e+07
177.501 2.26576e+07
177.601 1.01184e+07
177.701 1.62656e+07
177.801 1.73808e+07
177.901 1.99104e+07
178.001 9.9552e+06
178.101 1.55856e+07
178.201 2.27664e+07
178.301 9.7648e+06
178.401 1.98016e+07
178.501 2.02368e+07
178.601 1.63744e+07
178.701 1.47696e+07
178.801 1.1832e+07
178.901 1.66736e+07
179.001 1.23488e+07
179.101 2.35552e+07
179.201 1.10704e+07
179.301 1.64016e+07
179.401 1.6456e+07
179.501 2.24128e+07
179.601 9.248e+06
179.701 1.73808e+07
179.801 2.18416e+07
179.901 9.3024e+06
180.001 1.92576e+07
180.101 1.904e+07
180.201 1.65648e+07
180.301 9.5472e+06
180.401 2.04e+07
180.501 1.84688e+07
180.601 9.9008e+06
180.701 2.30928e+07
180.801 9.8736e+06
180.901 1.66192e+07
181.001 2.26304e+07
181.101 1.0064e+07
181.201 1.66736e+07
181.301 1.57488e+07
181.401 2.11888e+07
181.501 1.00368e+07
181.601 1.51776e+07
181.701 2.2576e+07
181.801 1.02272e+07
181.901 1.85776e+07
182.001 2.02368e+07
182.101 1.75712e+07
182.201 1.35728e+07
182.301 1.92576e+07
182.401 1.54224e+07
182.501 1.52864e+07
182.601 1.44432e+07
182.701 1.93664e+07
182.801 1.55312e+07
182.901 9.0304e+06
183.001 2.35824e+07
183.101 9.4928e+06
183.201 1.59664e+07
183.301 2.312e+07
183.401 8.024e+06
183.501 1.92576e+07
183.601 2.01008e+07
183.701 1.67008e+07
183.801 8.3504e+06
183.901 2.04e+07
184.001 1.95296e+07
184.101 9.5472e+06
184.201 2.3256e+07
184.301 1.03632e+07
184.401 1.64832e+07
184.501 2.26848e+07
184.601 1.01456e+07
184.701 1.66736e+07
184.801 1.43888e+07
184.901 2.24944e+07
185.001 9.9552e+06
185.101 1.65376e+07
185.201 1.9992e+07
185.301 1.89312e+07
185.401 9.8736e+06
185.501 2.02368e+07
185.601 1.87136e+07
185.701 1.24304e+07
185.801 1.92576e+07
185.901 1.60752e+07
186.001 1.5912e+07
186.101 1.31648e+07
186.201 2.04e+07
186.301 1.5776e+07
186.401 7.752e+06
186.501 2.46704e+07
186.601 9.6288e+06
186.701 1.47424e+07
186.801 2.43984e+07
186.901 1.01456e+07
187.001 1.58576e+07
187.101 2.01008e+07
187.201 1.75712e+07
187.301 8.024e+06
187.401 1.9856e+07
187.501 2.05904e+07
187.601 9.5472e+06
187.701 2.21952e+07
187.801 1.1288e+07
187.901 2.3256e+07
188.001 1.62928e+07
188.101 1.0064e+07
188.201 1.66736e+07
188.301 1.31648e+07
188.401 2.37728e+07
188.501 9.9008e+06
188.601 1.65376e+07
188.701 1.8768e+07
188.801 2.02096e+07
188.901 8.5952e+06
189.001 2.02368e+07
189.101 1.97744e+07
189.201 1.13696e+07
189.301 1.92576e+07
189.401 1.71088e+07
189.501 1.61568e+07
189.601 1.18864e+07
189.701 2.04e+07
189.801 1.65104e+07
189.901 7.0176e+06
190.001 2.57312e+07
190.101 9.9824e+06
190.201 1.63472e+07
190.301 2.26576e+07
190.401 1.00912e+07
190.501 1.47424e+07
190.601 1.9992e+07
190.701 1.88768e+07
190.801 9.9008e+06
190.901 1.66736e+07
191.001 2.17056e+07
191.101 9.7376e+06
191.201 2.08896e+07
191.301 1.96656e+07
191.401 1.61568e+07
191.501 1.55584e+07
191.601 1.0744e+07
191.701 1.68096e+07
191.801 1.18048e+07
191.901 2.50512e+07
192.001 9.9824e+06
192.101 1.64016e+07
192.201 1.7544e+07
192.301 2.14336e+07
192.401 7.3712e+06
192.501 2.02368e+07
192.601 2.08352e+07
192.701 1.03088e+07
192.801 1.92576e+07
192.901 1.81696e+07
193.001 1.63744e+07
193.101 1.0608e+07
193.201 2.04e+07
193.301 1.75712e+07
193.401 1.07984e+07
193.501 2.2032e+07
193.601 9.9008e+06
193.701 1.6592e+07
193.801 2.26576e+07
193.901 1.00096e+07
194.001 1.68096e+07
194.101 1.67008e+07
194.201 2.01552e+07
194.301 9.9824e+06
194.401 1.53136e+07
194.501 2.2984e+07
194.601 9.8192e+06
194.701 1.95296e+07
194.801 2.02368e+07
194.901 1.65648e+07
195.001 1.45792e+07
195.101 1.20768e+07
195.201 1.67008e+07
195.301 1.32192e+07
195.401 2.24128e+07
195.501 1.12064e+07
195.601 1.65376e+07
195.701 1.6184e+07
195.801 2.26032e+07
195.901 9.3296e+06
196.001 1.71088e+07
196.101 2.20592e+07
196.201 9.0848e+06
196.301 1.92576e+07
196.401 1.92304e+07
196.501 1.66192e+07
196.601 9.3024e+06
196.701 2.04e+07
196.801 1.8632e+07
196.901 9.7376e+06
197.001 2.33104e+07
197.101 9.928e+06
197.201 1.64832e+07
197.301 2.27392e+07
197.401 1.00912e+07
197.501 1.66736e+07
197.601 1.54768e+07
197.701 2.14336e+07
197.801 9.928e+06
197.901 1.62656e+07
198.001 2.1352e+07
198.101 9.9552e+06
198.201 598400
198.301 5.1136e+06
198.401 0
198.501 0
198.601 0
198.701 0
198.801 0
198.901 0
199.001 0
199.101 0
199.201 0
199.301 0
199.401 0
199.501 0
199.601 0
199.701 0
199.801 0
199.901 0
200.001 0
