0.001 0
0.101 0
0.201 2.8016e+06
0.301 7.48e+06
0.401 9.4928e+06
0.501 1.25392e+07
0.601 1.7136e+07
0.701 1.72448e+07
0.801 1.7272e+07
0.901 1.1152e+06
1.001 9.4656e+06
1.101 2.1216e+07
1.201 2.37456e+07
1.301 6.4736e+06
1.401 2.3664e+07
1.501 6.0384e+06
1.601 2.9648e+06
1.701 27200
1.801 0
1.901 54400
2.001 27200
2.101 27200
2.201 0
2.301 27200
2.401 54400
2.501 54400
2.601 108800
2.701 190400
2.801 1.0064e+06
2.901 1.1424e+06
3.001 8.3504e+06
3.101 2.2848e+06
3.201 1.37142e+08
3.301 3.4816e+06
3.401 7.5344e+06
3.501 9.8736e+06
3.601 1.36544e+07
3.701 1.7272e+07
3.801 1.72448e+07
3.901 1.7272e+07
4.001 9.4384e+06
4.101 0
4.201 1.972e+07
4.301 1.7272e+07
4.401 2.3392e+07
4.501 9.1392e+06
4.601 1.768e+07
4.701 2.92128e+07
4.801 7.3168e+06
4.901 0
5.001 4.15344e+07
5.101 1.57488e+07
5.201 1.7272e+07
5.301 3.672e+06
5.401 3.128e+06
5.501 2.20592e+07
5.601 3.87328e+07
5.701 0
5.801 1.0608e+07
5.901 3.65568e+07
6.001 1.37632e+07
6.101 1.28928e+07
6.201 0
6.301 1.4144e+07
6.401 1.71088e+07
6.501 3.99568e+07
6.601 1.54224e+07
6.701 3.5904e+06
6.801 4.3248e+06
6.901 2.07264e+07
7.001 3.84608e+07
7.101 380800
7.201 1.0744e+07
7.301 3.74816e+07
7.401 1.48512e+07
7.501 1.6592e+07
7.601 1.7136e+07
7.701 0
7.801 1.1968e+07
7.901 1.7272e+07
8.001 3.1144e+07
8.101 0
8.201 1.90672e+07
8.301 3.08448e+07
8.401 1.34368e+07
8.501 0
8.601 3.38096e+07
8.701 1.7272e+07
8.801 1.57488e+07
8.901 1.13968e+07
9.001 0
9.101 1.74352e+07
9.201 1.7272e+07
9.301 2.92128e+07
9.401 0
9.501 2.0264e+07
9.601 3.42176e+07
9.701 1.4688e+07
9.801 4.6512e+06
9.901 0
10.001 2.36912e+07
10.101 4.03648e+07
10.201 1.54768e+07
10.301 1.06896e+07
10.401 0
10.501 1.76256e+07
10.601 1.70816e+07
10.701 2.91856e+07
10.801 0
10.901 2.0128e+07
11.001 3.6448e+07
11.101 1.5368e+07
11.201 1.7272e+07
11.301 7.5888e+06
11.401 0
11.501 2.1624e+07
11.601 1.61568e+07
11.701 2.26032e+07
11.801 1.14512e+07
11.901 1.7136e+07
12.001 2.89952e+07
12.101 5.7664e+06
12.201 0
12.301 4.33568e+07
12.401 1.5776e+07
12.501 1.72448e+07
12.601 1.8496e+06
12.701 9.8192e+06
12.801 1.7272e+07
12.901 3.68288e+07
13.001 0
13.101 1.2512e+07
13.201 3.65024e+07
13.301 1.34368e+07
13.401 1.13696e+07
13.501 0
13.601 1.5912e+07
13.701 1.69728e+07
13.801 4.00384e+07
13.901 1.55584e+07
14.001 1.7408e+06
14.101 9.7104e+06
14.201 1.72448e+07
14.301 3.69376e+07
14.401 0
14.501 1.2512e+07
14.601 3.74272e+07
14.701 1.46608e+07
14.801 1.68912e+07
14.901 1.53136e+07
15.001 0
15.101 1.3872e+07
15.201 1.7272e+07
15.301 2.924e+07
15.401 0
15.501 2.09712e+07
15.601 3.01648e+07
15.701 1.22128e+07
15.801 0
15.901 3.56592e+07
16.001 1.6864e+07
16.101 1.61568e+07
16.201 9.5472e+06
16.301 0
16.401 1.93392e+07
16.501 1.6864e+07
16.601 2.77168e+07
16.701 0
16.801 2.2032e+07
16.901 3.4e+07
17.001 1.49872e+07
17.101 2.8016e+06
17.201 1.37904e+07
17.301 1.16144e+07
17.401 4.0392e+07
17.501 1.52864e+07
17.601 9.1392e+06
17.701 0
17.801 1.93936e+07
17.901 1.58576e+07
18.001 2.86416e+07
18.101 0
18.201 2.2032e+07
18.301 3.61488e+07
18.401 1.56128e+07
18.501 1.72448e+07
18.601 5.7664e+06
18.701 0
18.801 2.3392e+07
18.901 3.6992e+07
19.001 0
19.101 1.32192e+07
19.201 3.3728e+07
19.301 1.21856e+07
19.401 4.216e+06
19.501 0
19.601 4.52064e+07
19.701 1.5776e+07
19.801 1.72448e+07
19.901 0
20.001 1.15872e+07
20.101 1.7272e+07
20.201 3.50608e+07
20.301 0
20.401 1.428e+07
20.501 3.58768e+07
20.601 1.38176e+07
20.701 9.8464e+06
20.801 0
20.901 1.768e+07
21.001 4.05552e+07
21.101 1.64288e+07
21.201 1.55584e+07
21.301 0
21.401 1.15056e+07
21.501 1.72176e+07
21.601 3.51696e+07
21.701 0
21.801 1.428e+07
21.901 3.6856e+07
22.001 1.50144e+07
22.101 1.71904e+07
22.201 1.3464e+07
22.301 0
22.401 1.5776e+07
22.501 1.7136e+07
22.601 2.7472e+07
22.701 0
22.801 2.27392e+07
22.901 2.99472e+07
23.001 1.06624e+07
23.101 0
23.201 3.75088e+07
23.301 1.5912e+07
23.401 1.71088e+07
23.501 7.6976e+06
23.601 0
23.701 2.11072e+07
23.801 3.9576e+07
23.901 3.2368e+06
24.001 2.72e+06
24.101 2.1216e+07
24.201 3.36192e+07
24.301 1.52864e+07
24.401 979200
24.501 1.37904e+07
24.601 1.35184e+07
24.701 4.02016e+07
24.801 1.51232e+07
24.901 7.5888e+06
25.001 0
25.101 2.11616e+07
25.201 3.88688e+07
25.301 3.8624e+06
25.401 5.0864e+06
25.501 3.91408e+07
25.601 1.54768e+07
25.701 1.59392e+07
25.801 1.72448e+07
25.901 3.9168e+06
26.001 1.768e+06
26.101 2.3528e+07
26.201 3.5088e+07
26.301 0
26.401 1.51232e+07
26.501 3.27488e+07
26.601 1.27568e+07
26.701 2.72e+06
26.801 7.344e+06
26.901 3.9712e+07
27.001 1.57488e+07
27.101 1.54224e+07
27.201 0
27.301 1.34912e+07
27.401 1.7272e+07
27.501 3.31568e+07
27.601 0
27.701 1.6184e+07
27.801 3.49792e+07
27.901 1.43616e+07
28.001 8.296e+06
28.101 0
28.201 1.98016e+07
28.301 4.02832e+07
28.401 1.61296e+07
28.501 1.4008e+07
28.601 0
28.701 1.33008e+07
28.801 1.73264e+07
28.901 3.32656e+07
29.001 0
29.101 1.6184e+07
29.201 3.66656e+07
29.301 1.50688e+07
29.401 1.7272e+07
29.501 1.16144e+07
29.601 0
29.701 1.7544e+07
29.801 1.7272e+07
29.901 2.5568e+07
30.001 1.2784e+06
30.101 2.33648e+07
30.201 2.95936e+07
30.301 9.112e+06
30.401 0
30.501 3.93584e+07
30.601 1.57488e+07
30.701 1.7272e+07
30.801 5.848e+06
30.901 0
31.001 2.30112e+07
31.101 3.92768e+07
31.201 1.632e+06
31.301 8.432e+06
31.401 3.65568e+07
31.501 1.41168e+07
31.601 1.47152e+07
31.701 0
31.801 1.37904e+07
31.901 1.52864e+07
32.001 4.012e+07
32.101 1.52592e+07
32.201 5.7664e+06
32.301 0
32.401 2.29296e+07
32.501 3.87056e+07
32.601 2.2576e+06
32.701 8.6224e+06
32.801 3.74544e+07
32.901 1.51776e+07
33.001 1.62384e+07
33.101 1.72448e+07
33.201 2.0672e+06
33.301 9.792e+06
33.401 1.7272e+07
33.501 3.332e+07
33.601 0
33.701 1.68912e+07
33.801 3.19328e+07
33.901 1.33552e+07
34.001 1.1696e+06
34.101 3.16336e+07
34.201 1.7272e+07
34.301 1.57488e+07
34.401 1.35728e+07
34.501 0
34.601 1.52592e+07
34.701 1.7272e+07
34.801 3.13888e+07
34.901 0
35.001 1.8088e+07
35.101 3.45712e+07
35.201 1.4416e+07
35.301 6.7456e+06
35.401 0
35.501 2.15696e+07
35.601 4.03648e+07
35.701 1.58304e+07
35.801 1.24576e+07
35.901 0
36.001 1.5232e+07
36.101 1.72992e+07
36.201 3.13616e+07
36.301 0
36.401 1.7952e+07
36.501 3.66112e+07
36.601 1.52048e+07
36.701 1.7272e+07
36.801 9.7648e+06
36.901 0
37.001 1.9448e+07
37.101 1.7272e+07
37.201 2.3664e+07
37.301 7.5072e+06
37.401 1.8904e+07
37.501 2.93488e+07
37.601 7.5888e+06
37.701 0
37.801 4.11808e+07
37.901 1.5776e+07
38.001 1.72448e+07
38.101 4.0256e+06
38.201 1.36e+06
38.301 2.35552e+07
38.401 3.89232e+07
38.501 81600
38.601 1.0336e+07
38.701 3.65024e+07
38.801 1.38176e+07
38.901 1.31648e+07
39.001 0
39.101 1.37904e+07
39.201 1.71904e+07
39.301 3.99296e+07
39.401 1.53952e+07
39.501 3.9168e+06
39.601 2.1488e+06
39.701 2.25488e+07
39.801 3.85424e+07
39.901 652800
40.001 1.03904e+07
40.101 3.75088e+07
40.201 1.49056e+07
40.301 1.65104e+07
40.401 1.7272e+07
40.501 217600
40.601 1.1696e+07
40.701 1.7272e+07
40.801 3.1416e+07
40.901 0
41.001 1.87952e+07
41.101 3.09264e+07
41.201 1.36272e+07
41.301 0
41.401 3.34832e+07
41.501 1.7272e+07
41.601 1.57488e+07
41.701 1.17232e+07
41.801 0
41.901 1.71632e+07
42.001 1.7272e+07
42.101 2.94848e+07
42.201 0
42.301 1.9856e+07
42.401 3.43536e+07
42.501 1.46336e+07
42.601 4.9776e+06
42.701 0
42.801 2.33376e+07
42.901 4.04192e+07
43.001 1.5504e+07
43.101 1.09616e+07
43.201 0
43.301 1.7272e+07
43.401 1.70272e+07
43.501 2.95936e+07
43.601 0
43.701 1.9856e+07
43.801 3.63936e+07
43.901 1.5368e+07
44.001 1.72448e+07
44.101 7.9424e+06
44.201 0
44.301 2.1216e+07
44.401 1.65648e+07
44.501 2.26032e+07
44.601 1.10432e+07
44.701 1.7272e+07
44.801 2.89952e+07
44.901 6.0384e+06
45.001 0
45.101 4.30304e+07
45.201 1.5776e+07
45.301 1.72448e+07
45.401 2.176e+06
45.501 9.4112e+06
45.601 1.7272e+07
45.701 3.72368e+07
45.801 0
45.901 1.2104e+07
46.001 3.6584e+07
46.101 1.34912e+07
46.201 1.16416e+07
46.301 0
46.401 1.55584e+07
46.501 1.71904e+07
46.601 3.98752e+07
46.701 1.5504e+07
46.801 2.0944e+06
46.901 9.3296e+06
47.001 1.72176e+07
47.101 3.73456e+07
47.201 0
47.301 1.21584e+07
47.401 3.75904e+07
47.501 1.45792e+07
47.601 1.68368e+07
47.701 1.564e+07
47.801 0
47.901 1.36e+07
48.001 1.7136e+07
48.101 2.9648e+07
48.201 0
48.301 2.05632e+07
48.401 3.03008e+07
48.501 1.24848e+07
48.601 0
48.701 3.53328e+07
48.801 1.7e+07
48.901 1.60208e+07
49.001 9.8736e+06
49.101 0
49.201 1.89312e+07
49.301 1.7272e+07
49.401 2.77168e+07
49.501 0
49.601 2.176e+07
49.701 3.4e+07
49.801 1.49328e+07
49.901 3.128e+06
50.001 1.37904e+07
50.101 1.13424e+07
50.201 4.03376e+07
50.301 1.53408e+07
50.401 9.4112e+06
50.501 0
50.601 1.904e+07
50.701 1.62112e+07
50.801 2.86416e+07
50.901 0
51.001 2.1624e+07
51.101 3.62848e+07
51.201 1.55584e+07
51.301 1.72448e+07
51.401 6.0928e+06
51.501 0
51.601 2.312e+07
51.701 3.7264e+07
51.801 0
51.901 1.29472e+07
52.001 3.37824e+07
52.101 1.2104e+07
52.201 4.5152e+06
52.301 0
52.401 4.488e+07
52.501 1.5776e+07
52.601 1.72448e+07
52.701 326400
52.801 1.13152e+07
52.901 1.7272e+07
53.001 3.53328e+07
53.101 0
53.201 1.4008e+07
53.301 3.59856e+07
53.401 1.37088e+07
53.501 1.01184e+07
53.601 0
53.701 1.73264e+07
53.801 4.05824e+07
53.901 1.64288e+07
54.001 1.564e+07
54.101 244800
54.201 1.11248e+07
54.301 1.73264e+07
54.401 3.54416e+07
54.501 0
54.601 1.4008e+07
54.701 3.68016e+07
54.801 1.50416e+07
54.901 1.71632e+07
55.001 1.37904e+07
55.101 0
55.201 1.5368e+07
55.301 1.7272e+07
55.401 2.7744e+07
55.501 0
55.601 2.24672e+07
55.701 2.99472e+07
55.801 1.09344e+07
55.901 0
56.001 3.71824e+07
56.101 1.60752e+07
56.201 1.69456e+07
56.301 8.024e+06
56.401 0
56.501 2.08352e+07
56.601 3.95216e+07
56.701 3.5632e+06
56.801 1.088e+06
56.901 2.244e+07
57.001 3.37552e+07
57.101 1.5232e+07
57.201 1.3056e+06
57.301 1.37904e+07
57.401 1.31104e+07
57.501 4.02832e+07
57.601 1.51776e+07
57.701 7.8608e+06
57.801 0
57.901 2.0808e+07
58.001 3.89504e+07
58.101 4.1344e+06
58.201 1.9312e+06
58.301 4.19696e+07
58.401 1.55312e+07
58.501 1.58848e+07
58.601 1.72448e+07
58.701 4.2432e+06
58.801 136000
58.901 2.4752e+07
59.001 3.5496e+07
59.101 0
59.201 1.47152e+07
59.301 3.29936e+07
59.401 1.2648e+07
59.501 2.992e+06
59.601 5.712e+06
59.701 4.10176e+07
59.801 1.57488e+07
59.901 1.57488e+07
60.001 0
60.101 1.30832e+07
60.201 1.7272e+07
60.301 3.35648e+07
60.401 0
60.501 1.5912e+07
60.601 3.49792e+07
60.701 1.43616e+07
60.801 8.568e+06
60.901 0
61.001 1.9448e+07
61.101 4.03104e+07
61.201 1.6184e+07
61.301 1.428e+07
61.401 0
61.501 1.3056e+07
61.601 1.72992e+07
61.701 3.35376e+07
61.801 0
61.901 1.5776e+07
62.001 3.67744e+07
62.101 1.50416e+07
62.201 1.7272e+07
62.301 1.19408e+07
62.401 0
62.501 1.7272e+07
62.601 1.7272e+07
62.701 2.584e+07
62.801 952000
62.901 2.32832e+07
63.001 2.97296e+07
63.101 9.384e+06
63.201 0
63.301 3.90048e+07
63.401 1.5776e+07
63.501 1.72448e+07
63.601 6.2016e+06
63.701 0
63.801 2.27392e+07
63.901 3.92768e+07
64.001 1.904e+06
64.101 8.16e+06
64.201 3.65024e+07
64.301 1.41712e+07
64.401 1.49872e+07
64.501 0
64.601 1.37904e+07
64.701 1.50144e+07
64.801 4.00928e+07
64.901 1.5232e+07
65.001 6.0928e+06
65.101 0
65.201 2.2576e+07
65.301 3.876e+07
65.401 2.5568e+06
65.501 8.2688e+06
65.601 3.74544e+07
65.701 1.52592e+07
65.801 1.61568e+07
65.901 1.7272e+07
66.001 2.3936e+06
66.101 9.384e+06
66.201 1.7408e+07
66.301 3.3592e+07
66.401 0
66.501 1.66192e+07
66.601 3.20144e+07
66.701 1.32736e+07
66.801 1.4416e+06
66.901 3.13072e+07
67.001 1.7272e+07
67.101 1.57488e+07
67.201 1.38992e+07
67.301 0
67.401 1.49872e+07
67.501 1.7272e+07
67.601 3.16608e+07
67.701 0
67.801 1.768e+07
67.901 3.47072e+07
68.001 1.4416e+07
68.101 7.0176e+06
68.201 0
68.301 2.1216e+07
68.401 4.0392e+07
68.501 1.58576e+07
68.601 1.27568e+07
68.701 0
68.801 1.48512e+07
68.901 1.7272e+07
69.001 3.17696e+07
69.101 0
69.201 1.768e+07
69.301 3.65568e+07
69.401 1.52048e+07
69.501 1.7272e+07
69.601 1.00912e+07
69.701 0
69.801 1.904e+07
69.901 1.7272e+07
70.001 2.4072e+07
70.101 5.8752e+06
70.201 2.0264e+07
70.301 2.93488e+07
70.401 7.8608e+06
70.501 0
70.601 4.08544e+07
70.701 1.5776e+07
70.801 1.72448e+07
70.901 4.352e+06
71.001 0
71.101 2.45072e+07
71.201 3.9032e+07
71.301 380800
71.401 9.928e+06
71.501 3.6584e+07
71.601 1.38448e+07
71.701 1.3464e+07
71.801 0
71.901 1.37904e+07
72.001 1.67824e+07
72.101 4.00384e+07
72.201 1.5368e+07
72.301 4.2432e+06
72.401 272000
72.501 2.44256e+07
72.601 3.82704e+07
72.701 924800
72.801 1.00368e+07
72.901 3.7536e+07
73.001 1.496e+07
73.101 1.6456e+07
73.201 1.7272e+07
73.301 544000
73.401 1.1424e+07
73.501 1.7136e+07
73.601 3.1824e+07
73.701 0
73.801 1.83872e+07
73.901 3.11712e+07
74.001 1.37904e+07
74.101 0
74.201 3.31568e+07
74.301 1.72448e+07
74.401 1.5776e+07
74.501 1.20496e+07
74.601 0
74.701 1.67552e+07
74.801 1.7272e+07
74.901 2.98928e+07
75.001 0
75.101 1.9584e+07
75.201 3.43536e+07
75.301 1.45792e+07
75.401 5.304e+06
75.501 0
75.601 2.2984e+07
75.701 4.04736e+07
75.801 1.55312e+07
75.901 1.12336e+07
76.001 0
76.101 1.69184e+07
76.201 1.71088e+07
76.301 2.98656e+07
76.401 0
76.501 1.9448e+07
76.601 3.65024e+07
76.701 1.53408e+07
76.801 1.72448e+07
76.901 8.2688e+06
77.001 0
77.101 2.0944e+07
77.201 1.68368e+07
77.301 2.26032e+07
77.401 1.07712e+07
77.501 1.7272e+07
77.601 2.8968e+07
77.701 6.3376e+06
77.801 0
77.901 4.2704e+07
78.001 1.5776e+07
78.101 1.72448e+07
78.201 2.5024e+06
78.301 9.2752e+06
78.401 1.7136e+07
78.501 3.75088e+07
78.601 0
78.701 1.1832e+07
78.801 3.65296e+07
78.901 1.35456e+07
79.001 1.19136e+07
79.101 0
79.201 1.52048e+07
79.301 1.7272e+07
79.401 3.9848e+07
79.501 1.54768e+07
79.601 2.4208e+06
79.701 8.9488e+06
79.801 1.73264e+07
79.901 3.76176e+07
80.001 0
80.101 1.18048e+07
80.201 3.76176e+07
80.301 1.46336e+07
80.401 1.67824e+07
80.501 1.59664e+07
80.601 0
80.701 1.3192e+07
80.801 1.7272e+07
80.901 2.992e+07
81.001 0
81.101 2.02912e+07
81.201 3.03008e+07
81.301 1.27568e+07
81.401 0
81.501 3.50064e+07
81.601 1.71632e+07
81.701 1.58576e+07
81.801 1.02e+07
81.901 0
82.001 1.86592e+07
82.101 1.7272e+07
82.201 2.79888e+07
82.301 0
82.401 2.1352e+07
82.501 3.4136e+07
82.601 1.48512e+07
82.701 3.4816e+06
82.801 1.37904e+07
82.901 1.09616e+07
83.001 4.0392e+07
83.101 1.53952e+07
83.201 9.6832e+06
83.301 0
83.401 1.86864e+07
83.501 1.65648e+07
83.601 2.86416e+07
83.701 0
83.801 2.1352e+07
83.901 3.62848e+07
84.001 1.5504e+07
84.101 1.72448e+07
84.201 6.4192e+06
84.301 0
84.401 2.2712e+07
84.501 3.7672e+07
84.601 0
84.701 1.25392e+07
84.801 1.7272e+07
84.901 2.87504e+07
85.001 4.7872e+06
85.101 0
85.201 4.45536e+07
85.301 1.57488e+07
85.401 1.7272e+07
85.501 652800
85.601 1.09072e+07
85.701 1.7272e+07
85.801 3.57408e+07
85.901 0
86.001 1.3736e+07
86.101 3.60672e+07
86.201 1.36272e+07
86.301 1.03904e+07
86.401 0
86.501 1.73264e+07
86.601 4.0256e+07
86.701 1.6456e+07
86.801 1.56128e+07
86.901 571200
87.001 1.088e+07
87.101 1.72992e+07
87.201 3.57136e+07
87.301 0
87.401 1.36e+07
87.501 3.69376e+07
87.601 1.50416e+07
87.701 1.71088e+07
87.801 1.41168e+07
87.901 0
88.001 1.5096e+07
88.101 1.7272e+07
88.201 2.8016e+07
88.301 0
88.401 2.20592e+07
88.501 3.00832e+07
88.601 1.12064e+07
88.701 0
88.801 3.68288e+07
88.901 1.62656e+07
89.001 1.67552e+07
89.101 8.3776e+06
89.201 0
89.301 2.05632e+07
89.401 3.94672e+07
89.501 3.8896e+06
89.601 0
89.701 2.3256e+07
89.801 3.37552e+07
89.901 1.51776e+07
90.001 1.632e+06
90.101 1.37904e+07
90.201 1.28384e+07
90.301 4.0256e+07
90.401 1.52048e+07
90.501 8.1328e+06
90.601 0
90.701 2.04544e+07
90.801 1.47968e+07
90.901 2.86416e+07
91.001 0
91.101 4.35472e+07
91.201 1.56128e+07
91.301 1.58032e+07
91.401 1.7272e+07
91.501 4.5696e+06
91.601 0
91.701 2.4616e+07
91.801 3.5768e+07
91.901 0
92.001 1.44432e+07
92.101 3.31024e+07
92.201 1.25392e+07
92.301 3.264e+06
92.401 4.08e+06
92.501 4.23232e+07
92.601 1.57488e+07
92.701 1.60752e+07
92.801 0
92.901 1.28112e+07
93.001 1.7272e+07
93.101 3.38368e+07
93.201 0
93.301 1.5504e+07
93.401 3.5224e+07
93.501 1.42528e+07
93.601 8.84e+06
93.701 0
93.801 1.90944e+07
93.901 4.03376e+07
94.001 1.62112e+07
94.101 1.45792e+07
94.201 0
94.301 1.26752e+07
94.401 1.7272e+07
94.501 3.39456e+07
94.601 0
94.701 1.5504e+07
94.801 3.672e+07
94.901 1.50416e+07
95.001 1.7272e+07
95.101 1.22672e+07
95.201 0
95.301 1.6864e+07
95.401 1.7272e+07
95.501 2.6248e+07
95.601 625600
95.701 2.33376e+07
95.801 2.97296e+07
95.901 9.656e+06
96.001 0
96.101 3.86784e+07
96.201 1.5776e+07
96.301 1.72448e+07
96.401 6.528e+06
96.501 0
96.601 2.23312e+07
96.701 3.94128e+07
96.801 2.176e+06
96.901 7.752e+06
97.001 3.6584e+07
97.101 1.41984e+07
97.201 1.52864e+07
97.301 0
97.401 1.37904e+07
97.501 1.46064e+07
97.601 4.02016e+07
97.701 1.52048e+07
97.801 6.4192e+06
97.901 0
98.001 2.22224e+07
98.101 3.88416e+07
98.201 2.8288e+06
98.301 7.9152e+06
98.401 3.74816e+07
98.501 1.53136e+07
98.601 1.61024e+07
98.701 1.7272e+07
98.801 2.72e+06
98.901 7.752e+06
99.001 1.8632e+07
99.101 3.4e+07
99.201 0
99.301 1.62112e+07
99.401 3.2232e+07
99.501 1.3192e+07
99.601 1.7136e+06
99.701 3.09808e+07
99.801 1.72448e+07
99.901 1.5776e+07
100.001 1.42256e+07
100.101 0
100.201 1.45792e+07
100.301 1.7272e+07
100.401 3.20688e+07
100.501 0
100.601 1.7408e+07
100.701 3.47072e+07
100.801 1.4416e+07
100.901 7.2896e+06
101.001 0
101.101 2.08624e+07
101.201 4.04192e+07
101.301 1.5912e+07
101.401 1.30288e+07
101.501 0
101.601 1.47152e+07
101.701 1.7136e+07
101.801 3.20416e+07
101.901 0
102.001 1.7272e+07
102.101 3.66656e+07
102.201 1.51776e+07
102.301 1.72448e+07
102.401 1.04448e+07
102.501 0
102.601 1.8768e+07
102.701 1.7272e+07
102.801 2.4344e+07
102.901 4.1072e+06
103.001 2.176e+07
103.101 2.93216e+07
103.201 8.16e+06
103.301 0
103.401 4.0528e+07
103.501 1.5776e+07
103.601 1.72448e+07
103.701 4.6784e+06
103.801 0
103.901 2.42352e+07
104.001 3.9032e+07
104.101 652800
104.201 9.656e+06
104.301 3.65296e+07
104.401 1.38992e+07
104.501 1.3736e+07
104.601 0
104.701 1.37904e+07
104.801 1.65104e+07
104.901 4.00112e+07
105.001 1.53136e+07
105.101 4.5968e+06
105.201 0
105.301 2.4344e+07
105.401 3.82976e+07
105.501 1.2512e+06
105.601 9.6832e+06
105.701 3.75632e+07
105.801 1.49872e+07
105.901 1.64288e+07
106.001 1.7272e+07
106.101 870400
106.201 1.1016e+07
106.301 1.7272e+07
106.401 3.2096e+07
106.501 0
106.601 1.81152e+07
106.701 3.128e+07
106.801 1.37904e+07
106.901 163200
107.001 3.28304e+07
107.101 1.72448e+07
107.201 1.5776e+07
107.301 1.2376e+07
107.401 0
107.501 1.64832e+07
107.601 1.7272e+07
107.701 3.01648e+07
107.801 0
107.901 1.9176e+07
108.001 3.44896e+07
108.101 1.44976e+07
108.201 5.6576e+06
108.301 0
108.401 2.26304e+07
108.501 4.04736e+07
108.601 1.56128e+07
108.701 1.15056e+07
108.801 0
108.901 1.65648e+07
109.001 1.70544e+07
109.101 3.02736e+07
109.201 0
109.301 1.9176e+07
109.401 3.64752e+07
109.501 1.53136e+07
109.601 1.72448e+07
109.701 8.5952e+06
109.801 0
109.901 2.0536e+07
110.001 1.72448e+07
110.101 2.26032e+07
110.201 1.03632e+07
110.301 1.7272e+07
110.401 2.9104e+07
110.501 6.6096e+06
110.601 0
110.701 4.23776e+07
110.801 1.57488e+07
110.901 1.7272e+07
111.001 2.8288e+06
111.101 9.2752e+06
111.201 1.6728e+07
111.301 3.79168e+07
111.401 0
111.501 1.156e+07
111.601 3.64752e+07
111.701 1.36e+07
111.801 1.21856e+07
111.901 0
112.001 1.48512e+07
112.101 1.72176e+07
112.201 3.99568e+07
112.301 1.54496e+07
112.401 2.7472e+06
112.501 8.8128e+06
112.601 1.71904e+07
112.701 3.78896e+07
112.801 0
112.901 1.14512e+07
113.001 3.76448e+07
113.101 1.4688e+07
113.201 1.6728e+07
113.301 1.62928e+07
113.401 0
113.501 1.292e+07
113.601 1.7272e+07
113.701 3.0192e+07
113.801 0
113.901 1.98832e+07
114.001 3.04368e+07
114.101 1.30288e+07
114.201 0
114.301 3.46528e+07
114.401 1.7272e+07
114.501 1.5776e+07
114.601 1.05264e+07
114.701 0
114.801 1.83872e+07
114.901 1.7272e+07
115.001 2.82608e+07
115.101 0
115.201 2.108e+07
115.301 3.4136e+07
115.401 1.47968e+07
115.501 3.808e+06
115.601 1.37904e+07
115.701 1.0608e+07
115.801 4.04464e+07
115.901 1.54224e+07
116.001 9.9552e+06
116.101 0
116.201 1.83328e+07
116.301 1.69184e+07
116.401 2.86416e+07
116.501 0
116.601 2.0944e+07
116.701 3.64208e+07
116.801 1.54224e+07
116.901 1.7272e+07
117.001 6.7456e+06
117.101 0
117.201 2.244e+07
117.301 1.53408e+07
117.401 2.26032e+07
117.501 1.22672e+07
117.601 1.7272e+07
117.701 2.87504e+07
117.801 5.0592e+06
117.901 0
118.001 4.42272e+07
118.101 1.57488e+07
118.201 1.7272e+07
118.301 979200
118.401 1.06352e+07
118.501 1.7272e+07
118.601 3.60128e+07
118.701 0
118.801 1.3328e+07
118.901 3.6312e+07
119.001 1.35184e+07
119.101 1.06624e+07
119.201 0
119.301 1.69728e+07
119.401 4.02832e+07
119.501 1.6456e+07
119.601 1.56128e+07
119.701 897600
119.801 1.0608e+07
119.901 1.71632e+07
120.001 3.61216e+07
120.101 0
120.201 1.3464e+07
120.301 3.69104e+07
120.401 1.49328e+07
120.501 1.70544e+07
120.601 1.44432e+07
120.701 0
120.801 1.4688e+07
120.901 1.7272e+07
121.001 2.8424e+07
121.101 0
121.201 2.17872e+07
121.301 3.00832e+07
121.401 1.14784e+07
121.501 0
121.601 3.65024e+07
121.701 1.64288e+07
121.801 1.6592e+07
121.901 8.704e+06
122.001 0
122.101 2.01552e+07
122.201 1.6048e+07
122.301 2.77168e+07
122.401 0
122.501 2.2848e+07
122.601 3.38912e+07
122.701 1.51232e+07
122.801 1.9584e+06
122.901 1.37904e+07
123.001 1.24304e+07
123.101 4.03376e+07
123.201 1.52592e+07
123.301 8.4048e+06
123.401 0
123.501 2.01008e+07
123.601 1.51504e+07
123.701 2.86416e+07
123.801 0
123.901 4.32208e+07
124.001 1.56672e+07
124.101 1.57488e+07
124.201 1.7272e+07
124.301 4.896e+06
124.401 0
124.501 2.4208e+07
124.601 3.6176e+07
124.701 0
124.801 1.40352e+07
124.901 3.332e+07
125.001 1.24576e+07
125.101 3.536e+06
125.201 2.448e+06
125.301 4.36016e+07
125.401 1.5776e+07
125.501 1.64016e+07
125.601 0
125.701 1.25392e+07
125.801 1.7136e+07
125.901 3.42448e+07
126.001 0
126.101 1.5232e+07
126.201 3.53328e+07
126.301 1.4144e+07
126.401 9.112e+06
126.501 0
126.601 1.87408e+07
126.701 4.03648e+07
126.801 1.62656e+07
126.901 1.48512e+07
127.001 0
127.101 1.24032e+07
127.201 1.7272e+07
127.301 3.42176e+07
127.401 0
127.501 1.5096e+07
127.601 3.68016e+07
127.701 1.50416e+07
127.801 1.72448e+07
127.901 1.26208e+07
128.001 0
128.101 1.6592e+07
128.201 1.7272e+07
128.301 2.652e+07
128.401 272000
128.501 2.34192e+07
128.601 2.97296e+07
128.701 9.928e+06
128.801 0
128.901 3.8352e+07
129.001 1.5776e+07
129.101 1.72448e+07
129.201 6.8544e+06
129.301 0
129.401 2.20592e+07
129.501 3.94128e+07
129.601 2.448e+06
129.701 6.936e+06
129.801 3.70736e+07
129.901 1.42528e+07
130.001 1.54496e+07
130.101 108800
130.201 1.37904e+07
130.301 1.43344e+07
130.401 4.01744e+07
130.501 1.51504e+07
130.601 6.7728e+06
130.701 0
130.801 2.18688e+07
130.901 3.8896e+07
131.001 3.128e+06
131.101 7.5616e+06
131.201 3.75088e+07
131.301 1.5368e+07
131.401 1.6048e+07
131.501 1.7272e+07
131.601 3.0464e+06
131.701 6.12e+06
131.801 1.9992e+07
131.901 3.4272e+07
132.001 0
132.101 1.59392e+07
132.201 3.23408e+07
132.301 1.30832e+07
132.401 1.9856e+06
132.501 3.06544e+07
132.601 1.72448e+07
132.701 1.5776e+07
132.801 1.4552e+07
132.901 0
133.001 1.43072e+07
133.101 1.7272e+07
133.201 3.23408e+07
133.301 0
133.401 1.7e+07
133.501 3.48432e+07
133.601 1.43888e+07
133.701 7.5888e+06
133.801 0
133.901 2.05088e+07
134.001 4.04192e+07
134.101 1.59936e+07
134.201 1.33008e+07
134.301 0
134.401 1.41984e+07
134.501 1.72448e+07
134.601 3.24496e+07
134.701 0
134.801 1.7e+07
134.901 3.66112e+07
135.001 1.51776e+07
135.101 1.72448e+07
135.201 1.07712e+07
135.301 0
135.401 1.836e+07
135.501 1.7272e+07
135.601 2.4752e+07
135.701 2.4752e+06
135.801 2.2984e+07
135.901 2.94576e+07
136.001 8.432e+06
136.101 0
136.201 4.02016e+07
136.301 1.57488e+07
136.401 1.7272e+07
136.501 5.0048e+06
136.601 0
136.701 2.38272e+07
136.801 3.9168e+07
136.901 924800
137.001 9.384e+06
137.101 3.64752e+07
137.201 1.39536e+07
137.301 1.4008e+07
137.401 0
137.501 1.37904e+07
137.601 1.61024e+07
137.701 4.012e+07
137.801 1.52864e+07
137.901 4.9232e+06
138.001 0
138.101 2.39904e+07
138.201 3.83792e+07
138.301 1.5232e+06
138.401 9.3296e+06
138.501 3.75904e+07
138.601 1.50416e+07
138.701 1.63744e+07
138.801 1.72448e+07
138.901 1.224e+06
139.001 1.0744e+07
139.101 1.7272e+07
139.201 3.2368e+07
139.301 0
139.401 1.77072e+07
139.501 3.15248e+07
139.601 1.36544e+07
139.701 462400
139.801 3.2504e+07
139.901 1.72448e+07
140.001 1.5776e+07
140.101 1.27024e+07
140.201 0
140.301 1.62112e+07
140.401 1.7272e+07
140.501 3.04368e+07
140.601 0
140.701 1.8904e+07
140.801 3.44896e+07
140.901 1.44432e+07
141.001 5.984e+06
141.101 0
141.201 2.22768e+07
141.301 4.05008e+07
141.401 1.56672e+07
141.501 1.17776e+07
141.601 0
141.701 1.62112e+07
141.801 1.7136e+07
141.901 3.05456e+07
142.001 0
142.101 1.8768e+07
142.201 3.6584e+07
142.301 1.52592e+07
142.401 1.7272e+07
142.501 8.9216e+06
142.601 0
142.701 2.0264e+07
142.801 1.7272e+07
142.901 2.2848e+07
143.001 1.00912e+07
143.101 1.7272e+07
143.201 2.9104e+07
143.301 6.8816e+06
143.401 0
143.501 4.20512e+07
143.601 1.57488e+07
143.701 1.7272e+07
143.801 3.1552e+06
143.901 9.2752e+06
144.001 1.6456e+07
144.101 3.81888e+07
144.201 0
144.301 1.1152e+07
144.401 3.65296e+07
144.501 1.36816e+07
144.601 1.24576e+07
144.701 0
144.801 1.44976e+07
144.901 1.72992e+07
145.001 3.99024e+07
145.101 1.54496e+07
145.201 3.0736e+06
145.301 7.6704e+06
145.401 1.8088e+07
145.501 3.81344e+07
145.601 0
145.701 1.10976e+07
145.801 3.7672e+07
145.901 1.47424e+07
146.001 1.66736e+07
146.101 1.66192e+07
146.201 0
146.301 1.2512e+07
146.401 1.7272e+07
146.501 3.06e+07
146.601 0
146.701 1.96112e+07
146.801 3.05456e+07
146.901 1.3192e+07
147.001 0
147.101 3.43264e+07
147.201 1.7272e+07
147.301 1.57488e+07
147.401 1.088e+07
147.501 0
147.601 1.79792e+07
147.701 1.7272e+07
147.801 2.86688e+07
147.901 0
148.001 2.0672e+07
148.101 3.42448e+07
148.201 1.47696e+07
148.301 4.1344e+06
148.401 816000
148.501 2.32288e+07
148.601 4.05008e+07
148.701 1.54496e+07
148.801 1.02272e+07
148.901 0
149.001 1.79792e+07
149.101 1.7136e+07
149.201 2.87776e+07
149.301 0
149.401 2.0672e+07
149.501 3.63936e+07
149.601 1.53952e+07
149.701 1.7272e+07
149.801 7.072e+06
149.901 0
150.001 2.2032e+07
150.101 1.57488e+07
150.201 2.26032e+07
150.301 1.18592e+07
150.401 1.7272e+07
150.501 2.88864e+07
150.601 5.3312e+06
150.701 0
150.801 4.38736e+07
150.901 1.5776e+07
151.001 1.7272e+07
151.101 1.3056e+06
151.201 1.03632e+07
151.301 1.7136e+07
151.401 3.64208e+07
151.501 0
151.601 1.3056e+07
151.701 3.64208e+07
151.801 1.34096e+07
151.901 1.09344e+07
152.001 0
152.101 1.66192e+07
152.201 4.03104e+07
152.301 1.64832e+07
152.401 1.55856e+07
152.501 1.224e+06
152.601 1.02272e+07
152.701 1.7272e+07
152.801 3.63936e+07
152.901 0
153.001 1.32192e+07
153.101 3.6992e+07
153.201 1.4824e+07
153.301 1.69728e+07
153.401 1.47968e+07
153.501 0
153.601 1.4416e+07
153.701 1.7272e+07
153.801 2.8696e+07
153.901 0
154.001 2.15152e+07
154.101 3.00832e+07
154.201 1.17504e+07
154.301 0
154.401 3.6176e+07
154.501 1.6592e+07
154.601 1.64288e+07
154.701 9.0304e+06
154.801 0
154.901 1.98832e+07
155.001 1.632e+07
155.101 2.77168e+07
155.201 0
155.301 2.2576e+07
155.401 3.38912e+07
155.501 1.50688e+07
155.601 2.2848e+06
155.701 1.37904e+07
155.801 1.21584e+07
155.901 4.03104e+07
156.001 1.52592e+07
156.101 8.704e+06
156.201 0
156.301 1.97472e+07
156.401 1.5504e+07
156.501 2.86416e+07
156.601 0
156.701 2.2576e+07
156.801 3.604e+07
156.901 1.56944e+07
157.001 1.7272e+07
157.101 5.2224e+06
157.201 0
157.301 2.3936e+07
157.401 3.6448e+07
157.501 0
157.601 1.37632e+07
157.701 3.34288e+07
157.801 1.23488e+07
157.901 3.808e+06
158.001 816000
158.101 4.49072e+07
158.201 1.5776e+07
158.301 1.6728e+07
158.401 0
158.501 1.21312e+07
158.601 1.7272e+07
158.701 3.45168e+07
158.801 0
158.901 1.4824e+07
159.001 3.55776e+07
159.101 1.4008e+07
159.201 9.4112e+06
159.301 0
159.401 1.83872e+07
159.501 4.0392e+07
159.601 1.632e+07
159.701 1.51232e+07
159.801 0
159.901 1.20224e+07
160.001 1.72448e+07
160.101 3.46256e+07
160.201 0
160.301 1.4824e+07
160.401 3.67744e+07
160.501 1.50144e+07
160.601 1.72448e+07
160.701 1.29472e+07
160.801 0
160.901 1.6184e+07
161.001 1.7272e+07
161.101 2.6928e+07
161.201 0
161.301 2.32832e+07
161.401 2.98384e+07
161.501 1.02272e+07
161.601 0
161.701 3.80256e+07
161.801 1.57488e+07
161.901 1.7272e+07
162.001 7.1808e+06
162.101 0
162.201 2.16512e+07
162.301 3.95488e+07
162.401 2.72e+06
162.501 5.304e+06
162.601 3.83792e+07
162.701 1.43072e+07
162.801 1.53952e+07
162.901 435200
163.001 1.37904e+07
163.101 1.39264e+07
163.201 4.0256e+07
163.301 1.51504e+07
163.401 7.0992e+06
163.501 0
163.601 2.18688e+07
163.701 3.85968e+07
163.801 3.4272e+06
163.901 7.208e+06
164.001 3.7536e+07
164.101 1.53952e+07
164.201 1.60208e+07
164.301 1.72448e+07
164.401 3.4e+06
164.501 4.352e+06
164.601 2.1488e+07
164.701 3.4544e+07
164.801 0
164.901 1.55312e+07
165.001 3.25856e+07
165.101 1.29744e+07
165.201 2.2576e+06
165.301 3.0328e+07
165.401 1.72448e+07
165.501 1.5776e+07
165.601 1.48784e+07
165.701 0
165.801 1.40352e+07
165.901 1.7272e+07
166.001 3.26128e+07
166.101 0
166.201 1.6728e+07
166.301 3.48432e+07
166.401 1.43888e+07
166.501 7.8608e+06
166.601 0
166.701 2.01552e+07
166.801 4.04464e+07
166.901 1.6048e+07
167.001 1.35728e+07
167.101 0
167.201 1.38176e+07
167.301 1.73536e+07
167.401 3.27216e+07
167.501 0
167.601 1.6592e+07
167.701 3.672e+07
167.801 1.51232e+07
167.901 1.7272e+07
168.001 1.10976e+07
168.101 0
168.201 1.8088e+07
168.301 1.7272e+07
168.401 2.5024e+07
168.501 1.7952e+06
168.601 2.3392e+07
168.701 2.94576e+07
168.801 8.704e+06
168.901 0
169.001 3.98752e+07
169.101 1.57488e+07
169.201 1.7272e+07
169.301 5.3312e+06
169.401 0
169.501 2.35552e+07
169.601 3.9168e+07
169.701 1.1968e+06
169.801 8.976e+06
169.901 3.65296e+07
170.001 1.40352e+07
170.101 1.428e+07
170.201 0
170.301 1.37904e+07
170.401 1.58304e+07
170.501 4.00656e+07
170.601 1.52864e+07
170.701 5.2496e+06
170.801 0
170.901 2.36368e+07
171.001 3.84608e+07
171.101 1.7952e+06
171.201 8.976e+06
171.301 3.76176e+07
171.401 1.5096e+07
171.501 1.632e+07
171.601 1.72448e+07
171.701 1.5504e+06
171.801 1.0336e+07
171.901 1.7272e+07
172.001 3.2776e+07
172.101 0
172.201 1.74352e+07
172.301 3.16336e+07
172.401 1.35456e+07
172.501 734400
172.601 3.21504e+07
172.701 1.7272e+07
172.801 1.57488e+07
172.901 1.3056e+07
173.001 0
173.101 1.58032e+07
173.201 1.7272e+07
173.301 3.08448e+07
173.401 0
173.501 1.8496e+07
173.601 3.46256e+07
173.701 1.43888e+07
173.801 6.3104e+06
173.901 0
174.001 2.19232e+07
174.101 4.0528e+07
174.201 1.57216e+07
174.301 1.20496e+07
174.401 0
174.501 1.58576e+07
174.601 1.70816e+07
174.701 3.09536e+07
174.801 0
174.901 1.8496e+07
175.001 3.65296e+07
175.101 1.52592e+07
175.201 1.7272e+07
175.301 9.248e+06
175.401 0
175.501 1.9856e+07
175.601 1.7272e+07
175.701 2.3256e+07
175.801 9.6832e+06
175.901 1.7272e+07
176.001 2.924e+07
176.101 7.1536e+06
176.201 0
176.301 4.17248e+07
176.401 1.57488e+07
176.501 1.7272e+07
176.601 3.4816e+06
176.701 9.2752e+06
176.801 1.6048e+07
176.901 3.85968e+07
177.001 0
177.101 1.088e+07
177.201 3.64752e+07
177.301 1.3736e+07
177.401 1.27296e+07
177.501 0
177.601 1.4144e+07
177.701 1.73808e+07
177.801 3.98752e+07
177.901 1.54224e+07
178.001 3.4e+06
178.101 5.4944e+06
178.201 1.99104e+07
178.301 3.82976e+07
178.401 190400
178.501 1.0744e+07
178.601 3.7672e+07
178.701 1.4824e+07
178.801 1.6592e+07
178.901 1.69728e+07
179.001 0
179.101 1.224e+07
179.201 1.7272e+07
179.301 3.0872e+07
179.401 0
179.501 1.93392e+07
179.601 3.06544e+07
179.701 1.33552e+07
179.801 0
179.901 3.4e+07
180.001 1.7272e+07
180.101 1.57488e+07
180.201 1.12064e+07
180.301 0
180.401 1.77072e+07
180.501 1.7272e+07
180.601 2.89408e+07
180.701 0
180.801 2.04e+07
180.901 3.42448e+07
181.001 1.47152e+07
181.101 4.4608e+06
181.201 0
181.301 2.36912e+07
181.401 4.05552e+07
181.501 1.54496e+07
181.601 1.05264e+07
181.701 0
181.801 1.76256e+07
181.901 1.72176e+07
182.001 2.90496e+07
182.101 0
182.201 2.04e+07
182.301 3.63664e+07
182.401 1.5368e+07
182.501 1.7272e+07
182.601 7.3984e+06
182.701 0
182.801 2.176e+07
182.901 1.60208e+07
183.001 2.26032e+07
183.101 1.15872e+07
183.201 1.7272e+07
183.301 2.88864e+07
183.401 5.6032e+06
183.501 0
183.601 4.35472e+07
183.701 1.5776e+07
183.801 1.72448e+07
183.901 1.6592e+06
184.001 9.9552e+06
184.101 1.7272e+07
184.201 3.66928e+07
184.301 0
184.401 1.2648e+07
184.501 3.65568e+07
184.601 1.33824e+07
184.701 1.12336e+07
184.801 0
184.901 1.62656e+07
185.001 1.66192e+07
185.101 4.02288e+07
185.201 1.55584e+07
185.301 1.5504e+06
185.401 9.8464e+06
185.501 1.72448e+07
185.601 3.68016e+07
185.701 0
185.801 1.28656e+07
185.901 3.71824e+07
186.001 1.47152e+07
186.101 1.69184e+07
186.201 1.51232e+07
186.301 0
186.401 1.4008e+07
186.501 1.7272e+07
186.601 2.9104e+07
186.701 0
186.801 2.11072e+07
186.901 3.0192e+07
187.001 1.20496e+07
187.101 0
187.201 3.58496e+07
187.301 1.67552e+07
187.401 1.62656e+07
187.501 9.3568e+06
187.601 0
187.701 1.94752e+07
187.801 1.6728e+07
187.901 2.77168e+07
188.001 0
188.101 2.2304e+07
188.201 3.38912e+07
188.301 1.50144e+07
188.401 2.6112e+06
188.501 1.37904e+07
188.601 1.17504e+07
188.701 4.04192e+07
188.801 1.52864e+07
188.901 8.976e+06
189.001 0
189.101 1.93936e+07
189.201 1.58576e+07
189.301 2.86416e+07
189.401 0
189.501 2.2168e+07
189.601 3.6176e+07
189.701 1.564e+07
189.801 1.72448e+07
189.901 5.576e+06
190.001 0
190.101 2.3664e+07
190.201 3.672e+07
190.301 0
190.401 1.34912e+07
190.501 3.35376e+07
190.601 1.224e+07
190.701 4.08e+06
190.801 0
190.901 4.53968e+07
191.001 1.5776e+07
191.101 1.70544e+07
191.201 0
191.301 1.18592e+07
191.401 1.7272e+07
191.501 3.47888e+07
191.601 0
191.701 1.4552e+07
191.801 3.56864e+07
191.901 1.38992e+07
192.001 9.6832e+06
192.101 0
192.201 1.80336e+07
192.301 4.0392e+07
192.401 1.64016e+07
192.501 1.53952e+07
192.601 0
192.701 1.16416e+07
192.801 1.73536e+07
192.901 3.48976e+07
193.001 0
193.101 1.4416e+07
193.201 3.68832e+07
193.301 1.50144e+07
193.401 1.72176e+07
193.501 1.32736e+07
193.601 0
193.701 1.5912e+07
193.801 1.7272e+07
193.901 2.72e+07
194.001 0
194.101 2.30112e+07
194.201 2.98384e+07
194.301 1.04992e+07
194.401 0
194.501 3.76992e+07
194.601 1.58304e+07
194.701 1.71904e+07
194.801 7.5072e+06
194.901 0
195.001 2.13792e+07
195.101 3.94944e+07
195.201 3.0464e+06
195.301 3.672e+06
195.401 2.04e+07
195.501 3.36464e+07
195.601 1.53136e+07
195.701 788800
195.801 1.37904e+07
195.901 1.36544e+07
196.001 4.02288e+07
196.101 1.51232e+07
196.201 7.4256e+06
196.301 0
196.401 2.15152e+07
196.501 3.86784e+07
196.601 3.6992e+06
196.701 6.8544e+06
196.801 3.75632e+07
196.901 1.54496e+07
197.001 1.59664e+07
197.101 1.72448e+07
197.201 3.7264e+06
197.301 2.72e+06
197.401 2.2712e+07
197.501 3.4952e+07
197.601 0
197.701 1.52592e+07
197.801 3.26944e+07
197.901 1.28384e+07
198.001 2.5568e+06
198.101 7.6704e+06
198.201 2.5568e+07
198.301 0
198.401 0
198.501 0
198.601 0
198.701 0
198.801 0
198.901 0
199.001 0
199.101 0
199.201 0
199.301 0
199.401 0
199.501 0
199.601 0
199.701 0
199.801 0
199.901 0
200.001 0
