0.001 0
0.101 0
0.201 0
0.301 903654
0.401 698653
0.501 1.35186e+06
0.601 2.14522e+06
0.701 1.8392e+06
0.801 2.75056e+06
0.901 2.82264e+06
1.001 3.57051e+06
1.101 4.17758e+06
1.201 4.68809e+06
1.301 5.6428e+06
1.401 6.47092e+06
1.501 7.19051e+06
1.601 7.82021e+06
1.701 8.37427e+06
1.801 8.86832e+06
1.901 8.80244e+06
2.001 8.36254e+06
2.101 7.96451e+06
2.201 8.11798e+06
2.301 8.94255e+06
2.401 9.36536e+06
2.501 1.00252e+07
2.601 9.75268e+06
2.701 9.3916e+06
2.801 9.05631e+06
2.901 8.74413e+06
3.001 8.45276e+06
3.101 8.18017e+06
3.201 7.92462e+06
3.301 7.68456e+06
3.401 7.97286e+06
3.501 7.74668e+06
3.601 7.53155e+06
3.701 7.33099e+06
3.801 7.13812e+06
3.901 6.95932e+06
4.001 6.79082e+06
4.101 6.62523e+06
4.201 6.4753e+06
4.301 6.32474e+06
4.401 6.19216e+06
4.501 6.0715e+06
4.601 5.93954e+06
4.701 5.8375e+06
4.801 5.75104e+06
4.901 5.63369e+06
5.001 5.57217e+06
5.101 5.46293e+06
5.201 5.43111e+06
5.301 5.43641e+06
5.401 5.33575e+06
5.501 5.50527e+06
5.601 5.40698e+06
5.701 6.62657e+06
5.801 6.9062e+06
5.901 6.78917e+06
6.001 7.02278e+06
6.101 6.90767e+06
6.201 6.79715e+06
6.301 6.83777e+06
6.401 6.742e+06
6.501 6.77134e+06
6.601 6.73139e+06
6.701 6.70725e+06
6.801 6.72221e+06
6.901 6.68432e+06
7.001 6.68947e+06
7.101 6.68145e+06
7.201 6.64759e+06
7.301 6.68171e+06
7.401 6.65024e+06
7.501 6.63664e+06
7.601 6.66384e+06
7.701 6.64865e+06
7.801 6.70115e+06
7.901 6.74096e+06
8.001 6.76141e+06
8.101 6.89116e+06
8.201 6.94411e+06
8.301 7.06853e+06
8.401 7.18286e+06
8.501 7.30122e+06
8.601 7.41715e+06
8.701 7.5301e+06
8.801 7.64079e+06
8.901 7.74868e+06
9.001 7.85449e+06
9.101 7.95767e+06
9.201 8.0589e+06
9.301 8.02869e+06
9.401 7.94329e+06
9.501 7.85969e+06
9.601 7.99313e+06
9.701 8.08878e+06
9.801 8.18248e+06
9.901 8.26961e+06
10.001 8.18693e+06
10.101 8.10587e+06
10.201 8.02641e+06
10.301 8.48267e+06
10.401 8.56718e+06
10.501 8.65007e+06
10.601 9.11448e+06
10.701 9.0293e+06
10.801 8.94571e+06
10.901 9.29506e+06
11.001 9.36757e+06
11.101 9.43877e+06
11.201 9.50822e+06
11.301 9.57692e+06
11.401 9.64418e+06
11.501 9.70483e+06
11.601 9.62117e+06
11.701 9.53895e+06
11.801 9.45811e+06
11.901 9.60148e+06
12.001 9.66539e+06
12.101 9.72825e+06
12.201 9.73836e+06
12.301 9.6592e+06
12.401 9.5813e+06
12.501 9.87912e+06
12.601 9.91232e+06
12.701 9.97026e+06
12.801 1.00273e+07
12.901 1.03529e+07
13.001 1.02733e+07
13.101 1.01949e+07
13.201 1.05186e+07
13.301 1.05694e+07
13.401 1.06192e+07
13.501 1.06683e+07
13.601 1.07166e+07
13.701 1.07645e+07
13.801 1.07641e+07
13.901 1.06867e+07
14.001 1.06104e+07
14.101 1.05592e+07
14.201 1.06898e+07
14.301 1.07349e+07
14.401 1.07803e+07
14.501 1.07412e+07
14.601 1.06676e+07
14.701 1.05951e+07
14.801 1.08585e+07
14.901 1.09015e+07
15.001 1.0944e+07
15.101 1.12909e+07
15.201 1.12166e+07
15.301 1.11433e+07
15.401 1.10709e+07
15.501 1.1379e+07
15.601 1.14168e+07
15.701 1.14538e+07
15.801 1.14906e+07
15.901 1.15268e+07
16.001 1.15627e+07
16.101 1.15208e+07
16.201 1.14497e+07
16.301 1.13794e+07
16.401 1.14386e+07
16.501 1.14739e+07
16.601 1.15088e+07
16.701 1.15381e+07
16.801 1.14695e+07
16.901 1.14016e+07
17.001 1.13345e+07
17.101 1.15924e+07
17.201 1.16254e+07
17.301 1.16581e+07
17.401 1.19214e+07
17.501 1.18532e+07
17.601 1.17859e+07
17.701 1.19876e+07
17.801 1.20171e+07
17.901 1.20465e+07
18.001 1.20752e+07
18.101 1.21039e+07
18.201 1.21322e+07
18.301 1.21543e+07
18.401 1.20883e+07
18.501 1.20229e+07
18.601 1.19583e+07
18.701 1.20383e+07
18.801 1.20662e+07
18.901 1.20937e+07
19.001 1.20856e+07
19.101 1.20223e+07
19.201 1.19597e+07
19.301 1.21403e+07
19.401 1.2153e+07
19.501 1.21786e+07
19.601 1.22045e+07
19.701 1.24046e+07
19.801 1.2342e+07
19.901 1.228e+07
20.001 1.24855e+07
20.101 1.25092e+07
20.201 1.25328e+07
20.301 1.25559e+07
20.401 1.2579e+07
20.501 1.26017e+07
20.601 1.25905e+07
20.701 1.25297e+07
20.801 1.24694e+07
20.901 1.24364e+07
21.001 1.25074e+07
21.101 1.253e+07
21.201 1.25523e+07
21.301 1.25149e+07
21.401 1.24564e+07
21.501 1.23984e+07
21.601 1.25725e+07
21.701 1.25941e+07
21.801 1.26156e+07
21.901 1.28453e+07
22.001 1.27869e+07
22.101 1.2729e+07
22.201 1.26717e+07
22.301 1.28808e+07
22.401 1.29002e+07
22.501 1.29195e+07
22.601 1.29387e+07
22.701 1.29578e+07
22.801 1.29766e+07
22.901 1.2939e+07
23.001 1.28828e+07
23.101 1.2827e+07
23.201 1.28643e+07
23.301 1.28833e+07
23.401 1.2902e+07
23.501 1.29152e+07
23.601 1.28604e+07
23.701 1.28062e+07
23.801 1.27524e+07
23.901 1.29327e+07
24.001 1.29507e+07
24.101 1.29687e+07
24.201 1.31509e+07
24.301 1.30968e+07
24.401 1.30431e+07
24.501 1.31855e+07
24.601 1.3202e+07
24.701 1.32184e+07
24.801 1.32346e+07
24.901 1.32508e+07
25.001 1.32669e+07
25.101 1.32766e+07
25.201 1.3224e+07
25.301 1.31717e+07
25.401 1.31198e+07
25.501 1.31761e+07
25.601 1.31921e+07
25.701 1.32075e+07
25.801 1.31956e+07
25.901 1.31447e+07
26.001 1.30941e+07
26.101 1.32233e+07
26.201 1.32301e+07
26.301 1.32455e+07
26.401 1.32607e+07
26.501 1.34034e+07
26.601 1.33531e+07
26.701 1.33031e+07
26.801 1.34543e+07
26.901 1.34684e+07
27.001 1.34824e+07
27.101 1.34962e+07
27.201 1.35101e+07
27.301 1.35238e+07
27.401 1.35104e+07
27.501 1.34612e+07
27.601 1.34125e+07
27.701 1.3392e+07
27.801 1.34358e+07
27.901 1.34496e+07
28.001 1.34632e+07
28.101 1.34301e+07
28.201 1.33825e+07
28.301 1.33352e+07
28.401 1.34657e+07
28.501 1.34791e+07
28.601 1.34923e+07
28.701 1.36631e+07
28.801 1.36157e+07
28.901 1.35686e+07
29.001 1.35218e+07
29.101 1.36806e+07
29.201 1.36928e+07
29.301 1.37049e+07
29.401 1.37169e+07
29.501 1.3729e+07
29.601 1.37409e+07
29.701 1.37079e+07
29.801 1.36619e+07
29.901 1.36162e+07
30.001 1.36438e+07
30.101 1.36558e+07
30.201 1.36678e+07
30.301 1.36741e+07
30.401 1.36292e+07
30.501 1.35845e+07
30.601 1.35401e+07
30.701 1.36796e+07
30.801 1.36913e+07
30.901 1.37025e+07
31.001 1.3841e+07
31.101 1.37965e+07
31.201 1.37523e+07
31.301 1.38629e+07
31.401 1.38737e+07
31.501 1.38844e+07
31.601 1.38951e+07
31.701 1.39056e+07
31.801 1.39162e+07
31.901 1.39205e+07
32.001 1.3877e+07
32.101 1.38338e+07
32.201 1.37908e+07
32.301 1.38344e+07
32.401 1.3845e+07
32.501 1.38556e+07
32.601 1.38425e+07
32.701 1.38002e+07
32.801 1.37581e+07
32.901 1.38586e+07
33.001 1.38633e+07
33.101 1.38736e+07
33.201 1.38839e+07
33.301 1.39943e+07
33.401 1.39524e+07
33.501 1.39108e+07
33.601 1.40309e+07
33.701 1.40405e+07
33.801 1.405e+07
33.901 1.40594e+07
34.001 1.40688e+07
34.101 1.40782e+07
34.201 1.40645e+07
34.301 1.40235e+07
34.401 1.39827e+07
34.501 1.39713e+07
34.601 1.39993e+07
34.701 1.40088e+07
34.801 1.40181e+07
34.901 1.39887e+07
35.001 1.39488e+07
35.101 1.3909e+07
35.201 1.40139e+07
35.301 1.40231e+07
35.401 1.40323e+07
35.501 1.41677e+07
35.601 1.41279e+07
35.701 1.40883e+07
35.801 1.40489e+07
35.901 1.41774e+07
36.001 1.41859e+07
36.101 1.41944e+07
36.201 1.42028e+07
36.301 1.42113e+07
36.401 1.42197e+07
36.501 1.41903e+07
36.601 1.41515e+07
36.701 1.41129e+07
36.801 1.41356e+07
36.901 1.41441e+07
37.001 1.41525e+07
37.101 1.41549e+07
37.201 1.41169e+07
37.301 1.4079e+07
37.401 1.40414e+07
37.501 1.41554e+07
37.601 1.41637e+07
37.701 1.41719e+07
37.801 1.42829e+07
37.901 1.42452e+07
38.001 1.42077e+07
38.101 1.42985e+07
38.201 1.43063e+07
38.301 1.43139e+07
38.401 1.43216e+07
38.501 1.43292e+07
38.601 1.43368e+07
38.701 1.43381e+07
38.801 1.43012e+07
38.901 1.42644e+07
39.001 1.42278e+07
39.101 1.42638e+07
39.201 1.42714e+07
39.301 1.42791e+07
39.401 1.42662e+07
39.501 1.42301e+07
39.601 1.41941e+07
39.701 1.42763e+07
39.801 1.42802e+07
39.901 1.42877e+07
40.001 1.42951e+07
40.101 1.43848e+07
40.201 1.43491e+07
40.301 1.43135e+07
40.401 1.44134e+07
40.501 1.44205e+07
40.601 1.44274e+07
40.701 1.44344e+07
40.801 1.44412e+07
40.901 1.44482e+07
41.001 1.44348e+07
41.101 1.43996e+07
41.201 1.43647e+07
41.301 1.43595e+07
41.401 1.43777e+07
41.501 1.43847e+07
41.601 1.43917e+07
41.701 1.43652e+07
41.801 1.43308e+07
41.901 1.42966e+07
42.001 1.43848e+07
42.101 1.43917e+07
42.201 1.43985e+07
42.301 1.451e+07
42.401 1.44758e+07
42.501 1.44417e+07
42.601 1.44078e+07
42.701 1.4516e+07
42.801 1.45224e+07
42.901 1.45287e+07
43.001 1.45351e+07
43.101 1.45414e+07
43.201 1.45477e+07
43.301 1.45211e+07
43.401 1.44877e+07
43.501 1.44544e+07
43.601 1.44736e+07
43.701 1.448e+07
43.801 1.44864e+07
43.901 1.44867e+07
44.001 1.44538e+07
44.101 1.4421e+07
44.201 1.43884e+07
44.301 1.44851e+07
44.401 1.44913e+07
44.501 1.44976e+07
44.601 1.459e+07
44.701 1.45573e+07
44.801 1.45248e+07
44.901 1.46022e+07
45.001 1.46081e+07
45.101 1.4614e+07
45.201 1.46197e+07
45.301 1.46256e+07
45.401 1.46314e+07
45.501 1.46309e+07
45.601 1.45988e+07
45.701 1.45669e+07
45.801 1.45351e+07
45.901 1.45659e+07
46.001 1.45718e+07
46.101 1.45776e+07
46.201 1.45651e+07
46.301 1.45337e+07
46.401 1.45023e+07
46.501 1.45718e+07
46.601 1.45754e+07
46.701 1.45812e+07
46.801 1.45869e+07
46.901 1.46621e+07
47.001 1.46309e+07
47.101 1.45999e+07
47.201 1.46857e+07
47.301 1.46912e+07
47.401 1.46966e+07
47.501 1.47019e+07
47.601 1.47073e+07
47.701 1.47127e+07
47.801 1.46997e+07
47.901 1.4669e+07
48.001 1.46385e+07
48.101 1.4638e+07
48.201 1.46497e+07
48.301 1.46551e+07
48.401 1.46605e+07
48.501 1.4636e+07
48.601 1.46059e+07
48.701 1.45759e+07
48.801 1.46521e+07
48.901 1.46575e+07
49.001 1.46628e+07
49.101 1.47575e+07
49.201 1.47275e+07
49.301 1.46976e+07
49.401 1.46679e+07
49.501 1.47616e+07
49.601 1.47666e+07
49.701 1.47715e+07
49.801 1.47766e+07
49.901 1.47815e+07
50.001 1.47865e+07
50.101 1.47622e+07
50.201 1.47328e+07
50.301 1.47035e+07
50.401 1.47205e+07
50.501 1.47255e+07
50.601 1.47306e+07
50.701 1.47296e+07
50.801 1.47006e+07
50.901 1.46717e+07
51.001 1.46429e+07
51.101 1.4727e+07
51.201 1.4732e+07
51.301 1.47369e+07
51.401 1.48158e+07
51.501 1.47871e+07
51.601 1.47584e+07
51.701 1.4826e+07
51.801 1.48306e+07
51.901 1.48353e+07
52.001 1.48399e+07
52.101 1.48446e+07
52.201 1.48492e+07
52.301 1.48475e+07
52.401 1.48192e+07
52.501 1.4791e+07
52.601 1.47629e+07
52.701 1.47903e+07
52.801 1.47948e+07
52.901 1.47995e+07
53.001 1.47873e+07
53.101 1.47595e+07
53.201 1.47317e+07
53.301 1.47919e+07
53.401 1.47957e+07
53.501 1.48003e+07
53.601 1.48049e+07
53.701 1.48692e+07
53.801 1.48415e+07
53.901 1.4814e+07
54.001 1.48895e+07
54.101 1.48939e+07
54.201 1.48982e+07
54.301 1.49025e+07
54.401 1.49069e+07
54.501 1.49112e+07
54.601 1.48987e+07
54.701 1.48714e+07
54.801 1.48443e+07
54.901 1.48475e+07
55.001 1.48541e+07
55.101 1.48585e+07
55.201 1.48629e+07
55.301 1.48403e+07
55.401 1.48135e+07
55.501 1.47868e+07
55.601 1.48541e+07
55.701 1.48584e+07
55.801 1.48627e+07
55.901 1.49448e+07
56.001 1.49181e+07
56.101 1.48915e+07
56.201 1.4865e+07
56.301 1.49478e+07
56.401 1.49519e+07
56.501 1.4956e+07
56.601 1.496e+07
56.701 1.49641e+07
56.801 1.49681e+07
56.901 1.49456e+07
57.001 1.49194e+07
57.101 1.48933e+07
57.201 1.49086e+07
57.301 1.49127e+07
57.401 1.49169e+07
57.501 1.49149e+07
57.601 1.4889e+07
57.701 1.48632e+07
57.801 1.48375e+07
57.901 1.49123e+07
58.001 1.49162e+07
58.101 1.49202e+07
58.201 1.49889e+07
58.301 1.49632e+07
58.401 1.49376e+07
58.501 1.49977e+07
58.601 1.50016e+07
58.701 1.50054e+07
58.801 1.50092e+07
58.901 1.5013e+07
59.001 1.50169e+07
59.101 1.50143e+07
59.201 1.4989e+07
59.301 1.49637e+07
59.401 1.49385e+07
59.501 1.49632e+07
59.601 1.49671e+07
59.701 1.4971e+07
59.801 1.4959e+07
59.901 1.4934e+07
60.001 1.49092e+07
60.101 1.49622e+07
60.201 1.49659e+07
60.301 1.49698e+07
60.401 1.49736e+07
60.501 1.50297e+07
60.601 1.50049e+07
60.701 1.49801e+07
60.801 1.50477e+07
60.901 1.50513e+07
61.001 1.50549e+07
61.101 1.50584e+07
61.201 1.50621e+07
61.301 1.50656e+07
61.401 1.50535e+07
61.501 1.50291e+07
61.601 1.50047e+07
61.701 1.50099e+07
61.801 1.50135e+07
61.901 1.50172e+07
62.001 1.50208e+07
62.101 1.49998e+07
62.201 1.49757e+07
62.301 1.49517e+07
62.401 1.5012e+07
62.501 1.50156e+07
62.601 1.50192e+07
62.701 1.50915e+07
62.801 1.50674e+07
62.901 1.50435e+07
63.001 1.50196e+07
63.101 1.5094e+07
63.201 1.50974e+07
63.301 1.51007e+07
63.401 1.51041e+07
63.501 1.51075e+07
63.601 1.51109e+07
63.701 1.50899e+07
63.801 1.50663e+07
63.901 1.50427e+07
64.001 1.5057e+07
64.101 1.50605e+07
64.201 1.50637e+07
64.301 1.50611e+07
64.401 1.50377e+07
64.501 1.50144e+07
64.601 1.49912e+07
64.701 1.50585e+07
64.801 1.50619e+07
64.901 1.50653e+07
65.001 1.51258e+07
65.101 1.51025e+07
65.201 1.50794e+07
65.301 1.51337e+07
65.401 1.5137e+07
65.501 1.51402e+07
65.601 1.51434e+07
65.701 1.51466e+07
65.801 1.51498e+07
65.901 1.51467e+07
66.001 1.51238e+07
66.101 1.51009e+07
66.201 1.50781e+07
66.301 1.51007e+07
66.401 1.51039e+07
66.501 1.51072e+07
66.601 1.50957e+07
66.701 1.5073e+07
66.801 1.50505e+07
66.901 1.50984e+07
67.001 1.51017e+07
67.101 1.51049e+07
67.201 1.51081e+07
67.301 1.51577e+07
67.401 1.51352e+07
67.501 1.51128e+07
67.601 1.5174e+07
67.701 1.51771e+07
67.801 1.51801e+07
67.901 1.51832e+07
68.001 1.51862e+07
68.101 1.51893e+07
68.201 1.51775e+07
68.301 1.51553e+07
68.401 1.51332e+07
68.501 1.51385e+07
68.601 1.51414e+07
68.701 1.51445e+07
68.801 1.51476e+07
68.901 1.51279e+07
69.001 1.5106e+07
69.101 1.50841e+07
69.201 1.51391e+07
69.301 1.51421e+07
69.401 1.5145e+07
69.501 1.52094e+07
69.601 1.51876e+07
69.701 1.51658e+07
69.801 1.51441e+07
69.901 1.52116e+07
70.001 1.52145e+07
70.101 1.52174e+07
70.201 1.52204e+07
70.301 1.52232e+07
70.401 1.52261e+07
70.501 1.52064e+07
70.601 1.51848e+07
70.701 1.51633e+07
70.801 1.51767e+07
70.901 1.51796e+07
71.001 1.51826e+07
71.101 1.51793e+07
71.201 1.5158e+07
71.301 1.51368e+07
71.401 1.51156e+07
71.501 1.51769e+07
71.601 1.51798e+07
71.701 1.51827e+07
71.801 1.52367e+07
71.901 1.52155e+07
72.001 1.51944e+07
72.101 1.5244e+07
72.201 1.52469e+07
72.301 1.52496e+07
72.401 1.52524e+07
72.501 1.52551e+07
72.601 1.52579e+07
72.701 1.52543e+07
72.801 1.52334e+07
72.901 1.52125e+07
73.001 1.51916e+07
73.101 1.52125e+07
73.201 1.52153e+07
73.301 1.52181e+07
73.401 1.5207e+07
73.501 1.51863e+07
73.601 1.51656e+07
73.701 1.52098e+07
73.801 1.52124e+07
73.901 1.52152e+07
74.001 1.52179e+07
74.101 1.52623e+07
74.201 1.52417e+07
74.301 1.52212e+07
74.401 1.52772e+07
74.501 1.52799e+07
74.601 1.52825e+07
74.701 1.52852e+07
74.801 1.52878e+07
74.901 1.52904e+07
75.001 1.52791e+07
75.101 1.52587e+07
75.201 1.52384e+07
75.301 1.52436e+07
75.401 1.52463e+07
75.501 1.5249e+07
75.601 1.52515e+07
75.701 1.52329e+07
75.801 1.52128e+07
75.901 1.51928e+07
76.001 1.52432e+07
76.101 1.52459e+07
76.201 1.52485e+07
76.301 1.53064e+07
76.401 1.52863e+07
76.501 1.52664e+07
76.601 1.52464e+07
76.701 1.53084e+07
76.801 1.5311e+07
76.901 1.53135e+07
77.001 1.5316e+07
77.101 1.53185e+07
77.201 1.5321e+07
77.301 1.53023e+07
77.401 1.52825e+07
77.501 1.52628e+07
77.601 1.52754e+07
77.701 1.5278e+07
77.801 1.52805e+07
77.901 1.52769e+07
78.001 1.52573e+07
78.101 1.52378e+07
78.201 1.52183e+07
78.301 1.52747e+07
78.401 1.52773e+07
78.501 1.52798e+07
78.601 1.53285e+07
78.701 1.5309e+07
78.801 1.52896e+07
78.901 1.53354e+07
79.001 1.53378e+07
79.101 1.53403e+07
79.201 1.53426e+07
79.301 1.53451e+07
79.401 1.53475e+07
79.501 1.53435e+07
79.601 1.53242e+07
79.701 1.5305e+07
79.801 1.52858e+07
79.901 1.53055e+07
80.001 1.53078e+07
80.101 1.53103e+07
80.201 1.52994e+07
80.301 1.52803e+07
80.401 1.52613e+07
80.501 1.53021e+07
80.601 1.53046e+07
80.701 1.5307e+07
80.801 1.53093e+07
80.901 1.53493e+07
81.001 1.53303e+07
81.101 1.53114e+07
81.201 1.53632e+07
81.301 1.53655e+07
81.401 1.53679e+07
81.501 1.53701e+07
81.601 1.53725e+07
81.701 1.53748e+07
81.801 1.53637e+07
81.901 1.53449e+07
82.001 1.53262e+07
82.101 1.53314e+07
82.201 1.53338e+07
82.301 1.53361e+07
82.401 1.53385e+07
82.501 1.53206e+07
82.601 1.53021e+07
82.701 1.52836e+07
82.801 1.53303e+07
82.901 1.53326e+07
83.001 1.53349e+07
83.101 1.53875e+07
83.201 1.5369e+07
83.301 1.53505e+07
83.401 1.53322e+07
83.501 1.53895e+07
83.601 1.53917e+07
83.701 1.53939e+07
83.801 1.53962e+07
83.901 1.53984e+07
84.001 1.54006e+07
84.101 1.53828e+07
84.201 1.53645e+07
84.301 1.53463e+07
84.401 1.53582e+07
84.501 1.53605e+07
84.601 1.53627e+07
84.701 1.53588e+07
84.801 1.53407e+07
84.901 1.53226e+07
85.001 1.53046e+07
85.101 1.5357e+07
85.201 1.53591e+07
85.301 1.53614e+07
85.401 1.54056e+07
85.501 1.53876e+07
85.601 1.53696e+07
85.701 1.54122e+07
85.801 1.54144e+07
85.901 1.54165e+07
86.001 1.54186e+07
86.101 1.54208e+07
86.201 1.54229e+07
86.301 1.54187e+07
86.401 1.54008e+07
86.501 1.5383e+07
86.601 1.53652e+07
86.701 1.53838e+07
86.801 1.53859e+07
86.901 1.53881e+07
87.001 1.53774e+07
87.101 1.53597e+07
87.201 1.53421e+07
87.301 1.53801e+07
87.401 1.53823e+07
87.501 1.53844e+07
87.601 1.53866e+07
87.701 1.54228e+07
87.801 1.54052e+07
87.901 1.53877e+07
88.001 1.54359e+07
88.101 1.54379e+07
88.201 1.544e+07
88.301 1.5442e+07
88.401 1.54441e+07
88.501 1.54461e+07
88.601 1.54353e+07
88.701 1.54179e+07
88.801 1.54006e+07
88.901 1.54057e+07
89.001 1.54078e+07
89.101 1.54099e+07
89.201 1.5412e+07
89.301 1.5395e+07
89.401 1.53778e+07
89.501 1.53606e+07
89.601 1.54041e+07
89.701 1.54062e+07
89.801 1.54083e+07
89.901 1.54563e+07
90.001 1.54391e+07
90.101 1.5422e+07
90.201 1.54563e+07
90.301 1.54583e+07
90.401 1.54603e+07
90.501 1.54623e+07
90.601 1.54643e+07
90.701 1.54663e+07
90.801 1.54682e+07
90.901 1.54512e+07
91.001 1.54342e+07
91.101 1.54172e+07
91.201 1.54288e+07
91.301 1.54308e+07
91.401 1.54327e+07
91.501 1.54286e+07
91.601 1.54117e+07
91.701 1.53949e+07
91.801 1.53781e+07
91.901 1.54271e+07
92.001 1.54291e+07
92.101 1.54311e+07
92.201 1.54714e+07
92.301 1.54546e+07
92.401 1.54379e+07
92.501 1.54778e+07
92.601 1.54797e+07
92.701 1.54816e+07
92.801 1.54835e+07
92.901 1.54854e+07
93.001 1.54873e+07
93.101 1.54828e+07
93.201 1.54662e+07
93.301 1.54496e+07
93.401 1.54335e+07
93.501 1.54506e+07
93.601 1.54526e+07
93.701 1.54545e+07
93.801 1.54441e+07
93.901 1.54276e+07
94.001 1.54112e+07
94.101 1.54468e+07
94.201 1.54487e+07
94.301 1.54507e+07
94.401 1.55021e+07
94.501 1.54857e+07
94.601 1.54693e+07
94.701 1.5453e+07
94.801 1.54981e+07
94.901 1.55e+07
95.001 1.55018e+07
95.101 1.55036e+07
95.201 1.55055e+07
95.301 1.55073e+07
95.401 1.54968e+07
95.501 1.54805e+07
95.601 1.54643e+07
95.701 1.54696e+07
95.801 1.54714e+07
95.901 1.54733e+07
96.001 1.54749e+07
96.101 1.54588e+07
96.201 1.54428e+07
96.301 1.54267e+07
96.401 1.54677e+07
96.501 1.54695e+07
96.601 1.54713e+07
96.701 1.55154e+07
96.801 1.54994e+07
96.901 1.54834e+07
97.001 1.55157e+07
97.101 1.55175e+07
97.201 1.55193e+07
97.301 1.55211e+07
97.401 1.55229e+07
97.501 1.55247e+07
97.601 1.55259e+07
97.701 1.551e+07
97.801 1.54942e+07
97.901 1.54784e+07
98.001 1.54895e+07
98.101 1.54913e+07
98.201 1.54931e+07
98.301 1.54887e+07
98.401 1.54729e+07
98.501 1.54572e+07
98.601 1.5489e+07
98.701 1.54874e+07
98.801 1.54892e+07
98.901 1.5491e+07
99.001 1.55281e+07
99.101 1.55124e+07
99.201 1.54968e+07
99.301 1.55343e+07
99.401 1.55361e+07
99.501 1.55378e+07
99.601 1.55395e+07
99.701 1.55412e+07
99.801 1.55429e+07
99.901 1.55383e+07
100.001 1.55227e+07
100.101 1.55072e+07
100.201 1.54943e+07
100.301 1.55084e+07
100.401 1.55102e+07
100.501 1.55119e+07
100.601 1.55017e+07
100.701 1.54863e+07
100.801 1.5471e+07
100.901 1.55045e+07
101.001 1.55063e+07
101.101 1.5508e+07
101.201 1.55555e+07
101.301 1.55402e+07
101.401 1.55249e+07
101.501 1.55096e+07
101.601 1.5552e+07
101.701 1.55537e+07
101.801 1.55554e+07
101.901 1.5557e+07
102.001 1.55587e+07
102.101 1.55604e+07
102.201 1.555e+07
102.301 1.55348e+07
102.401 1.55197e+07
102.501 1.55249e+07
102.601 1.55266e+07
102.701 1.55283e+07
102.801 1.55293e+07
102.901 1.55142e+07
103.001 1.54992e+07
103.101 1.54841e+07
103.201 1.55227e+07
103.301 1.55244e+07
103.401 1.55261e+07
103.501 1.55668e+07
103.601 1.55517e+07
103.701 1.55367e+07
103.801 1.55674e+07
103.901 1.5569e+07
104.001 1.55706e+07
104.101 1.55722e+07
104.201 1.55738e+07
104.301 1.55754e+07
104.401 1.55762e+07
104.501 1.55613e+07
104.601 1.55464e+07
104.701 1.55315e+07
104.801 1.55423e+07
104.901 1.55439e+07
105.001 1.55456e+07
105.101 1.5541e+07
105.201 1.55262e+07
105.301 1.55114e+07
105.401 1.55411e+07
105.501 1.554e+07
105.601 1.55416e+07
105.701 1.55433e+07
105.801 1.55775e+07
105.901 1.55628e+07
106.001 1.55481e+07
106.101 1.55836e+07
106.201 1.55852e+07
106.301 1.55868e+07
106.401 1.55883e+07
106.501 1.55899e+07
106.601 1.55914e+07
106.701 1.55866e+07
106.801 1.5572e+07
106.901 1.55575e+07
107.001 1.55474e+07
107.101 1.5559e+07
107.201 1.55605e+07
107.301 1.55621e+07
107.401 1.55521e+07
107.501 1.55376e+07
107.601 1.55232e+07
107.701 1.55551e+07
107.801 1.55567e+07
107.901 1.55583e+07
108.001 1.56022e+07
108.101 1.55878e+07
108.201 1.55734e+07
108.301 1.5559e+07
108.401 1.55992e+07
108.501 1.56007e+07
108.601 1.56022e+07
108.701 1.56037e+07
108.801 1.56053e+07
108.901 1.56068e+07
109.001 1.55966e+07
109.101 1.55823e+07
109.201 1.55681e+07
109.301 1.55734e+07
109.401 1.55749e+07
109.501 1.55765e+07
109.601 1.5577e+07
109.701 1.55628e+07
109.801 1.55486e+07
109.901 1.55344e+07
110.001 1.5571e+07
110.101 1.55725e+07
110.201 1.55741e+07
110.301 1.56118e+07
110.401 1.55977e+07
110.501 1.55835e+07
110.601 1.56126e+07
110.701 1.56141e+07
110.801 1.56156e+07
110.901 1.5617e+07
111.001 1.56185e+07
111.101 1.562e+07
111.201 1.56203e+07
111.301 1.56062e+07
111.401 1.55922e+07
111.501 1.55782e+07
111.601 1.55887e+07
111.701 1.55902e+07
111.801 1.55917e+07
111.901 1.55869e+07
112.001 1.5573e+07
112.101 1.55591e+07
112.201 1.5587e+07
112.301 1.55863e+07
112.401 1.55877e+07
112.501 1.55892e+07
112.601 1.5621e+07
112.701 1.56071e+07
112.801 1.55933e+07
112.901 1.5627e+07
113.001 1.56284e+07
113.101 1.56299e+07
113.201 1.56313e+07
113.301 1.56327e+07
113.401 1.56342e+07
113.501 1.56292e+07
113.601 1.56154e+07
113.701 1.56017e+07
113.801 1.55941e+07
113.901 1.56034e+07
114.001 1.56049e+07
114.101 1.56064e+07
114.201 1.55965e+07
114.301 1.55828e+07
114.401 1.55692e+07
114.501 1.55995e+07
114.601 1.5601e+07
114.701 1.56024e+07
114.801 1.56434e+07
114.901 1.56298e+07
115.001 1.56162e+07
115.101 1.56026e+07
115.201 1.56408e+07
115.301 1.56422e+07
115.401 1.56436e+07
115.501 1.5645e+07
115.601 1.56464e+07
115.701 1.56477e+07
115.801 1.56378e+07
115.901 1.56243e+07
116.001 1.56108e+07
116.101 1.56161e+07
116.201 1.56175e+07
116.301 1.5619e+07
116.401 1.5619e+07
116.501 1.56056e+07
116.601 1.55923e+07
116.701 1.55789e+07
116.801 1.56136e+07
116.901 1.5615e+07
117.001 1.56164e+07
117.101 1.56516e+07
117.201 1.56382e+07
117.301 1.56249e+07
117.401 1.56527e+07
117.501 1.5654e+07
117.601 1.56554e+07
117.701 1.56567e+07
117.801 1.56581e+07
117.901 1.56595e+07
118.001 1.56593e+07
118.101 1.5646e+07
118.201 1.56328e+07
118.301 1.56196e+07
118.401 1.56298e+07
118.501 1.56312e+07
118.601 1.56325e+07
118.701 1.56276e+07
118.801 1.56145e+07
118.901 1.56013e+07
119.001 1.56275e+07
119.101 1.56273e+07
119.201 1.56286e+07
119.301 1.563e+07
119.401 1.56595e+07
119.501 1.56464e+07
119.601 1.56333e+07
119.701 1.56654e+07
119.801 1.56668e+07
119.901 1.56681e+07
120.001 1.56694e+07
120.101 1.56707e+07
120.201 1.5672e+07
120.301 1.5667e+07
120.401 1.56539e+07
120.501 1.5641e+07
120.601 1.56355e+07
120.701 1.56429e+07
120.801 1.56442e+07
120.901 1.56456e+07
121.001 1.56358e+07
121.101 1.56229e+07
121.201 1.561e+07
121.301 1.5639e+07
121.401 1.56403e+07
121.501 1.56416e+07
121.601 1.568e+07
121.701 1.56671e+07
121.801 1.56542e+07
121.901 1.56414e+07
122.001 1.56777e+07
122.101 1.5679e+07
122.201 1.56803e+07
122.301 1.56816e+07
122.401 1.56829e+07
122.501 1.56841e+07
122.601 1.56743e+07
122.701 1.56616e+07
122.801 1.56488e+07
122.901 1.56541e+07
123.001 1.56554e+07
123.101 1.56568e+07
123.201 1.56565e+07
123.301 1.56438e+07
123.401 1.56311e+07
123.501 1.56184e+07
123.601 1.56516e+07
123.701 1.5653e+07
123.801 1.56542e+07
123.901 1.5687e+07
124.001 1.56744e+07
124.101 1.56617e+07
124.201 1.56883e+07
124.301 1.56896e+07
124.401 1.56908e+07
124.501 1.56921e+07
124.601 1.56933e+07
124.701 1.56946e+07
124.801 1.5694e+07
124.901 1.56815e+07
125.001 1.56689e+07
125.101 1.56564e+07
125.201 1.56664e+07
125.301 1.56677e+07
125.401 1.56689e+07
125.501 1.56639e+07
125.601 1.56514e+07
125.701 1.5639e+07
125.801 1.56637e+07
125.901 1.56638e+07
126.001 1.5665e+07
126.101 1.56663e+07
126.201 1.56938e+07
126.301 1.56814e+07
126.401 1.5669e+07
126.501 1.56997e+07
126.601 1.5701e+07
126.701 1.57022e+07
126.801 1.57034e+07
126.901 1.57046e+07
127.001 1.57059e+07
127.101 1.57007e+07
127.201 1.56883e+07
127.301 1.5676e+07
127.401 1.56727e+07
127.501 1.56781e+07
127.601 1.56793e+07
127.701 1.56806e+07
127.801 1.5671e+07
127.901 1.56588e+07
128.001 1.56466e+07
128.101 1.56742e+07
128.201 1.56755e+07
128.301 1.56767e+07
128.401 1.57126e+07
128.501 1.57004e+07
128.601 1.56882e+07
128.701 1.5676e+07
128.801 1.57108e+07
128.901 1.5712e+07
129.001 1.57131e+07
129.101 1.57143e+07
129.201 1.57155e+07
129.301 1.57167e+07
129.401 1.57071e+07
129.501 1.5695e+07
129.601 1.56828e+07
129.701 1.56883e+07
129.801 1.56895e+07
129.901 1.56907e+07
130.001 1.569e+07
130.101 1.56779e+07
130.201 1.56659e+07
130.301 1.56539e+07
130.401 1.56856e+07
130.501 1.56868e+07
130.601 1.56881e+07
130.701 1.57188e+07
130.801 1.57068e+07
130.901 1.56948e+07
131.001 1.57202e+07
131.101 1.57214e+07
131.201 1.57226e+07
131.301 1.57237e+07
131.401 1.57249e+07
131.501 1.57261e+07
131.601 1.57252e+07
131.701 1.57133e+07
131.801 1.57013e+07
131.901 1.56894e+07
132.001 1.56992e+07
132.101 1.57004e+07
132.201 1.57016e+07
132.301 1.56964e+07
132.401 1.56846e+07
132.501 1.56727e+07
132.601 1.56962e+07
132.701 1.56965e+07
132.801 1.56977e+07
132.901 1.56989e+07
133.001 1.57247e+07
133.101 1.57129e+07
133.201 1.57011e+07
133.301 1.57305e+07
133.401 1.57317e+07
133.501 1.57328e+07
133.601 1.5734e+07
133.701 1.57351e+07
133.801 1.57362e+07
133.901 1.5731e+07
134.001 1.57192e+07
134.101 1.57075e+07
134.201 1.57059e+07
134.301 1.57097e+07
134.401 1.57109e+07
134.501 1.57121e+07
134.601 1.57027e+07
134.701 1.5691e+07
134.801 1.56794e+07
134.901 1.5706e+07
135.001 1.57072e+07
135.101 1.57083e+07
135.201 1.5742e+07
135.301 1.57304e+07
135.401 1.57188e+07
135.501 1.57072e+07
135.601 1.57405e+07
135.701 1.57416e+07
135.801 1.57427e+07
135.901 1.57438e+07
136.001 1.57449e+07
136.101 1.57461e+07
136.201 1.57365e+07
136.301 1.5725e+07
136.401 1.57135e+07
136.501 1.57189e+07
136.601 1.572e+07
136.701 1.57212e+07
136.801 1.57202e+07
136.901 1.57087e+07
137.001 1.56972e+07
137.101 1.56858e+07
137.201 1.57162e+07
137.301 1.57174e+07
137.401 1.57185e+07
137.501 1.57474e+07
137.601 1.57359e+07
137.701 1.57245e+07
137.801 1.5749e+07
137.901 1.57501e+07
138.001 1.57512e+07
138.101 1.57523e+07
138.201 1.57534e+07
138.301 1.57545e+07
138.401 1.57533e+07
138.501 1.57419e+07
138.601 1.57306e+07
138.701 1.57192e+07
138.801 1.57288e+07
138.901 1.57299e+07
139.001 1.5731e+07
139.101 1.57258e+07
139.201 1.57145e+07
139.301 1.57032e+07
139.401 1.57255e+07
139.501 1.57261e+07
139.601 1.57272e+07
139.701 1.57283e+07
139.801 1.57525e+07
139.901 1.57413e+07
140.001 1.573e+07
140.101 1.57584e+07
140.201 1.57594e+07
140.301 1.57605e+07
140.401 1.57616e+07
140.501 1.57626e+07
140.601 1.57637e+07
140.701 1.57583e+07
140.801 1.57471e+07
140.901 1.5736e+07
141.001 1.5736e+07
141.101 1.57384e+07
141.201 1.57395e+07
141.301 1.57406e+07
141.401 1.57313e+07
141.501 1.57201e+07
141.601 1.5709e+07
141.701 1.57347e+07
141.801 1.57358e+07
141.901 1.57368e+07
142.001 1.57686e+07
142.101 1.57575e+07
142.201 1.57465e+07
142.301 1.57354e+07
142.401 1.57674e+07
142.501 1.57684e+07
142.601 1.57695e+07
142.701 1.57705e+07
142.801 1.57715e+07
142.901 1.57726e+07
143.001 1.57632e+07
143.101 1.57522e+07
143.201 1.57412e+07
143.301 1.57466e+07
143.401 1.57477e+07
143.501 1.57487e+07
143.601 1.57475e+07
143.701 1.57365e+07
143.801 1.57256e+07
143.901 1.57147e+07
144.001 1.57439e+07
144.101 1.5745e+07
144.201 1.57461e+07
144.301 1.57733e+07
144.401 1.57624e+07
144.501 1.57515e+07
144.601 1.57751e+07
144.701 1.57761e+07
144.801 1.57772e+07
144.901 1.57782e+07
145.001 1.57792e+07
145.101 1.57802e+07
145.201 1.57788e+07
145.301 1.57679e+07
145.401 1.57571e+07
145.501 1.57462e+07
145.601 1.57557e+07
145.701 1.57566e+07
145.801 1.57577e+07
145.901 1.57524e+07
146.001 1.57416e+07
146.101 1.57309e+07
146.201 1.57521e+07
146.301 1.5753e+07
146.401 1.57541e+07
146.501 1.57551e+07
146.601 1.57778e+07
146.701 1.5767e+07
146.801 1.57563e+07
146.901 1.57836e+07
147.001 1.57846e+07
147.101 1.57856e+07
147.201 1.57866e+07
147.301 1.57876e+07
147.401 1.57886e+07
147.501 1.57832e+07
147.601 1.57725e+07
147.701 1.57618e+07
147.801 1.57633e+07
147.901 1.57644e+07
148.001 1.57654e+07
148.101 1.57664e+07
148.201 1.57572e+07
148.301 1.57466e+07
148.401 1.5736e+07
148.501 1.57607e+07
148.601 1.57617e+07
148.701 1.57627e+07
148.801 1.57928e+07
148.901 1.57822e+07
149.001 1.57716e+07
149.101 1.5761e+07
149.201 1.57918e+07
149.301 1.57928e+07
149.401 1.57938e+07
149.501 1.57948e+07
149.601 1.57957e+07
149.701 1.57967e+07
149.801 1.57874e+07
149.901 1.57769e+07
150.001 1.57664e+07
150.101 1.57718e+07
150.201 1.57728e+07
150.301 1.57738e+07
150.401 1.57724e+07
150.501 1.57619e+07
150.601 1.57514e+07
150.701 1.5741e+07
150.801 1.57693e+07
150.901 1.57702e+07
151.001 1.57712e+07
151.101 1.57969e+07
151.201 1.57864e+07
151.301 1.5776e+07
151.401 1.57989e+07
151.501 1.57998e+07
151.601 1.58008e+07
151.701 1.58017e+07
151.801 1.58027e+07
151.901 1.58037e+07
152.001 1.5802e+07
152.101 1.57916e+07
152.201 1.57812e+07
152.301 1.57708e+07
152.401 1.57801e+07
152.501 1.57811e+07
152.601 1.57821e+07
152.701 1.57767e+07
152.801 1.57664e+07
152.901 1.57561e+07
153.001 1.57765e+07
153.101 1.57775e+07
153.201 1.57784e+07
153.301 1.57794e+07
153.401 1.58008e+07
153.501 1.57905e+07
153.601 1.57803e+07
153.701 1.58066e+07
153.801 1.58076e+07
153.901 1.58085e+07
154.001 1.58094e+07
154.101 1.58104e+07
154.201 1.58113e+07
154.301 1.58058e+07
154.401 1.57956e+07
154.501 1.57854e+07
154.601 1.57871e+07
154.701 1.57881e+07
154.801 1.5789e+07
154.901 1.579e+07
155.001 1.57809e+07
155.101 1.57707e+07
155.201 1.57606e+07
155.301 1.57845e+07
155.401 1.57854e+07
155.501 1.57864e+07
155.601 1.58148e+07
155.701 1.58047e+07
155.801 1.57945e+07
155.901 1.57844e+07
156.001 1.58142e+07
156.101 1.58151e+07
156.201 1.5816e+07
156.301 1.58169e+07
156.401 1.58178e+07
156.501 1.58187e+07
156.601 1.58096e+07
156.701 1.57995e+07
156.801 1.57894e+07
156.901 1.5795e+07
157.001 1.57959e+07
157.101 1.57967e+07
157.201 1.57951e+07
157.301 1.5785e+07
157.401 1.5775e+07
157.501 1.5765e+07
157.601 1.57923e+07
157.701 1.57932e+07
157.801 1.57942e+07
157.901 1.58184e+07
158.001 1.58084e+07
158.101 1.57984e+07
158.201 1.58206e+07
158.301 1.58215e+07
158.401 1.58224e+07
158.501 1.58233e+07
158.601 1.58242e+07
158.701 1.58251e+07
158.801 1.58232e+07
158.901 1.58132e+07
159.001 1.58033e+07
159.101 1.57933e+07
159.201 1.58025e+07
159.301 1.58034e+07
159.401 1.58043e+07
159.501 1.57989e+07
159.601 1.5789e+07
159.701 1.57791e+07
159.801 1.57989e+07
159.901 1.57998e+07
160.001 1.58007e+07
160.101 1.58017e+07
160.201 1.58219e+07
160.301 1.5812e+07
160.401 1.58022e+07
160.501 1.58277e+07
160.601 1.58286e+07
160.701 1.58295e+07
160.801 1.58303e+07
160.901 1.58312e+07
161.001 1.58321e+07
161.101 1.58266e+07
161.201 1.58168e+07
161.301 1.58069e+07
161.401 1.58089e+07
161.501 1.58098e+07
161.601 1.58107e+07
161.701 1.58116e+07
161.801 1.58026e+07
161.901 1.57929e+07
162.001 1.57831e+07
162.101 1.58063e+07
162.201 1.58072e+07
162.301 1.5808e+07
162.401 1.5835e+07
162.501 1.58253e+07
162.601 1.58155e+07
162.701 1.58058e+07
162.801 1.58346e+07
162.901 1.58355e+07
163.001 1.58363e+07
163.101 1.58372e+07
163.201 1.58381e+07
163.301 1.58389e+07
163.401 1.58299e+07
163.501 1.58202e+07
163.601 1.58105e+07
163.701 1.58161e+07
163.801 1.5817e+07
163.901 1.58178e+07
164.001 1.58159e+07
164.101 1.58062e+07
164.201 1.57966e+07
164.301 1.5787e+07
164.401 1.58134e+07
164.501 1.58143e+07
164.601 1.58152e+07
164.701 1.58382e+07
164.801 1.58286e+07
164.901 1.5819e+07
165.001 1.58405e+07
165.101 1.58413e+07
165.201 1.58422e+07
165.301 1.5843e+07
165.401 1.58439e+07
165.501 1.58447e+07
165.601 1.58426e+07
165.701 1.58331e+07
165.801 1.58235e+07
165.901 1.5814e+07
166.001 1.5823e+07
166.101 1.58239e+07
166.201 1.58247e+07
166.301 1.58193e+07
166.401 1.58098e+07
166.501 1.58003e+07
166.601 1.58196e+07
166.701 1.58204e+07
166.801 1.58212e+07
166.901 1.58221e+07
167.001 1.58413e+07
167.101 1.58318e+07
167.201 1.58223e+07
167.301 1.5847e+07
167.401 1.58479e+07
167.501 1.58487e+07
167.601 1.58495e+07
167.701 1.58504e+07
167.801 1.58512e+07
167.901 1.58456e+07
168.001 1.58362e+07
168.101 1.58268e+07
168.201 1.58289e+07
168.301 1.58298e+07
168.401 1.58306e+07
168.501 1.58314e+07
168.601 1.58226e+07
168.701 1.58132e+07
168.801 1.58038e+07
168.901 1.58263e+07
169.001 1.58272e+07
169.101 1.5828e+07
169.201 1.58536e+07
169.301 1.58442e+07
169.401 1.58349e+07
169.501 1.58255e+07
169.601 1.58534e+07
169.701 1.58542e+07
169.801 1.5855e+07
169.901 1.58559e+07
170.001 1.58567e+07
170.101 1.58575e+07
170.201 1.58485e+07
170.301 1.58392e+07
170.401 1.58299e+07
170.501 1.58355e+07
170.601 1.58363e+07
170.701 1.58372e+07
170.801 1.5835e+07
170.901 1.58258e+07
171.001 1.58165e+07
171.101 1.58073e+07
171.201 1.58329e+07
171.301 1.58337e+07
171.401 1.58346e+07
171.501 1.58564e+07
171.601 1.58471e+07
171.701 1.58379e+07
171.801 1.58588e+07
171.901 1.58596e+07
172.001 1.58604e+07
172.101 1.58612e+07
172.201 1.5862e+07
172.301 1.58628e+07
172.401 1.58606e+07
172.501 1.58514e+07
172.601 1.58422e+07
172.701 1.5833e+07
172.801 1.5842e+07
172.901 1.58427e+07
173.001 1.58435e+07
173.101 1.5838e+07
173.201 1.58289e+07
173.301 1.58198e+07
173.401 1.58385e+07
173.501 1.58394e+07
173.601 1.58402e+07
173.701 1.58409e+07
173.801 1.58591e+07
173.901 1.585e+07
174.001 1.58409e+07
174.101 1.58649e+07
174.201 1.58657e+07
174.301 1.58665e+07
174.401 1.58672e+07
174.501 1.5868e+07
174.601 1.58688e+07
174.701 1.58632e+07
174.801 1.58541e+07
174.901 1.58451e+07
175.001 1.58474e+07
175.101 1.58482e+07
175.201 1.5849e+07
175.301 1.58498e+07
175.401 1.5841e+07
175.501 1.58319e+07
175.601 1.58229e+07
175.701 1.58448e+07
175.801 1.58456e+07
175.901 1.58464e+07
176.001 1.58707e+07
176.101 1.58617e+07
176.201 1.58527e+07
176.301 1.587e+07
176.401 1.58708e+07
176.501 1.58715e+07
176.601 1.58723e+07
176.701 1.58731e+07
176.801 1.58739e+07
176.901 1.58747e+07
177.001 1.58658e+07
177.101 1.58568e+07
177.201 1.58479e+07
177.301 1.58534e+07
177.401 1.58542e+07
177.501 1.5855e+07
177.601 1.58527e+07
177.701 1.58438e+07
177.801 1.58349e+07
177.901 1.5826e+07
178.001 1.58509e+07
178.101 1.58516e+07
178.201 1.58524e+07
178.301 1.58732e+07
178.401 1.58643e+07
178.501 1.58554e+07
178.601 1.58757e+07
178.701 1.58765e+07
178.801 1.58773e+07
178.901 1.5878e+07
179.001 1.58788e+07
179.101 1.58796e+07
179.201 1.58771e+07
179.301 1.58683e+07
179.401 1.58594e+07
179.501 1.58506e+07
179.601 1.58594e+07
179.701 1.58602e+07
179.801 1.5861e+07
179.901 1.58554e+07
180.001 1.58466e+07
180.101 1.58378e+07
180.201 1.58561e+07
180.301 1.58568e+07
180.401 1.58576e+07
180.501 1.58584e+07
180.601 1.58756e+07
180.701 1.58668e+07
180.801 1.5858e+07
180.901 1.58814e+07
181.001 1.58821e+07
181.101 1.58829e+07
181.201 1.58836e+07
181.301 1.58844e+07
181.401 1.58851e+07
181.501 1.58795e+07
181.601 1.58707e+07
181.701 1.5862e+07
181.801 1.58644e+07
181.901 1.58652e+07
182.001 1.5866e+07
182.101 1.58667e+07
182.201 1.5858e+07
182.301 1.58493e+07
182.401 1.58406e+07
182.501 1.58619e+07
182.601 1.58626e+07
182.701 1.58634e+07
182.801 1.58866e+07
182.901 1.58779e+07
183.001 1.58692e+07
183.101 1.58861e+07
183.201 1.58868e+07
183.301 1.58876e+07
183.401 1.58883e+07
183.501 1.58891e+07
183.601 1.58898e+07
183.701 1.58904e+07
183.801 1.58817e+07
183.901 1.58731e+07
184.001 1.58645e+07
184.101 1.58701e+07
184.201 1.58709e+07
184.301 1.58716e+07
184.401 1.58691e+07
184.501 1.58605e+07
184.601 1.58519e+07
184.701 1.58687e+07
184.801 1.58676e+07
184.901 1.58683e+07
185.001 1.58691e+07
185.101 1.58888e+07
185.201 1.58802e+07
185.301 1.58716e+07
185.401 1.58914e+07
185.501 1.58922e+07
185.601 1.58929e+07
185.701 1.58936e+07
185.801 1.58944e+07
185.901 1.58951e+07
186.001 1.58925e+07
186.101 1.5884e+07
186.201 1.58754e+07
186.301 1.58679e+07
186.401 1.58756e+07
186.501 1.58764e+07
186.601 1.58771e+07
186.701 1.58715e+07
186.801 1.5863e+07
186.901 1.58545e+07
187.001 1.58723e+07
187.101 1.58731e+07
187.201 1.58738e+07
187.301 1.58994e+07
187.401 1.58909e+07
187.501 1.58824e+07
187.601 1.58739e+07
187.701 1.58967e+07
187.801 1.58974e+07
187.901 1.58981e+07
188.001 1.58988e+07
188.101 1.58995e+07
188.201 1.59003e+07
188.301 1.58946e+07
188.401 1.58861e+07
188.501 1.58777e+07
188.601 1.58803e+07
188.701 1.5881e+07
188.801 1.58817e+07
188.901 1.58822e+07
189.001 1.58738e+07
189.101 1.58654e+07
189.201 1.5857e+07
189.301 1.58778e+07
189.401 1.58785e+07
189.501 1.58792e+07
189.601 1.59013e+07
189.701 1.58929e+07
189.801 1.58846e+07
189.901 1.5901e+07
190.001 1.59018e+07
190.101 1.59025e+07
190.201 1.59032e+07
190.301 1.59039e+07
190.401 1.59046e+07
190.501 1.59049e+07
190.601 1.58966e+07
190.701 1.58882e+07
190.801 1.58799e+07
190.901 1.58855e+07
191.001 1.58863e+07
191.101 1.5887e+07
191.201 1.58843e+07
191.301 1.5876e+07
191.401 1.58677e+07
191.501 1.58839e+07
191.601 1.5883e+07
191.701 1.58838e+07
191.801 1.58845e+07
191.901 1.59032e+07
192.001 1.5895e+07
192.101 1.58867e+07
192.201 1.5906e+07
192.301 1.59067e+07
192.401 1.59074e+07
192.501 1.59081e+07
192.601 1.59088e+07
192.701 1.59095e+07
192.801 1.59068e+07
192.901 1.58985e+07
193.001 1.58903e+07
193.101 1.58841e+07
193.201 1.58907e+07
193.301 1.58914e+07
193.401 1.58921e+07
193.501 1.58864e+07
193.601 1.58782e+07
193.701 1.587e+07
193.801 1.58874e+07
193.901 1.58882e+07
194.001 1.58889e+07
194.101 1.59133e+07
194.201 1.59051e+07
194.301 1.58969e+07
194.401 1.58887e+07
194.501 1.59109e+07
194.601 1.59116e+07
194.701 1.59123e+07
194.801 1.5913e+07
194.901 1.59136e+07
195.001 1.59143e+07
195.101 1.59086e+07
195.201 1.59004e+07
195.301 1.58923e+07
195.401 1.5895e+07
195.501 1.58957e+07
195.601 1.58964e+07
195.701 1.58966e+07
195.801 1.58885e+07
195.901 1.58804e+07
196.001 1.58723e+07
196.101 1.58925e+07
196.201 1.58932e+07
196.301 1.58939e+07
196.401 1.5915e+07
196.501 1.59069e+07
196.601 1.58988e+07
196.701 1.5915e+07
196.801 1.59156e+07
196.901 1.59163e+07
197.001 1.5917e+07
197.101 1.59177e+07
197.201 1.59183e+07
197.301 1.59184e+07
197.401 1.59104e+07
197.501 1.59023e+07
197.601 1.58943e+07
197.701 1.58999e+07
197.801 1.59006e+07
197.901 1.59013e+07
198.001 1.58985e+07
198.101 1.58905e+07
198.201 1.59061e+07
198.301 1.58981e+07
198.401 1.58901e+07
198.501 1.58821e+07
198.601 1.58741e+07
198.701 1.58661e+07
198.801 1.58581e+07
198.901 1.58501e+07
199.001 1.58422e+07
199.101 1.58342e+07
199.201 1.58263e+07
199.301 1.58183e+07
199.401 1.58104e+07
199.501 1.58025e+07
199.601 1.57945e+07
199.701 1.57866e+07
199.801 1.57787e+07
199.901 1.57708e+07
200.001 1.57629e+07
