0.0400654 34000
0.0803209 34340
0.0806361 34680
0.0809513 35020
0.0812665 35360
0.0815817 35700
0.0818969 36040
0.0822121 36380
0.0825273 36720
0.0828425 37060
0.0831577 37400
0.0834729 37740
0.0837881 38080
0.0841033 38420
0.0844185 38760
0.0847337 39100
0.0850489 39440
0.0853641 39780
0.0856793 40120
0.0859945 40460
0.0863097 40800
0.0866249 41140
0.0869401 41480
0.0872553 41820
0.0875705 42160
0.0878857 42500
0.0882009 42840
0.0885161 43180
0.0888313 43520
0.0891465 43860
0.0894617 44200
0.0897769 44540
0.0900921 44880
0.0904073 45220
0.0907225 45560
0.0910377 45900
0.0913529 46240
0.0916681 46580
0.0919833 46920
0.0922985 47260
0.0926137 47600
0.0929289 47940
0.0932441 48280
0.0935593 48620
0.0938745 48960
0.0941897 49300
0.0945049 49640
0.0948201 49980
0.0951353 50320
0.0954505 50660
0.0957657 51000
0.120572 51340
0.120887 51680
0.121203 52020
0.121518 52360
0.121833 52700
0.122148 53040
0.122463 53380
0.122779 53720
0.123094 54060
0.123409 54400
0.123724 54740
0.124039 55080
0.124355 55420
0.12467 55760
0.124985 56100
0.1253 56440
0.125615 56780
0.125931 57120
0.126246 57460
0.126561 57800
0.126876 58140
0.127191 58480
0.127507 58820
0.127822 59160
0.128137 59500
0.128452 59840
0.128767 60180
0.129083 60520
0.129398 60860
0.129713 61200
0.130028 61540
0.130343 61880
0.130659 62220
0.130974 62560
0.131289 62900
0.131604 63240
0.131919 63580
0.132235 63920
0.13255 64260
0.132865 64600
0.13318 64940
0.133495 65280
0.133811 65620
0.134126 65960
0.134441 66300
0.134756 66640
0.135071 66980
0.135387 67320
0.135702 67660
0.136017 68000
0.136332 68340
0.136647 68680
0.136963 69020
0.137278 69360
0.137593 69700
0.137908 70040
0.138223 70380
0.138539 70720
0.138854 71060
0.139169 71400
0.139484 71740
0.139799 72080
0.140115 72420
0.14043 72760
0.140745 73100
0.14106 73440
0.141375 73780
0.141691 74120
0.142006 74460
0.142321 74800
0.142636 75140
0.142951 75480
0.143267 75820
0.143582 76160
0.143897 76500
0.160981 76840
0.161296 77180
0.161611 77520
0.161927 77860
0.162242 78200
0.162557 78540
0.162872 78880
0.163187 79220
0.163503 79560
0.163818 79900
0.164133 80240
0.164448 80580
0.164763 80920
0.165079 81260
0.165394 81600
0.165709 81940
0.166024 82280
0.166339 82620
0.166655 82960
0.16697 83300
0.167285 83640
0.1676 83980
0.167915 84320
0.168231 84660
0.168546 85000
0.168861 85340
0.169176 85680
0.169491 86020
0.169807 86360
0.170122 86700
0.170437 87040
0.170752 87380
0.171067 87720
0.171383 88060
0.171698 88400
0.172013 88740
0.172328 89080
0.172643 89420
0.172959 89760
0.173274 90100
0.173589 90440
0.173904 90780
0.174219 91120
0.174535 91460
0.17485 91800
0.175165 92140
0.17548 92480
0.175795 92820
0.176111 93160
0.176426 93500
0.176741 93840
0.177056 94180
0.177371 94520
0.177687 94860
0.178002 95200
0.178317 95540
0.178632 95880
0.178947 96220
0.179263 96560
0.179578 96900
0.179893 97240
0.180208 97580
0.180523 97920
0.180839 98260
0.181154 98600
0.181469 98940
0.181784 99280
0.182099 99620
0.182415 99960
0.18273 100300
0.183045 100640
0.18336 100980
0.183675 101320
0.183991 101660
0.184306 102000
0.184621 102340
0.184936 102680
0.185251 103020
0.185567 103360
0.185882 103700
0.186197 104040
0.186512 104380
0.186827 104720
0.187143 105060
0.187458 105400
0.187773 105740
0.188088 106080
0.188403 106420
0.188719 106760
0.189034 107100
0.189349 107440
0.189664 107780
0.189979 108120
0.190295 108460
0.19061 108800
0.190925 109140
0.19124 109480
0.191555 109820
0.191871 110160
0.192186 110500
0.192501 110840
0.192816 111180
0.193131 111520
0.193447 111860
0.193762 112200
0.194077 112540
0.194392 112880
0.194707 113220
0.195023 113560
0.195338 113900
0.195653 114240
0.195968 114580
0.201232 114920
0.201548 115260
0.201863 115600
0.202178 115940
0.202493 116280
0.202808 116620
0.203124 116960
0.203439 117300
0.203754 117640
0.204069 117980
0.204384 118320
0.2047 118660
0.205015 119000
0.20533 119340
0.205645 119680
0.20596 120020
0.206276 120360
0.206591 120700
0.206906 121040
0.207221 121380
0.207536 121720
0.207852 122060
0.208167 122400
0.208482 122740
0.208797 123080
0.209112 123420
0.209428 123760
0.209743 124100
0.210058 124440
0.210373 124780
0.210688 125120
0.211004 125460
0.211319 125800
0.211634 126140
0.211949 126480
0.212264 126820
0.21258 127160
0.212895 127500
0.21321 127840
0.213525 128180
0.21384 128520
0.214156 128860
0.214471 129200
0.214786 129540
0.215101 129880
0.215416 130220
0.215732 130560
0.216047 130900
0.216362 131240
0.216677 131580
0.216992 131920
0.217308 132260
0.217623 132600
0.217938 132940
0.218253 133280
0.218568 133620
0.218884 133960
0.219199 134300
0.219514 134640
0.219829 134980
0.220144 135320
0.22046 135660
0.220775 136000
0.22109 136340
0.221405 136680
0.22172 137020
0.222036 137360
0.222351 137700
0.222666 138040
0.222981 138380
0.223296 138720
0.223612 139060
0.223927 139400
0.224242 139740
0.224557 140080
0.224872 140420
0.225188 140760
0.225503 141100
0.225818 141440
0.226133 141780
0.226448 142120
0.226764 142460
0.227079 142800
0.227394 143140
0.227709 143480
0.228024 143820
0.22834 144160
0.228655 144500
0.22897 144840
0.229285 145180
0.2296 145520
0.229916 145860
0.230231 146200
0.230546 146540
0.230861 146880
0.231176 147220
0.231492 147560
0.231807 147900
0.232122 148240
0.232437 148580
0.232752 148920
0.233068 149260
0.233383 149600
0.233698 149940
0.234013 150280
0.234328 150620
0.234644 150960
0.234959 151300
0.235274 151640
0.235589 151980
0.235904 152320
0.23622 152660
0.236535 153000
0.23685 153340
0.237165 153680
0.23748 154020
0.237796 154360
0.238111 154700
0.238426 155040
0.238741 155380
0.239056 155720
0.239372 156060
0.239687 156400
0.240002 156740
0.240317 157080
0.240632 157420
0.240948 157760
0.241263 158100
0.241578 158440
0.241893 158780
0.242208 159120
0.242524 159460
0.242839 159800
0.243154 160140
0.243469 160480
0.243784 160820
0.2441 161160
0.244415 161500
0.24473 161840
0.245045 162180
0.24536 162520
0.245676 162860
0.245991 163200
0.246306 163540
0.246621 163880
0.246936 164220
0.247252 164560
0.247567 164900
0.247882 165240
0.248197 165580
0.248512 165920
0.248828 166260
0.249143 166600
0.249458 166940
0.249773 167280
0.250088 167620
0.250404 167960
0.250719 168300
0.251034 168640
0.251349 168980
0.251664 169320
0.25198 169660
0.252295 170000
0.25261 170340
0.252925 170680
0.25324 171020
0.253556 171360
0.253871 171700
0.254186 172040
0.254501 172380
0.254816 172720
0.255132 173060
0.255447 173400
0.255762 173740
0.256077 174080
0.256392 174420
0.256708 174760
0.257023 175100
0.257338 175440
0.257653 175780
0.257968 176120
0.258284 176460
0.258599 176800
0.258914 177140
0.259229 177480
0.259544 177820
0.25986 178160
0.260175 178500
0.26049 178840
0.260805 179180
0.26112 179520
0.261436 179860
0.261751 180200
0.262066 180540
0.262381 180880
0.262696 181220
0.263012 181560
0.263327 181900
0.263642 182240
0.263957 182580
0.264272 182920
0.264588 183260
0.264903 183600
0.265218 183940
0.265533 184280
0.265848 184620
0.266164 184960
0.266479 185300
0.266794 185640
0.267109 185980
0.267424 186320
0.26774 186660
0.268055 187000
0.26837 187340
0.268685 187680
0.269 188020
0.269316 188360
0.269631 188700
0.269946 189040
0.270261 189380
0.270576 189720
0.270892 190060
0.271207 190400
0.271522 190740
0.271837 191080
0.272152 191420
0.272468 191760
0.272783 192100
0.273098 192440
0.273413 192780
0.273728 193120
0.274044 193460
0.274359 193800
0.274674 194140
0.274989 194480
0.275304 194820
0.27562 195160
0.275935 195500
0.27625 195840
0.276565 196180
0.27688 196520
0.277196 196860
0.277511 197200
0.277826 197540
0.278141 197880
0.278456 198220
0.278772 198560
0.279087 198900
0.279402 199240
0.279717 199580
0.280032 199920
0.280348 200260
0.280663 200600
0.280978 200940
0.281293 201280
0.281608 201620
0.281924 201960
0.282239 202300
0.282554 202640
0.282869 202980
0.283184 203320
0.2835 203660
0.283815 204000
0.28413 204340
0.284445 204680
0.28476 205020
0.285076 205360
0.285391 205700
0.285706 206040
0.286021 206380
0.286336 206720
0.286652 207060
0.286967 207400
0.287282 207740
0.287597 208080
0.287912 208420
0.288228 208760
0.288543 209100
0.288858 209440
0.289173 209780
0.289488 210120
0.289804 210460
0.290119 210800
0.290434 211140
0.290749 211480
0.291064 211820
0.29138 212160
0.291695 212500
0.29201 212840
0.292325 213180
0.29264 213520
0.292956 213860
0.293271 214200
0.293586 214540
0.293901 214880
0.294216 215220
0.294532 215560
0.294847 215900
0.295162 216240
0.295477 216580
0.295792 216920
0.296108 217260
0.296423 217600
0.296738 217940
0.297053 218280
0.297368 218620
0.297684 218960
0.297999 219300
0.298314 219640
0.298629 219980
0.298944 220320
0.29926 220660
0.299575 221000
0.29989 221340
0.300205 221680
0.30052 222020
0.300836 222360
0.301151 222700
0.301466 223040
0.301781 223380
0.302096 223720
0.302412 224060
0.302727 224400
0.303042 224740
0.303357 225080
0.303672 225420
0.303988 225760
0.304303 226100
0.304618 226440
0.304933 226780
0.305248 227120
0.305564 227460
0.305879 227800
0.306194 228140
0.306509 228480
0.306824 228820
0.30714 229160
0.307455 229500
0.30777 229840
0.308085 230180
0.3084 230520
0.308716 230860
0.309031 231200
0.309346 231540
0.309661 231880
0.309976 232220
0.310292 232560
0.310607 232900
0.310922 233240
0.311237 233580
0.311552 233920
0.311868 234260
0.312183 234600
0.312498 234940
0.312813 235280
0.313128 235620
0.313444 235960
0.313759 236300
0.314074 236640
0.314389 236980
0.314704 237320
0.31502 237660
0.315335 238000
0.31565 238340
0.315965 238680
0.31628 239020
0.316596 239360
0.316911 239700
0.317226 240040
0.317541 240380
0.317856 240720
0.318172 241060
0.318487 241400
0.318802 241740
0.319117 242080
0.319432 242420
0.319748 242760
0.320063 243100
0.320378 243440
0.320693 243780
0.321008 244120
0.321324 244460
0.321639 244800
0.321954 245140
0.322269 245480
0.322584 245820
0.3229 246160
0.323215 246500
0.32353 246840
0.323845 247180
0.32416 247520
0.324476 247860
0.324791 248200
0.325106 248540
0.325421 248880
0.325736 249220
0.326052 249560
0.326367 249900
0.326682 250240
0.326997 250580
0.327312 250920
0.327628 251260
0.327943 251600
0.328258 251940
0.328573 252280
0.328888 252620
0.329204 252960
0.329519 253300
0.329834 253640
0.330149 253980
0.330464 254320
0.33078 254660
0.331095 255000
0.33141 255340
0.331725 255680
0.33204 256020
0.332356 256360
0.332671 256700
0.332986 257040
0.333301 257380
0.333616 257720
0.333932 258060
0.334247 258400
0.334562 258740
0.334877 259080
0.335192 259420
0.335508 259760
0.335823 260100
0.336138 260440
0.336453 260780
0.336768 261120
0.337084 261460
0.337399 261800
0.337714 262140
0.338029 262480
0.338344 262820
0.33866 263160
0.338975 263500
0.33929 263840
0.339605 264180
0.33992 264520
0.340236 264860
0.340551 265200
0.340866 265540
0.341181 265880
0.341496 266220
0.341812 266560
0.342127 266900
0.342442 267240
0.342757 267580
0.343072 267920
0.343388 268260
0.343703 268600
0.344018 268940
0.344333 269280
0.344648 269620
0.344964 269960
0.345279 270300
0.345594 270640
0.345909 270980
0.346224 271320
0.34654 271660
0.346855 272000
0.34717 272340
0.347485 272680
0.3478 273020
0.348116 273360
0.348431 273700
0.348746 274040
0.349061 274380
0.349376 274720
0.349692 275060
0.350007 275400
0.350322 275740
0.350637 276080
0.350952 276420
0.351268 276760
0.351583 277100
0.351898 277440
0.352213 277780
0.352528 278120
0.352844 278460
0.353159 278800
0.353474 279140
0.353789 279480
0.354104 279820
0.35442 280160
0.354735 280500
0.35505 280840
0.355365 281180
0.35568 281520
0.355996 281860
0.356311 282200
0.356626 282540
0.356941 282880
0.357256 283220
0.357572 283560
0.357887 283900
0.358202 284240
0.358517 284580
0.358832 284920
0.359148 285260
0.359463 285600
0.359778 285940
0.360093 286280
0.360408 286620
0.360724 286960
0.361039 287300
0.361354 287640
0.361669 287980
0.361984 288320
0.3623 288660
0.362615 289000
0.36293 289340
0.363245 289680
0.36356 290020
0.363876 290360
0.364191 290700
0.364506 291040
0.364821 291380
0.365136 291720
0.365452 292060
0.365767 292400
0.366082 292740
0.366397 293080
0.366712 293420
0.367028 293760
0.367343 294100
0.367658 294440
0.367973 294780
0.368288 295120
0.368604 295460
0.368919 295800
0.369234 296140
0.369549 296480
0.369864 296820
0.37018 297160
0.370495 297500
0.37081 297840
0.371125 298180
0.37144 298520
0.371756 298860
0.372071 299200
0.372386 299540
0.372701 299880
0.373016 300220
0.373332 300560
0.373647 300900
0.373962 301240
0.374277 301580
0.374592 301920
0.374908 302260
0.375223 302600
0.375538 302940
0.375853 303280
0.376168 303620
0.376484 303960
0.376799 304300
0.377114 304640
0.377429 304980
0.377744 305320
0.37806 305660
0.378375 306000
0.378852 244460
0.583583 195500
1.19129 156060
2.27702 340
2.27768 680
2.31794 1020
2.3181 1360
2.35821 1700
2.35868 2040
2.3991 2380
2.43935 2720
2.52001 3060
2.52033 3400
2.52064 3740
2.52096 4080
2.56042 4420
2.56074 4760
2.56105 5100
2.56137 5440
2.56168 5780
2.562 6120
2.60083 6460
2.60115 6800
2.60146 7140
2.60178 7480
2.60209 7820
2.60241 8160
2.60272 8500
2.60304 8840
2.60335 9180
2.64124 9520
2.64156 9860
2.64187 10200
2.64219 10540
2.6425 10880
2.64282 11220
2.64313 11560
2.64345 11900
2.64376 12240
2.64408 12580
2.64439 12920
2.64471 13260
2.64502 13600
2.68149 13940
2.68181 14280
2.68212 14620
2.68244 14960
2.68275 15300
2.68307 15640
2.68338 15980
2.6837 16320
2.68401 16660
2.68433 17000
2.68464 17340
2.68496 17680
2.68527 18020
2.68559 18360
2.6859 18700
2.68622 19040
2.68653 19380
2.68685 19720
2.68716 20060
2.68748 20400
2.7219 20740
2.72222 21080
2.72253 21420
2.72285 21760
2.72316 22100
2.72348 22440
2.72379 22780
2.72411 23120
2.72442 23460
2.72474 23800
2.72505 24140
2.72537 24480
2.72568 24820
2.726 25160
2.72631 25500
2.72663 25840
2.72694 26180
2.72726 26520
2.72757 26860
2.72789 27200
2.7282 27540
2.72852 27880
2.72883 28220
2.72915 28560
2.72946 28900
2.72978 29240
2.7301 29580
2.73041 29920
2.73073 30260
2.73104 30600
2.76231 30940
2.76262 31280
2.76294 31620
2.76325 31960
2.76357 32300
2.76389 32640
2.7642 32980
2.76452 33320
2.76483 33660
2.76515 34000
2.76546 34340
2.76578 34680
2.76609 35020
2.76641 35360
2.76672 35700
2.76704 36040
2.76735 36380
2.76767 36720
2.76798 37060
2.7683 37400
2.76861 37740
2.76893 38080
2.76924 38420
2.76956 38760
2.76987 39100
2.77019 39440
2.7705 39780
2.77082 40120
2.77113 40460
2.77145 40800
2.77177 41140
2.77208 41480
2.7724 41820
2.77271 42160
2.77303 42500
2.77334 42840
2.77366 43180
2.77397 43520
2.77429 43860
2.7746 44200
2.77492 44540
2.77523 44880
2.77555 45220
2.77586 45560
2.77618 45900
2.80272 46240
2.80303 46580
2.80335 46920
2.80366 47260
2.80398 47600
2.80429 47940
2.80461 48280
2.80492 48620
2.80524 48960
2.80555 49300
2.80587 49640
2.80619 49980
2.8065 50320
2.80682 50660
2.80713 51000
2.80745 51340
2.80776 51680
2.80808 52020
2.80839 52360
2.80871 52700
2.80902 53040
2.80934 53380
2.80965 53720
2.80997 54060
2.81028 54400
2.8106 54740
2.81091 55080
2.81123 55420
2.81154 55760
2.81186 56100
2.81217 56440
2.81249 56780
2.8128 57120
2.81312 57460
2.81343 57800
2.81375 58140
2.81407 58480
2.81438 58820
2.8147 59160
2.81501 59500
2.81533 59840
2.81564 60180
2.81596 60520
2.81627 60860
2.81659 61200
2.8169 61540
2.81722 61880
2.81753 62220
2.81785 62560
2.81816 62900
2.81848 63240
2.81879 63580
2.81911 63920
2.81942 64260
2.81974 64600
2.82005 64940
2.82037 65280
2.82068 65620
2.821 65960
2.82131 66300
2.82163 66640
2.82195 66980
2.82226 67320
2.82258 67660
2.82289 68000
2.82321 68340
2.82352 68680
2.84297 69020
2.84328 69360
2.8436 69700
2.84391 70040
2.84423 70380
2.84455 70720
2.84486 71060
2.84518 71400
2.84549 71740
2.84581 72080
2.84612 72420
2.84644 72760
2.84675 73100
2.84707 73440
2.84738 73780
2.8477 74120
2.84801 74460
2.84833 74800
2.84864 75140
2.84896 75480
2.84927 75820
2.84959 76160
2.8499 76500
2.85022 76840
2.85053 77180
2.85085 77520
2.85116 77860
2.85148 78200
2.85179 78540
2.85211 78880
2.85243 79220
2.85274 79560
2.85306 79900
2.85337 80240
2.85369 80580
2.854 80920
2.85432 81260
2.85463 81600
2.85495 81940
2.85526 82280
2.85558 82620
2.85589 82960
2.85621 83300
2.85652 83640
2.85684 83980
2.85715 84320
2.85747 84660
2.85778 85000
2.8581 85340
2.85841 85680
2.85873 86020
2.85904 86360
2.85936 86700
2.85967 87040
2.85999 87380
2.86031 87720
2.86062 88060
2.86094 88400
2.86125 88740
2.86157 89080
2.86188 89420
2.8622 89760
2.86251 90100
2.86283 90440
2.86314 90780
2.86346 91120
2.86377 91460
2.86409 91800
2.8644 92140
2.86472 92480
2.86503 92820
2.86535 93160
2.86566 93500
2.86598 93840
2.86629 94180
2.86661 94520
2.86692 94860
2.86724 95200
2.86755 95540
2.86787 95880
2.86819 96220
2.8685 96560
2.86882 96900
2.86913 97240
2.86945 97580
2.86976 97920
2.87008 98260
2.87039 98600
2.87071 98940
2.87102 99280
2.87134 99620
2.87165 99960
2.87197 100300
2.87228 100640
2.8726 100980
2.87291 101320
2.87323 101660
2.87354 102000
2.87386 102340
2.87417 102680
2.87449 103020
2.88338 103360
2.88369 103700
2.88401 104040
2.88432 104380
2.88464 104720
2.88495 105060
2.88527 105400
2.88558 105740
2.8859 106080
2.88621 106420
2.88653 106760
2.88685 107100
2.88716 107440
2.88748 107780
2.88779 108120
2.88811 108460
2.88842 108800
2.88874 109140
2.88905 109480
2.88937 109820
2.88968 110160
2.89 110500
2.89031 110840
2.89063 111180
2.89094 111520
2.89126 111860
2.89157 112200
2.89189 112540
2.8922 112880
2.89252 113220
2.89283 113560
2.89315 113900
2.89346 114240
2.89378 114580
2.89409 114920
2.89441 115260
2.89473 115600
2.89504 115940
2.89536 116280
2.89567 116620
2.89599 116960
2.8963 117300
2.89662 117640
2.89693 117980
2.89725 118320
2.89756 118660
2.89788 119000
2.89819 119340
2.89851 119680
2.89882 120020
2.89914 120360
2.89945 120700
2.89977 121040
2.90008 121380
2.9004 121720
2.90071 122060
2.90103 122400
2.90134 122740
2.90166 123080
2.90197 123420
2.90229 123760
2.90261 124100
2.90292 124440
2.90324 124780
2.90387 125120
2.90544 125460
2.90702 125800
2.90859 126140
2.91017 126480
2.91175 126820
2.91332 127160
2.9149 127500
2.91679 127840
2.91868 128180
2.92057 128520
2.92246 128860
2.92435 129200
2.92625 129540
2.92845 129880
2.93066 130220
2.93286 130560
2.93507 130900
2.93759 131240
2.94011 131580
2.94264 131920
2.94516 132260
2.94799 132600
2.95083 132940
2.95367 133280
2.95682 133620
2.95997 133960
2.96344 134300
2.96691 134640
2.97069 134980
2.97479 135320
2.9792 135660
2.98361 136000
2.98834 136340
2.99338 136680
2.99874 137020
3.00473 137360
3.01135 137700
3.0186 138040
3.02585 138380
3.03404 138720
3.0435 139060
3.05453 139400
3.06556 139740
3.0788 140080
3.09519 140420
3.1067 112200
3.22111 112540
3.22269 112880
3.22442 113220
3.226 113560
3.22758 113900
3.22915 114240
3.23073 114580
3.2323 114920
3.2342 115260
3.23609 115600
3.23798 115940
3.23987 116280
3.24176 116620
3.24365 116960
3.24586 117300
3.24806 117640
3.25043 117980
3.25263 118320
3.25516 118660
3.25768 119000
3.2602 119340
3.26319 119680
3.26603 120020
3.26918 120360
3.27233 120700
3.27549 121040
3.27895 121380
3.28274 121720
3.28652 122060
3.29062 122400
3.29503 122740
3.30007 123080
3.30543 123420
3.31142 123760
3.31741 124100
3.32403 124440
3.33128 124780
3.33979 125120
3.34956 125460
3.35933 125800
3.37131 126140
3.38612 126480
3.40598 126820
3.42584 127160
3.45547 127500
3.48509 127840
3.51504 128180
3.54498 128520
3.57713 128860
3.60928 129200
3.66949 129540
3.70101 129880
3.76153 130220
3.79305 130560
3.85388 130900
3.88603 131240
3.94718 131580
4.00833 131920
4.04016 132260
4.10163 132600
4.16341 132940
4.20171 106080
4.26868 106420
4.27026 106760
4.27183 107100
4.27341 107440
4.27499 107780
4.27656 108120
4.27814 108460
4.27971 108800
4.28161 109140
4.2835 109480
4.28539 109820
4.28728 110160
4.28917 110500
4.29138 110840
4.29358 111180
4.29579 111520
4.298 111860
4.3002 112200
4.30272 112540
4.30525 112880
4.30777 113220
4.3106 113560
4.31344 113900
4.31659 114240
4.31974 114580
4.32321 114920
4.32699 115260
4.33109 115600
4.3355 115940
4.34023 116280
4.34496 116620
4.35 116960
4.35568 117300
4.36198 117640
4.36892 117980
4.3768 118320
4.38468 118660
4.39413 119000
4.40548 119340
4.41935 119680
4.43353 120020
4.45213 120360
4.48018 120700
4.50823 121040
4.5366 121380
4.56812 121720
4.60027 122060
4.65701 122400
4.68916 122740
4.74621 123080
4.80358 123420
4.8351 123760
4.89278 124100
4.95046 124440
5.00846 124780
5.04029 125120
5.0986 125460
5.15692 125800
5.21554 126140
5.27417 126480
5.33311 126820
5.39205 127160
5.45131 127500
5.51057 127840
5.57424 128180
5.63823 128520
5.73405 128860
5.79803 129200
5.89417 129540
5.9903 129880
6.08613 130220
6.2141 130560
6.31023 130900
6.4382 131240
6.59801 131580
6.75813 131920
6.95009 132260
7.11163 105740
7.17278 106080
7.17435 106420
7.17593 106760
7.17751 107100
7.17908 107440
7.18066 107780
7.18223 108120
7.18381 108460
7.18539 108800
7.18728 109140
7.18917 109480
7.19106 109820
7.19295 110160
7.19516 110500
7.19736 110840
7.19957 111180
7.20178 111520
7.2043 111860
7.20682 112200
7.20934 112540
7.21218 112880
7.21501 113220
7.21817 113560
7.22132 113900
7.22447 114240
7.22794 114580
7.23172 114920
7.23582 115260
7.24023 115600
7.24496 115940
7.25 116280
7.25567 116620
7.26198 116960
7.26828 117300
7.27522 117640
7.2831 117980
7.29224 118320
7.30327 118660
7.3143 119000
7.32817 119340
7.34677 119680
7.36536 120020
7.39342 120360
7.42147 120700
7.45331 121040
7.48514 121380
7.51729 121720
7.57403 122060
7.63076 122400
7.66323 122740
7.72028 123080
7.77765 123420
7.83501 123760
7.86716 124100
7.92484 124440
7.98284 124780
8.04084 125120
8.09915 125460
8.15746 125800
8.21609 126140
8.27472 126480
8.33366 126820
8.3926 127160
8.45627 127500
8.52026 127840
8.61608 128180
8.68006 128520
8.7762 128860
8.87202 129200
8.96816 129540
9.09613 129880
9.19226 130220
9.32023 130560
9.48004 130900
9.64016 131240
9.83212 131580
10.0881 131920
10.4401 132260
10.6017 105740
10.6628 106080
10.6644 106420
10.666 106760
10.6676 107100
10.6691 107440
10.6707 107780
10.6723 108120
10.6739 108460
10.6754 108800
10.6773 109140
10.6792 109480
10.6811 109820
10.683 110160
10.6852 110500
10.6874 110840
10.6896 111180
10.6918 111520
10.6943 111860
10.6969 112200
10.6994 112540
10.7022 112880
10.7051 113220
10.7082 113560
10.7114 113900
10.7145 114240
10.718 114580
10.7218 114920
10.7259 115260
10.7303 115600
10.735 115940
10.7401 116280
10.7457 116620
10.752 116960
10.7583 117300
10.7653 117640
10.7731 117980
10.7823 118320
10.7933 118660
10.8044 119000
10.8182 119340
10.8368 119680
10.8554 120020
10.8835 120360
10.9115 120700
10.943 121040
10.9752 121380
11.007 121720
11.0638 122060
11.1205 122400
11.152 122740
11.2091 123080
11.2664 123420
11.3238 123760
11.3563 124100
11.414 124440
11.4719 124780
11.5299 125120
11.5883 125460
11.6466 125800
11.7052 126140
11.7638 126480
11.8228 126820
11.8817 127160
11.946 127500
12.0103 127840
12.1061 128180
12.1701 128520
12.2663 128860
12.3621 129200
12.4582 129540
12.5862 129880
12.682 130220
12.8103 130560
12.9701 130900
13.1302 131240
13.3222 131580
13.5781 131920
13.9302 132260
14.0917 105740
14.1529 106080
14.1545 106420
14.156 106760
14.1576 107100
14.1592 107440
14.1608 107780
14.1623 108120
14.1639 108460
14.1655 108800
14.1674 109140
14.1693 109480
14.1712 109820
14.1731 110160
14.1753 110500
14.1775 110840
14.1797 111180
14.1819 111520
14.1844 111860
14.1869 112200
14.1894 112540
14.1923 112880
14.1951 113220
14.1983 113560
14.2014 113900
14.2046 114240
14.208 114580
14.2118 114920
14.2159 115260
14.2203 115600
14.2251 115940
14.2301 116280
14.2358 116620
14.2421 116960
14.2484 117300
14.2553 117640
14.2632 117980
14.2723 118320
14.2834 118660
14.2944 119000
14.3083 119340
14.3269 119680
14.3455 120020
14.3735 120360
14.4016 120700
14.4331 121040
14.4652 121380
14.4971 121720
14.5538 122060
14.6106 122400
14.6421 122740
14.6991 123080
14.7565 123420
14.8139 123760
14.846 124100
14.9037 124440
14.9617 124780
15.0197 125120
15.078 125460
15.1363 125800
15.1949 126140
15.2536 126480
15.3125 126820
15.3714 127160
15.4351 127500
15.4991 127840
15.5952 128180
15.6592 128520
15.755 128860
15.8512 129200
15.9473 129540
16.0753 129880
16.1711 130220
16.2991 130560
16.4592 130900
16.619 131240
16.8113 131580
17.0672 131920
17.4193 132260
17.5808 105740
17.642 106080
17.6436 106420
17.6451 106760
17.6467 107100
17.6483 107440
17.6499 107780
17.6514 108120
17.653 108460
17.6546 108800
17.6565 109140
17.6584 109480
17.6603 109820
17.6622 110160
17.6644 110500
17.6666 110840
17.6688 111180
17.671 111520
17.6735 111860
17.676 112200
17.6786 112540
17.6814 112880
17.6842 113220
17.6874 113560
17.6905 113900
17.6937 114240
17.6971 114580
17.7009 114920
17.705 115260
17.7094 115600
17.7142 115940
17.7192 116280
17.7249 116620
17.7312 116960
17.7375 117300
17.7444 117640
17.7523 117980
17.7614 118320
17.7725 118660
17.7835 119000
17.7974 119340
17.816 119680
17.8346 120020
17.8626 120360
17.8907 120700
17.9222 121040
17.954 121380
17.9862 121720
18.0429 122060
18.0997 122400
18.1312 122740
18.1882 123080
18.2456 123420
18.303 123760
18.3351 124100
18.3928 124440
18.4508 124780
18.5088 125120
18.5671 125460
18.6254 125800
18.684 126140
18.7427 126480
18.8016 126820
18.8606 127160
18.9242 127500
18.9882 127840
19.084 128180
19.148 128520
19.2441 128860
19.3403 129200
19.4361 129540
19.5641 129880
19.6602 130220
19.7882 130560
19.9483 130900
20.1081 131240
20.3001 131580
20.556 131920
20.9081 132260
21.0696 105740
21.1308 106080
21.1324 106420
21.1339 106760
21.1355 107100
21.1371 107440
21.1387 107780
21.1402 108120
21.1418 108460
21.1434 108800
21.1453 109140
21.1472 109480
21.1491 109820
21.151 110160
21.1532 110500
21.1554 110840
21.1576 111180
21.1598 111520
21.1623 111860
21.1648 112200
21.1673 112540
21.1702 112880
21.173 113220
21.1762 113560
21.1793 113900
21.1825 114240
21.1859 114580
21.1897 114920
21.1938 115260
21.1982 115600
21.203 115940
21.208 116280
21.2137 116620
21.22 116960
21.2263 117300
21.2332 117640
21.2411 117980
21.2502 118320
21.2613 118660
21.2723 119000
21.2862 119340
21.3048 119680
21.3234 120020
21.3514 120360
21.3795 120700
21.4113 121040
21.4431 121380
21.4753 121720
21.532 122060
21.5888 122400
21.6212 122740
21.6783 123080
21.7356 123420
21.793 123760
21.8252 124100
21.8828 124440
21.9408 124780
21.9988 125120
22.0572 125460
22.1155 125800
22.1741 126140
22.2327 126480
22.2917 126820
22.3506 127160
22.4143 127500
22.4783 127840
22.5741 128180
22.6381 128520
22.7342 128860
22.83 129200
22.9262 129540
23.0541 129880
23.1503 130220
23.2782 130560
23.438 130900
23.5982 131240
23.7901 131580
24.0461 131920
24.3981 132260
24.5597 105740
24.6208 106080
24.6224 106420
24.624 106760
24.6256 107100
24.6271 107440
24.6287 107780
24.6303 108120
24.6319 108460
24.6334 108800
24.6353 109140
24.6372 109480
24.6391 109820
24.641 110160
24.6432 110500
24.6454 110840
24.6476 111180
24.6498 111520
24.6524 111860
24.6549 112200
24.6574 112540
24.6602 112880
24.6631 113220
24.6662 113560
24.6694 113900
24.6725 114240
24.676 114580
24.6798 114920
24.6839 115260
24.6883 115600
24.693 115940
24.6981 116280
24.7037 116620
24.71 116960
24.7163 117300
24.7233 117640
24.7312 117980
24.7403 118320
24.7513 118660
24.7624 119000
24.7762 119340
24.7948 119680
24.8134 120020
24.8415 120360
24.8695 120700
24.901 121040
24.9332 121380
24.965 121720
25.0218 122060
25.0785 122400
25.11 122740
25.1671 123080
25.2244 123420
25.2818 123760
25.3143 124100
25.372 124440
25.4299 124780
25.4879 125120
25.5463 125460
25.6046 125800
25.6632 126140
25.7218 126480
25.7808 126820
25.8397 127160
25.904 127500
25.9683 127840
26.0641 128180
26.1281 128520
26.2243 128860
26.3201 129200
26.4162 129540
26.5442 129880
26.64 130220
26.7683 130560
26.9281 130900
27.0882 131240
27.2802 131580
27.5361 131920
27.8882 132260
28.0497 105740
28.1109 106080
28.1125 106420
28.114 106760
28.1156 107100
28.1172 107440
28.1188 107780
28.1203 108120
28.1219 108460
28.1235 108800
28.1254 109140
28.1273 109480
28.1292 109820
28.1311 110160
28.1333 110500
28.1355 110840
28.1377 111180
28.1399 111520
28.1424 111860
28.1449 112200
28.1474 112540
28.1503 112880
28.1531 113220
28.1563 113560
28.1594 113900
28.1626 114240
28.166 114580
28.1698 114920
28.1739 115260
28.1783 115600
28.1831 115940
28.1881 116280
28.1938 116620
28.2001 116960
28.2064 117300
28.2133 117640
28.2212 117980
28.2303 118320
28.2414 118660
28.2524 119000
28.2663 119340
28.2849 119680
28.3035 120020
28.3315 120360
28.3596 120700
28.3911 121040
28.4232 121380
28.4551 121720
28.5118 122060
28.5686 122400
28.6001 122740
28.6571 123080
28.7145 123420
28.7719 123760
28.804 124100
28.8617 124440
28.9197 124780
28.9777 125120
29.036 125460
29.0943 125800
29.1529 126140
29.2116 126480
29.2705 126820
29.3294 127160
29.3931 127500
29.4571 127840
29.5532 128180
29.6172 128520
29.713 128860
29.8092 129200
29.905 129540
30.0333 129880
30.1291 130220
30.2571 130560
30.4172 130900
30.577 131240
30.7693 131580
31.0252 131920
31.3773 132260
31.5388 105740
31.6 106080
31.6016 106420
31.6031 106760
31.6047 107100
31.6063 107440
31.6079 107780
31.6094 108120
31.611 108460
31.6126 108800
31.6145 109140
31.6164 109480
31.6183 109820
31.6202 110160
31.6224 110500
31.6246 110840
31.6268 111180
31.629 111520
31.6315 111860
31.634 112200
31.6366 112540
31.6394 112880
31.6422 113220
31.6454 113560
31.6485 113900
31.6517 114240
31.6551 114580
31.6589 114920
31.663 115260
31.6674 115600
31.6722 115940
31.6772 116280
31.6829 116620
31.6892 116960
31.6955 117300
31.7024 117640
31.7103 117980
31.7195 118320
31.7305 118660
31.7415 119000
31.7554 119340
31.774 119680
31.7926 120020
31.8206 120360
31.8487 120700
31.8802 121040
31.912 121380
31.9442 121720
32.0009 122060
32.0577 122400
32.0892 122740
32.1462 123080
32.2036 123420
32.261 123760
32.2931 124100
32.3508 124440
32.4088 124780
32.4668 125120
32.5251 125460
32.5834 125800
32.642 126140
32.7007 126480
32.7596 126820
32.8186 127160
32.8822 127500
32.9462 127840
33.042 128180
33.106 128520
33.2022 128860
33.2983 129200
33.3941 129540
33.5221 129880
33.6182 130220
33.7462 130560
33.9063 130900
34.0661 131240
34.2581 131580
34.514 131920
34.8661 132260
35.0276 105740
35.0888 106080
35.0904 106420
35.0919 106760
35.0935 107100
35.0951 107440
35.0967 107780
35.0982 108120
35.0998 108460
35.1014 108800
35.1033 109140
35.1052 109480
35.1071 109820
35.109 110160
35.1112 110500
35.1134 110840
35.1156 111180
35.1178 111520
35.1203 111860
35.1228 112200
35.1253 112540
35.1282 112880
35.131 113220
35.1342 113560
35.1373 113900
35.1405 114240
35.1439 114580
35.1477 114920
35.1518 115260
35.1562 115600
35.161 115940
35.166 116280
35.1717 116620
35.178 116960
35.1843 117300
35.1912 117640
35.1991 117980
35.2082 118320
35.2193 118660
35.2303 119000
35.2442 119340
35.2628 119680
35.2814 120020
35.3094 120360
35.3375 120700
35.3693 121040
35.4011 121380
35.4333 121720
35.49 122060
35.5468 122400
35.5792 122740
35.6363 123080
35.6936 123420
35.751 123760
35.7832 124100
35.8408 124440
35.8988 124780
35.9568 125120
36.0152 125460
36.0735 125800
36.1321 126140
36.1907 126480
36.2497 126820
36.3086 127160
36.3723 127500
36.4363 127840
36.5321 128180
36.5961 128520
36.6922 128860
36.788 129200
36.8842 129540
37.0121 129880
37.1083 130220
37.2362 130560
37.396 130900
37.5562 131240
37.7481 131580
38.0041 131920
38.3561 132260
38.5177 105740
38.5788 106080
38.5804 106420
38.582 106760
38.5836 107100
38.5851 107440
38.5867 107780
38.5883 108120
38.5899 108460
38.5914 108800
38.5933 109140
38.5952 109480
38.5971 109820
38.599 110160
38.6012 110500
38.6034 110840
38.6056 111180
38.6078 111520
38.6104 111860
38.6129 112200
38.6154 112540
38.6182 112880
38.6211 113220
38.6242 113560
38.6274 113900
38.6305 114240
38.634 114580
38.6378 114920
38.6419 115260
38.6463 115600
38.651 115940
38.6561 116280
38.6617 116620
38.668 116960
38.6743 117300
38.6813 117640
38.6892 117980
38.6983 118320
38.7093 118660
38.7204 119000
38.7342 119340
38.7528 119680
38.7714 120020
38.7995 120360
38.8275 120700
38.859 121040
38.8912 121380
38.923 121720
38.9798 122060
39.0365 122400
39.068 122740
39.1251 123080
39.1824 123420
39.2398 123760
39.2723 124100
39.33 124440
39.388 124780
39.4459 125120
39.5043 125460
39.5626 125800
39.6212 126140
39.6798 126480
39.7388 126820
39.7977 127160
39.862 127500
39.9263 127840
40.0221 128180
40.0861 128520
40.1823 128860
40.2781 129200
40.3742 129540
40.5022 129880
40.598 130220
40.7263 130560
40.8861 130900
41.0462 131240
41.2382 131580
41.4941 131920
41.8462 132260
42.0077 105740
42.0689 106080
42.0705 106420
42.072 106760
42.0736 107100
42.0752 107440
42.0768 107780
42.0783 108120
42.0799 108460
42.0815 108800
42.0834 109140
42.0853 109480
42.0872 109820
42.0891 110160
42.0913 110500
42.0935 110840
42.0957 111180
42.0979 111520
42.1004 111860
42.1029 112200
42.1054 112540
42.1083 112880
42.1111 113220
42.1143 113560
42.1174 113900
42.1206 114240
42.124 114580
42.1278 114920
42.1319 115260
42.1363 115600
42.1411 115940
42.1461 116280
42.1518 116620
42.1581 116960
42.1644 117300
42.1713 117640
42.1792 117980
42.1883 118320
42.1994 118660
42.2104 119000
42.2243 119340
42.2429 119680
42.2615 120020
42.2895 120360
42.3176 120700
42.3491 121040
42.3812 121380
42.4131 121720
42.4698 122060
42.5266 122400
42.5581 122740
42.6151 123080
42.6725 123420
42.7299 123760
42.762 124100
42.8197 124440
42.8777 124780
42.9357 125120
42.994 125460
43.0523 125800
43.1109 126140
43.1696 126480
43.2285 126820
43.2874 127160
43.3511 127500
43.4151 127840
43.5112 128180
43.5752 128520
43.671 128860
43.7672 129200
43.863 129540
43.9913 129880
44.0871 130220
44.2151 130560
44.3752 130900
44.535 131240
44.7273 131580
44.9832 131920
45.3353 132260
45.4968 105740
45.558 106080
45.5596 106420
45.5611 106760
45.5627 107100
45.5643 107440
45.5659 107780
45.5674 108120
45.569 108460
45.5706 108800
45.5725 109140
45.5744 109480
45.5763 109820
45.5782 110160
45.5804 110500
45.5826 110840
45.5848 111180
45.587 111520
45.5895 111860
45.592 112200
45.5946 112540
45.5974 112880
45.6002 113220
45.6034 113560
45.6065 113900
45.6097 114240
45.6132 114580
45.6169 114920
45.621 115260
45.6254 115600
45.6302 115940
45.6352 116280
45.6409 116620
45.6472 116960
45.6535 117300
45.6604 117640
45.6683 117980
45.6775 118320
45.6885 118660
45.6995 119000
45.7134 119340
45.732 119680
45.7506 120020
45.7786 120360
45.8067 120700
45.8382 121040
45.87 121380
45.9022 121720
45.9589 122060
46.0157 122400
46.0472 122740
46.1042 123080
46.1616 123420
46.219 123760
46.2511 124100
46.3088 124440
46.3668 124780
46.4248 125120
46.4831 125460
46.5414 125800
46.6 126140
46.6587 126480
46.7176 126820
46.7766 127160
46.8402 127500
46.9042 127840
47 128180
47.064 128520
47.1602 128860
47.2563 129200
47.3521 129540
47.4801 129880
47.5762 130220
47.7042 130560
47.8643 130900
48.0241 131240
48.2161 131580
48.472 131920
48.8241 132260
48.9856 105740
49.0468 106080
49.0484 106420
49.0499 106760
49.0515 107100
49.0531 107440
49.0547 107780
49.0562 108120
49.0578 108460
49.0594 108800
49.0613 109140
49.0632 109480
49.0651 109820
49.067 110160
49.0692 110500
49.0714 110840
49.0736 111180
49.0758 111520
49.0783 111860
49.0808 112200
49.0833 112540
49.0862 112880
49.089 113220
49.0922 113560
49.0953 113900
49.0985 114240
49.1019 114580
49.1057 114920
49.1098 115260
49.1142 115600
49.119 115940
49.124 116280
49.1297 116620
49.136 116960
49.1423 117300
49.1492 117640
49.1571 117980
49.1662 118320
49.1773 118660
49.1883 119000
49.2022 119340
49.2208 119680
49.2394 120020
49.2674 120360
49.2955 120700
49.3273 121040
49.3591 121380
49.3913 121720
49.448 122060
49.5048 122400
49.5372 122740
49.5943 123080
49.6517 123420
49.709 123760
49.7412 124100
49.7988 124440
49.8568 124780
49.9148 125120
49.9732 125460
50.0315 125800
50.0901 126140
50.1487 126480
50.2077 126820
50.2666 127160
50.3303 127500
50.3943 127840
50.4901 128180
50.5541 128520
50.6502 128860
50.746 129200
50.8422 129540
50.9701 129880
51.0663 130220
51.1942 130560
51.354 130900
51.5142 131240
51.7061 131580
51.9621 131920
52.3141 132260
52.4757 105740
52.5368 106080
52.5384 106420
52.54 106760
52.5416 107100
52.5431 107440
52.5447 107780
52.5463 108120
52.5479 108460
52.5494 108800
52.5513 109140
52.5532 109480
52.5551 109820
52.557 110160
52.5592 110500
52.5614 110840
52.5636 111180
52.5658 111520
52.5684 111860
52.5709 112200
52.5734 112540
52.5762 112880
52.5791 113220
52.5822 113560
52.5854 113900
52.5885 114240
52.592 114580
52.5958 114920
52.5999 115260
52.6043 115600
52.609 115940
52.6141 116280
52.6197 116620
52.626 116960
52.6323 117300
52.6393 117640
52.6472 117980
52.6563 118320
52.6673 118660
52.6784 119000
52.6922 119340
52.7108 119680
52.7294 120020
52.7575 120360
52.7855 120700
52.817 121040
52.8492 121380
52.881 121720
52.9378 122060
52.9945 122400
53.026 122740
53.0831 123080
53.1404 123420
53.1978 123760
53.2303 124100
53.288 124440
53.346 124780
53.4039 125120
53.4623 125460
53.5206 125800
53.5792 126140
53.6378 126480
53.6968 126820
53.7557 127160
53.82 127500
53.8843 127840
53.9801 128180
54.0441 128520
54.1403 128860
54.2361 129200
54.3322 129540
54.4602 129880
54.556 130220
54.6843 130560
54.8441 130900
55.0042 131240
55.1962 131580
55.4521 131920
55.8042 132260
55.9657 105740
56.0269 106080
56.0285 106420
56.03 106760
56.0316 107100
56.0332 107440
56.0348 107780
56.0363 108120
56.0379 108460
56.0395 108800
56.0414 109140
56.0433 109480
56.0452 109820
56.0471 110160
56.0493 110500
56.0515 110840
56.0537 111180
56.0559 111520
56.0584 111860
56.0609 112200
56.0634 112540
56.0663 112880
56.0691 113220
56.0723 113560
56.0754 113900
56.0786 114240
56.082 114580
56.0858 114920
56.0899 115260
56.0943 115600
56.0991 115940
56.1041 116280
56.1098 116620
56.1161 116960
56.1224 117300
56.1293 117640
56.1372 117980
56.1463 118320
56.1574 118660
56.1684 119000
56.1823 119340
56.2009 119680
56.2195 120020
56.2475 120360
56.2756 120700
56.3071 121040
56.3392 121380
56.3711 121720
56.4278 122060
56.4846 122400
56.5161 122740
56.5731 123080
56.6305 123420
56.6879 123760
56.72 124100
56.7777 124440
56.8357 124780
56.8937 125120
56.952 125460
57.0103 125800
57.0689 126140
57.1276 126480
57.1865 126820
57.2454 127160
57.3091 127500
57.3731 127840
57.4692 128180
57.5332 128520
57.629 128860
57.7252 129200
57.821 129540
57.9493 129880
58.0451 130220
58.1731 130560
58.3332 130900
58.493 131240
58.6853 131580
58.9412 131920
59.2933 132260
59.4548 105740
59.516 106080
59.5176 106420
59.5191 106760
59.5207 107100
59.5223 107440
59.5239 107780
59.5254 108120
59.527 108460
59.5286 108800
59.5305 109140
59.5324 109480
59.5343 109820
59.5362 110160
59.5384 110500
59.5406 110840
59.5428 111180
59.545 111520
59.5475 111860
59.55 112200
59.5526 112540
59.5554 112880
59.5582 113220
59.5614 113560
59.5645 113900
59.5677 114240
59.5712 114580
59.5749 114920
59.579 115260
59.5834 115600
59.5882 115940
59.5932 116280
59.5989 116620
59.6052 116960
59.6115 117300
59.6184 117640
59.6263 117980
59.6355 118320
59.6465 118660
59.6575 119000
59.6714 119340
59.69 119680
59.7086 120020
59.7366 120360
59.7647 120700
59.7972 121040
59.8293 121380
59.8611 121720
59.9179 122060
59.9746 122400
60.0061 122740
60.0632 123080
60.1205 123420
60.1779 123760
60.2101 124100
60.2677 124440
60.3257 124780
60.3837 125120
60.4421 125460
60.5004 125800
60.559 126140
60.6176 126480
60.6766 126820
60.7355 127160
60.7992 127500
60.8632 127840
60.9593 128180
61.0233 128520
61.1191 128860
61.2152 129200
61.3111 129540
61.439 129880
61.5352 130220
61.6631 130560
61.8233 130900
61.9831 131240
62.175 131580
62.4313 131920
62.783 132260
62.9446 105740
63.0057 106080
63.0073 106420
63.0089 106760
63.0105 107100
63.012 107440
63.0136 107780
63.0152 108120
63.0168 108460
63.0183 108800
63.0202 109140
63.0221 109480
63.024 109820
63.0259 110160
63.0281 110500
63.0303 110840
63.0325 111180
63.0347 111520
63.0372 111860
63.0398 112200
63.0423 112540
63.0451 112880
63.048 113220
63.0511 113560
63.0543 113900
63.0574 114240
63.0609 114580
63.0647 114920
63.0688 115260
63.0732 115600
63.0779 115940
63.083 116280
63.0886 116620
63.0949 116960
63.1012 117300
63.1082 117640
63.116 117980
63.1252 118320
63.1362 118660
63.1473 119000
63.1611 119340
63.1797 119680
63.1983 120020
63.2264 120360
63.2544 120700
63.2863 121040
63.3181 121380
63.3502 121720
63.407 122060
63.4637 122400
63.4962 122740
63.5532 123080
63.6106 123420
63.668 123760
63.7001 124100
63.7578 124440
63.8158 124780
63.8738 125120
63.9321 125460
63.9904 125800
64.049 126140
64.1077 126480
64.1666 126820
64.2256 127160
64.2892 127500
64.3532 127840
64.449 128180
64.513 128520
64.6092 128860
64.7053 129200
64.8011 129540
64.9291 129880
65.0252 130220
65.1532 130560
65.3133 130900
65.4731 131240
65.6651 131580
65.921 131920
66.2731 132260
66.4346 105740
66.4958 106080
66.4974 106420
66.4989 106760
66.5005 107100
66.5021 107440
66.5037 107780
66.5052 108120
66.5068 108460
66.5084 108800
66.5103 109140
66.5122 109480
66.5141 109820
66.516 110160
66.5182 110500
66.5204 110840
66.5226 111180
66.5248 111520
66.5273 111860
66.5298 112200
66.5323 112540
66.5352 112880
66.538 113220
66.5412 113560
66.5443 113900
66.5475 114240
66.5509 114580
66.5547 114920
66.5588 115260
66.5632 115600
66.568 115940
66.573 116280
66.5787 116620
66.585 116960
66.5913 117300
66.5982 117640
66.6061 117980
66.6152 118320
66.6263 118660
66.6373 119000
66.6512 119340
66.6698 119680
66.6884 120020
66.7164 120360
66.7445 120700
66.7763 121040
66.8081 121380
66.8403 121720
66.897 122060
66.9538 122400
66.9862 122740
67.0433 123080
67.1007 123420
67.158 123760
67.1902 124100
67.2478 124440
67.3058 124780
67.3638 125120
67.4222 125460
67.4805 125800
67.5391 126140
67.5977 126480
67.6567 126820
67.7156 127160
67.7793 127500
67.8433 127840
67.9391 128180
68.0031 128520
68.0992 128860
68.195 129200
68.2912 129540
68.4191 129880
68.5153 130220
68.6432 130560
68.803 130900
68.9632 131240
69.1551 131580
69.4111 131920
69.7631 132260
69.9247 105740
69.9858 106080
69.9874 106420
69.989 106760
69.9906 107100
69.9921 107440
69.9937 107780
69.9953 108120
69.9969 108460
69.9984 108800
70.0003 109140
70.0022 109480
70.0041 109820
70.006 110160
70.0082 110500
70.0104 110840
70.0126 111180
70.0148 111520
70.0174 111860
70.0199 112200
70.0224 112540
70.0252 112880
70.0281 113220
70.0312 113560
70.0344 113900
70.0375 114240
70.041 114580
70.0448 114920
70.0489 115260
70.0533 115600
70.058 115940
70.0631 116280
70.0687 116620
70.075 116960
70.0813 117300
70.0883 117640
70.0962 117980
70.1053 118320
70.1163 118660
70.1274 119000
70.1412 119340
70.1598 119680
70.1784 120020
70.2065 120360
70.2345 120700
70.266 121040
70.2982 121380
70.33 121720
70.3868 122060
70.4435 122400
70.475 122740
70.5321 123080
70.5894 123420
70.6468 123760
70.6793 124100
70.737 124440
70.795 124780
70.8529 125120
70.9113 125460
70.9696 125800
71.0282 126140
71.0868 126480
71.1458 126820
71.2047 127160
71.269 127500
71.3333 127840
71.4291 128180
71.4931 128520
71.5893 128860
71.6851 129200
71.7812 129540
71.9092 129880
72.005 130220
72.1333 130560
72.2931 130900
72.4532 131240
72.6452 131580
72.9011 131920
73.2532 132260
73.4147 105740
73.4759 106080
73.4775 106420
73.479 106760
73.4806 107100
73.4822 107440
73.4838 107780
73.4853 108120
73.4869 108460
73.4885 108800
73.4904 109140
73.4923 109480
73.4942 109820
73.4961 110160
73.4983 110500
73.5005 110840
73.5027 111180
73.5049 111520
73.5074 111860
73.5099 112200
73.5124 112540
73.5153 112880
73.5181 113220
73.5213 113560
73.5244 113900
73.5276 114240
73.531 114580
73.5348 114920
73.5389 115260
73.5433 115600
73.5481 115940
73.5531 116280
73.5588 116620
73.5651 116960
73.5714 117300
73.5783 117640
73.5862 117980
73.5953 118320
73.6064 118660
73.6174 119000
73.6313 119340
73.6499 119680
73.6685 120020
73.6965 120360
73.7246 120700
73.7561 121040
73.7882 121380
73.8201 121720
73.8768 122060
73.9336 122400
73.9651 122740
74.0221 123080
74.0795 123420
74.1369 123760
74.169 124100
74.2267 124440
74.2847 124780
74.3427 125120
74.401 125460
74.4593 125800
74.5179 126140
74.5766 126480
74.6355 126820
74.6944 127160
74.7581 127500
74.8221 127840
74.9182 128180
74.9822 128520
75.078 128860
75.1742 129200
75.27 129540
75.3983 129880
75.4941 130220
75.6221 130560
75.7822 130900
75.942 131240
76.1343 131580
76.3902 131920
76.7423 132260
76.9038 105740
76.965 106080
76.9666 106420
76.9681 106760
76.9697 107100
76.9713 107440
76.9729 107780
76.9744 108120
76.976 108460
76.9776 108800
76.9795 109140
76.9814 109480
76.9833 109820
76.9852 110160
76.9874 110500
76.9896 110840
76.9918 111180
76.994 111520
76.9965 111860
76.999 112200
77.0016 112540
77.0044 112880
77.0072 113220
77.0104 113560
77.0135 113900
77.0167 114240
77.0202 114580
77.0239 114920
77.028 115260
77.0324 115600
77.0372 115940
77.0422 116280
77.0479 116620
77.0542 116960
77.0605 117300
77.0674 117640
77.0753 117980
77.0845 118320
77.0955 118660
77.1065 119000
77.1204 119340
77.139 119680
77.1576 120020
77.1856 120360
77.2137 120700
77.2452 121040
77.277 121380
77.3092 121720
77.3659 122060
77.4227 122400
77.4542 122740
77.5112 123080
77.5686 123420
77.626 123760
77.6581 124100
77.7158 124440
77.7738 124780
77.8318 125120
77.8901 125460
77.9484 125800
78.007 126140
78.0657 126480
78.1246 126820
78.1836 127160
78.2472 127500
78.3112 127840
78.407 128180
78.471 128520
78.5672 128860
78.6633 129200
78.7591 129540
78.8871 129880
78.9832 130220
79.1112 130560
79.2713 130900
79.4311 131240
79.6231 131580
79.879 131920
80.2311 132260
80.3926 105740
80.4538 106080
80.4554 106420
80.4569 106760
80.4585 107100
80.4601 107440
80.4617 107780
80.4632 108120
80.4648 108460
80.4664 108800
80.4683 109140
80.4702 109480
80.4721 109820
80.474 110160
80.4762 110500
80.4784 110840
80.4806 111180
80.4828 111520
80.4853 111860
80.4878 112200
80.4903 112540
80.4932 112880
80.496 113220
80.4992 113560
80.5023 113900
80.5055 114240
80.5089 114580
80.5127 114920
80.5168 115260
80.5212 115600
80.526 115940
80.531 116280
80.5367 116620
80.543 116960
80.5493 117300
80.5562 117640
80.5641 117980
80.5732 118320
80.5843 118660
80.5953 119000
80.6092 119340
80.6278 119680
80.6464 120020
80.6744 120360
80.7025 120700
80.7343 121040
80.7661 121380
80.7983 121720
80.855 122060
80.9118 122400
80.9442 122740
81.0013 123080
81.0587 123420
81.116 123760
81.1482 124100
81.2059 124440
81.2638 124780
81.3218 125120
81.3802 125460
81.4385 125800
81.4971 126140
81.5557 126480
81.6147 126820
81.6736 127160
81.7373 127500
81.8013 127840
81.8971 128180
81.9611 128520
82.0572 128860
82.153 129200
82.2492 129540
82.3771 129880
82.4733 130220
82.6012 130560
82.761 130900
82.9212 131240
83.1131 131580
83.3691 131920
83.7211 132260
83.8827 105740
83.9438 106080
83.9454 106420
83.947 106760
83.9486 107100
83.9501 107440
83.9517 107780
83.9533 108120
83.9549 108460
83.9564 108800
83.9583 109140
83.9602 109480
83.9621 109820
83.964 110160
83.9662 110500
83.9684 110840
83.9706 111180
83.9728 111520
83.9754 111860
83.9779 112200
83.9804 112540
83.9832 112880
83.9861 113220
83.9892 113560
83.9924 113900
83.9955 114240
83.999 114580
84.0028 114920
84.0069 115260
84.0113 115600
84.016 115940
84.0211 116280
84.0267 116620
84.033 116960
84.0393 117300
84.0463 117640
84.0542 117980
84.0633 118320
84.0743 118660
84.0854 119000
84.0992 119340
84.1178 119680
84.1364 120020
84.1645 120360
84.1925 120700
84.224 121040
84.2562 121380
84.288 121720
84.3448 122060
84.4015 122400
84.433 122740
84.4901 123080
84.5474 123420
84.6048 123760
84.6373 124100
84.695 124440
84.753 124780
84.811 125120
84.8693 125460
84.9276 125800
84.9862 126140
85.0448 126480
85.1038 126820
85.1627 127160
85.227 127500
85.2913 127840
85.3871 128180
85.4511 128520
85.5473 128860
85.6431 129200
85.7392 129540
85.8672 129880
85.963 130220
86.0913 130560
86.2511 130900
86.4112 131240
86.6032 131580
86.8591 131920
87.2112 132260
87.3727 105740
87.4339 106080
87.4355 106420
87.437 106760
87.4386 107100
87.4402 107440
87.4418 107780
87.4433 108120
87.4449 108460
87.4465 108800
87.4484 109140
87.4503 109480
87.4522 109820
87.4541 110160
87.4563 110500
87.4585 110840
87.4607 111180
87.4629 111520
87.4654 111860
87.4679 112200
87.4705 112540
87.4733 112880
87.4761 113220
87.4793 113560
87.4824 113900
87.4856 114240
87.489 114580
87.4928 114920
87.4969 115260
87.5013 115600
87.5061 115940
87.5111 116280
87.5168 116620
87.5231 116960
87.5294 117300
87.5363 117640
87.5442 117980
87.5533 118320
87.5644 118660
87.5754 119000
87.5893 119340
87.6079 119680
87.6265 120020
87.6545 120360
87.6826 120700
87.7141 121040
87.7463 121380
87.7781 121720
87.8348 122060
87.8916 122400
87.9231 122740
87.9801 123080
88.0375 123420
88.0949 123760
88.127 124100
88.1847 124440
88.2427 124780
88.3007 125120
88.359 125460
88.4173 125800
88.4759 126140
88.5346 126480
88.5935 126820
88.6525 127160
88.7161 127500
88.7801 127840
88.8762 128180
88.9402 128520
89.036 128860
89.1322 129200
89.228 129540
89.3563 129880
89.4521 130220
89.5801 130560
89.7402 130900
89.9 131240
90.0923 131580
90.3482 131920
90.7003 132260
90.8618 105740
90.923 106080
90.9246 106420
90.9261 106760
90.9277 107100
90.9293 107440
90.9309 107780
90.9324 108120
90.934 108460
90.9356 108800
90.9375 109140
90.9394 109480
90.9413 109820
90.9432 110160
90.9454 110500
90.9476 110840
90.9498 111180
90.952 111520
90.9545 111860
90.957 112200
90.9596 112540
90.9624 112880
90.9652 113220
90.9684 113560
90.9715 113900
90.9747 114240
90.9782 114580
90.9819 114920
90.986 115260
90.9904 115600
90.9952 115940
91.0002 116280
91.0059 116620
91.0122 116960
91.0185 117300
91.0254 117640
91.0333 117980
91.0425 118320
91.0535 118660
91.0645 119000
91.0784 119340
91.097 119680
91.1156 120020
91.1436 120360
91.1717 120700
91.2042 121040
91.2363 121380
91.2681 121720
91.3249 122060
91.3816 122400
91.4131 122740
91.4702 123080
91.5275 123420
91.5849 123760
91.6171 124100
91.6747 124440
91.7327 124780
91.7907 125120
91.8491 125460
91.9074 125800
91.966 126140
92.0246 126480
92.0836 126820
92.1425 127160
92.2062 127500
92.2702 127840
92.3663 128180
92.4303 128520
92.5261 128860
92.6222 129200
92.7181 129540
92.846 129880
92.9422 130220
93.0701 130560
93.2303 130900
93.3901 131240
93.582 131580
93.8383 131920
94.19 132260
94.3516 105740
94.4127 106080
94.4143 106420
94.4159 106760
94.4175 107100
94.419 107440
94.4206 107780
94.4222 108120
94.4238 108460
94.4253 108800
94.4272 109140
94.4291 109480
94.431 109820
94.4329 110160
94.4351 110500
94.4373 110840
94.4395 111180
94.4417 111520
94.4443 111860
94.4468 112200
94.4493 112540
94.4521 112880
94.455 113220
94.4581 113560
94.4613 113900
94.4644 114240
94.4679 114580
94.4717 114920
94.4758 115260
94.4802 115600
94.4849 115940
94.49 116280
94.4956 116620
94.5019 116960
94.5082 117300
94.5152 117640
94.5231 117980
94.5322 118320
94.5432 118660
94.5543 119000
94.5681 119340
94.5867 119680
94.6053 120020
94.6334 120360
94.6614 120700
94.6933 121040
94.7251 121380
94.7572 121720
94.814 122060
94.8707 122400
94.9032 122740
94.9602 123080
95.0176 123420
95.075 123760
95.1071 124100
95.1648 124440
95.2228 124780
95.2808 125120
95.3391 125460
95.3974 125800
95.456 126140
95.5147 126480
95.5736 126820
95.6326 127160
95.6962 127500
95.7602 127840
95.856 128180
95.92 128520
96.0162 128860
96.1123 129200
96.2081 129540
96.3361 129880
96.4322 130220
96.5602 130560
96.7203 130900
96.8801 131240
97.0721 131580
97.328 131920
97.6801 132260
97.8416 105740
97.9028 106080
97.9044 106420
97.9059 106760
97.9075 107100
97.9091 107440
97.9107 107780
97.9122 108120
97.9138 108460
97.9154 108800
97.9173 109140
97.9192 109480
97.9211 109820
97.923 110160
97.9252 110500
97.9274 110840
97.9296 111180
97.9318 111520
97.9343 111860
97.9368 112200
97.9393 112540
97.9422 112880
97.945 113220
97.9482 113560
97.9513 113900
97.9545 114240
97.9579 114580
97.9617 114920
97.9658 115260
97.9702 115600
97.975 115940
97.98 116280
97.9857 116620
97.992 116960
97.9983 117300
98.0052 117640
98.0131 117980
98.0222 118320
98.0333 118660
98.0443 119000
98.0582 119340
98.0768 119680
98.0954 120020
98.1234 120360
98.1515 120700
98.1833 121040
98.2151 121380
98.2473 121720
98.304 122060
98.3608 122400
98.3932 122740
98.4503 123080
98.5077 123420
98.565 123760
98.5972 124100
98.6548 124440
98.7128 124780
98.7708 125120
98.8292 125460
98.8875 125800
98.9461 126140
99.0047 126480
99.0637 126820
99.1226 127160
99.1863 127500
99.2503 127840
99.3461 128180
99.4101 128520
99.5062 128860
99.602 129200
99.6982 129540
99.8261 129880
99.9223 130220
100.05 130560
100.21 130900
100.37 131240
100.562 131580
100.818 131920
101.17 132260
101.332 105740
101.393 106080
101.394 106420
101.396 106760
101.398 107100
101.399 107440
101.401 107780
101.402 108120
101.404 108460
101.405 108800
101.407 109140
101.409 109480
101.411 109820
101.413 110160
101.415 110500
101.417 110840
101.42 111180
101.422 111520
101.424 111860
101.427 112200
101.429 112540
101.432 112880
101.435 113220
101.438 113560
101.441 113900
101.445 114240
101.448 114580
101.452 114920
101.456 115260
101.46 115600
101.465 115940
101.47 116280
101.476 116620
101.482 116960
101.488 117300
101.495 117640
101.503 117980
101.512 118320
101.523 118660
101.534 119000
101.548 119340
101.567 119680
101.585 120020
101.613 120360
101.642 120700
101.673 121040
101.705 121380
101.737 121720
101.794 122060
101.851 122400
101.882 122740
101.939 123080
101.996 123420
102.054 123760
102.086 124100
102.144 124440
102.202 124780
102.26 125120
102.318 125460
102.377 125800
102.435 126140
102.494 126480
102.553 126820
102.612 127160
102.676 127500
102.74 127840
102.836 128180
102.9 128520
102.996 128860
103.092 129200
103.188 129540
103.316 129880
103.412 130220
103.54 130560
103.7 130900
103.86 131240
104.052 131580
104.308 131920
104.66 132260
104.822 105740
104.883 106080
104.884 106420
104.886 106760
104.888 107100
104.889 107440
104.891 107780
104.892 108120
104.894 108460
104.895 108800
104.897 109140
104.899 109480
104.901 109820
104.903 110160
104.905 110500
104.907 110840
104.91 111180
104.912 111520
104.914 111860
104.917 112200
104.919 112540
104.922 112880
104.925 113220
104.928 113560
104.931 113900
104.935 114240
104.938 114580
104.942 114920
104.946 115260
104.95 115600
104.955 115940
104.96 116280
104.966 116620
104.972 116960
104.978 117300
104.985 117640
104.993 117980
105.002 118320
105.013 118660
105.024 119000
105.038 119340
105.057 119680
105.075 120020
105.104 120360
105.132 120700
105.163 121040
105.195 121380
105.227 121720
105.284 122060
105.341 122400
105.372 122740
105.429 123080
105.486 123420
105.544 123760
105.576 124100
105.634 124440
105.692 124780
105.75 125120
105.808 125460
105.866 125800
105.925 126140
105.984 126480
106.043 126820
106.101 127160
106.165 127500
106.229 127840
106.325 128180
106.389 128520
106.485 128860
106.581 129200
106.677 129540
106.805 129880
106.901 130220
107.029 130560
107.189 130900
107.349 131240
107.541 131580
107.797 131920
108.149 132260
108.311 105740
108.372 106080
108.374 106420
108.375 106760
108.377 107100
108.378 107440
108.38 107780
108.381 108120
108.383 108460
108.385 108800
108.386 109140
108.388 109480
108.39 109820
108.392 110160
108.394 110500
108.397 110840
108.399 111180
108.401 111520
108.404 111860
108.406 112200
108.409 112540
108.411 112880
108.414 113220
108.417 113560
108.421 113900
108.424 114240
108.427 114580
108.431 114920
108.435 115260
108.439 115600
108.444 115940
108.449 116280
108.455 116620
108.461 116960
108.467 117300
108.474 117640
108.482 117980
108.491 118320
108.502 118660
108.514 119000
108.527 119340
108.546 119680
108.565 120020
108.593 120360
108.621 120700
108.653 121040
108.685 121380
108.717 121720
108.774 122060
108.831 122400
108.862 122740
108.919 123080
108.977 123420
109.034 123760
109.066 124100
109.124 124440
109.182 124780
109.24 125120
109.298 125460
109.356 125800
109.415 126140
109.474 126480
109.533 126820
109.592 127160
109.655 127500
109.719 127840
109.815 128180
109.879 128520
109.975 128860
110.071 129200
110.167 129540
110.295 129880
110.391 130220
110.519 130560
110.679 130900
110.839 131240
111.031 131580
111.287 131920
111.639 132260
111.801 105740
111.862 106080
111.863 106420
111.865 106760
111.866 107100
111.868 107440
111.87 107780
111.871 108120
111.873 108460
111.874 108800
111.876 109140
111.878 109480
111.88 109820
111.882 110160
111.884 110500
111.886 110840
111.889 111180
111.891 111520
111.893 111860
111.896 112200
111.898 112540
111.901 112880
111.904 113220
111.907 113560
111.91 113900
111.913 114240
111.917 114580
111.921 114920
111.925 115260
111.929 115600
111.934 115940
111.939 116280
111.945 116620
111.951 116960
111.957 117300
111.964 117640
111.972 117980
111.981 118320
111.992 118660
112.003 119000
112.017 119340
112.036 119680
112.054 120020
112.082 120360
112.11 120700
112.142 121040
112.174 121380
112.206 121720
112.263 122060
112.32 122400
112.352 122740
112.409 123080
112.467 123420
112.524 123760
112.556 124100
112.614 124440
112.672 124780
112.73 125120
112.788 125460
112.846 125800
112.905 126140
112.964 126480
113.023 126820
113.082 127160
113.145 127500
113.209 127840
113.305 128180
113.369 128520
113.465 128860
113.561 129200
113.657 129540
113.785 129880
113.881 130220
114.009 130560
114.169 130900
114.329 131240
114.521 131580
114.777 131920
115.129 132260
115.291 105740
115.352 106080
115.353 106420
115.355 106760
115.357 107100
115.358 107440
115.36 107780
115.361 108120
115.363 108460
115.364 108800
115.366 109140
115.368 109480
115.37 109820
115.372 110160
115.374 110500
115.376 110840
115.379 111180
115.381 111520
115.383 111860
115.386 112200
115.388 112540
115.391 112880
115.394 113220
115.397 113560
115.4 113900
115.403 114240
115.407 114580
115.411 114920
115.415 115260
115.419 115600
115.424 115940
115.429 116280
115.435 116620
115.441 116960
115.447 117300
115.454 117640
115.462 117980
115.471 118320
115.482 118660
115.493 119000
115.507 119340
115.526 119680
115.544 120020
115.572 120360
115.6 120700
115.632 121040
115.664 121380
115.696 121720
115.753 122060
115.81 122400
115.842 122740
115.899 123080
115.957 123420
116.014 123760
116.046 124100
116.104 124440
116.162 124780
116.22 125120
116.278 125460
116.336 125800
116.395 126140
116.454 126480
116.513 126820
116.572 127160
116.635 127500
116.699 127840
116.795 128180
116.859 128520
116.955 128860
117.051 129200
117.147 129540
117.275 129880
117.371 130220
117.499 130560
117.659 130900
117.819 131240
118.011 131580
118.267 131920
118.619 132260
118.781 105740
118.842 106080
118.843 106420
118.845 106760
118.847 107100
118.848 107440
118.85 107780
118.851 108120
118.853 108460
118.854 108800
118.856 109140
118.858 109480
118.86 109820
118.862 110160
118.864 110500
118.866 110840
118.869 111180
118.871 111520
118.873 111860
118.876 112200
118.878 112540
118.881 112880
118.884 113220
118.887 113560
118.89 113900
118.894 114240
118.897 114580
118.901 114920
118.905 115260
118.909 115600
118.914 115940
118.919 116280
118.925 116620
118.931 116960
118.937 117300
118.944 117640
118.952 117980
118.961 118320
118.972 118660
118.983 119000
118.997 119340
119.016 119680
119.034 120020
119.062 120360
119.091 120700
119.122 121040
119.154 121380
119.186 121720
119.243 122060
119.3 122400
119.331 122740
119.388 123080
119.445 123420
119.503 123760
119.535 124100
119.593 124440
119.651 124780
119.709 125120
119.767 125460
119.826 125800
119.884 126140
119.943 126480
120.002 126820
120.061 127160
120.125 127500
120.189 127840
120.285 128180
120.349 128520
120.445 128860
120.541 129200
120.637 129540
120.765 129880
120.861 130220
120.989 130560
121.149 130900
121.309 131240
121.501 131580
121.757 131920
122.109 132260
122.271 105740
122.332 106080
122.333 106420
122.335 106760
122.337 107100
122.338 107440
122.34 107780
122.341 108120
122.343 108460
122.344 108800
122.346 109140
122.348 109480
122.35 109820
122.352 110160
122.354 110500
122.356 110840
122.359 111180
122.361 111520
122.363 111860
122.366 112200
122.368 112540
122.371 112880
122.374 113220
122.377 113560
122.38 113900
122.384 114240
122.387 114580
122.391 114920
122.395 115260
122.399 115600
122.404 115940
122.409 116280
122.415 116620
122.421 116960
122.427 117300
122.434 117640
122.442 117980
122.451 118320
122.462 118660
122.473 119000
122.487 119340
122.506 119680
122.524 120020
122.553 120360
122.581 120700
122.612 121040
122.644 121380
122.676 121720
122.733 122060
122.79 122400
122.821 122740
122.878 123080
122.935 123420
122.993 123760
123.025 124100
123.083 124440
123.141 124780
123.199 125120
123.257 125460
123.315 125800
123.374 126140
123.433 126480
123.492 126820
123.55 127160
123.614 127500
123.678 127840
123.774 128180
123.838 128520
123.934 128860
124.03 129200
124.126 129540
124.254 129880
124.35 130220
124.478 130560
124.638 130900
124.798 131240
124.99 131580
125.246 131920
125.598 132260
125.76 105740
125.821 106080
125.823 106420
125.824 106760
125.826 107100
125.827 107440
125.829 107780
125.83 108120
125.832 108460
125.834 108800
125.835 109140
125.837 109480
125.839 109820
125.841 110160
125.843 110500
125.846 110840
125.848 111180
125.85 111520
125.853 111860
125.855 112200
125.858 112540
125.86 112880
125.863 113220
125.866 113560
125.87 113900
125.873 114240
125.876 114580
125.88 114920
125.884 115260
125.888 115600
125.893 115940
125.898 116280
125.904 116620
125.91 116960
125.916 117300
125.923 117640
125.931 117980
125.94 118320
125.951 118660
125.963 119000
125.976 119340
125.995 119680
126.014 120020
126.042 120360
126.07 120700
126.101 121040
126.133 121380
126.165 121720
126.222 122060
126.279 122400
126.31 122740
126.367 123080
126.425 123420
126.482 123760
126.514 124100
126.572 124440
126.63 124780
126.688 125120
126.746 125460
126.804 125800
126.863 126140
126.922 126480
126.981 126820
127.04 127160
127.103 127500
127.167 127840
127.263 128180
127.327 128520
127.423 128860
127.519 129200
127.615 129540
127.743 129880
127.839 130220
127.967 130560
128.127 130900
128.287 131240
128.479 131580
128.735 131920
129.087 132260
129.249 105740
129.31 106080
129.311 106420
129.313 106760
129.315 107100
129.316 107440
129.318 107780
129.319 108120
129.321 108460
129.322 108800
129.324 109140
129.326 109480
129.328 109820
129.33 110160
129.332 110500
129.334 110840
129.337 111180
129.339 111520
129.341 111860
129.344 112200
129.346 112540
129.349 112880
129.352 113220
129.355 113560
129.358 113900
129.361 114240
129.365 114580
129.369 114920
129.373 115260
129.377 115600
129.382 115940
129.387 116280
129.393 116620
129.399 116960
129.405 117300
129.412 117640
129.42 117980
129.429 118320
129.44 118660
129.451 119000
129.465 119340
129.484 119680
129.502 120020
129.53 120360
129.558 120700
129.59 121040
129.622 121380
129.654 121720
129.711 122060
129.768 122400
129.8 122740
129.857 123080
129.915 123420
129.972 123760
130.004 124100
130.062 124440
130.12 124780
130.178 125120
130.236 125460
130.294 125800
130.353 126140
130.412 126480
130.471 126820
130.53 127160
130.593 127500
130.657 127840
130.753 128180
130.817 128520
130.913 128860
131.009 129200
131.105 129540
131.233 129880
131.329 130220
131.457 130560
131.617 130900
131.777 131240
131.969 131580
132.225 131920
132.577 132260
132.739 105740
132.8 106080
132.801 106420
132.803 106760
132.805 107100
132.806 107440
132.808 107780
132.809 108120
132.811 108460
132.812 108800
132.814 109140
132.816 109480
132.818 109820
132.82 110160
132.822 110500
132.824 110840
132.827 111180
132.829 111520
132.831 111860
132.834 112200
132.836 112540
132.839 112880
132.842 113220
132.845 113560
132.848 113900
132.852 114240
132.855 114580
132.859 114920
132.863 115260
132.867 115600
132.872 115940
132.877 116280
132.883 116620
132.889 116960
132.895 117300
132.902 117640
132.91 117980
132.919 118320
132.93 118660
132.941 119000
132.955 119340
132.974 119680
132.992 120020
133.02 120360
133.049 120700
133.08 121040
133.112 121380
133.144 121720
133.201 122060
133.258 122400
133.289 122740
133.346 123080
133.403 123420
133.461 123760
133.493 124100
133.551 124440
133.609 124780
133.667 125120
133.725 125460
133.784 125800
133.842 126140
133.901 126480
133.96 126820
134.019 127160
134.083 127500
134.147 127840
134.243 128180
134.307 128520
134.403 128860
134.499 129200
134.595 129540
134.723 129880
134.819 130220
134.947 130560
135.107 130900
135.267 131240
135.459 131580
135.715 131920
136.067 132260
136.229 105740
136.29 106080
136.291 106420
136.293 106760
136.295 107100
136.296 107440
136.298 107780
136.299 108120
136.301 108460
136.302 108800
136.304 109140
136.306 109480
136.308 109820
136.31 110160
136.312 110500
136.314 110840
136.317 111180
136.319 111520
136.321 111860
136.324 112200
136.326 112540
136.329 112880
136.332 113220
136.335 113560
136.338 113900
136.342 114240
136.345 114580
136.349 114920
136.353 115260
136.357 115600
136.362 115940
136.367 116280
136.373 116620
136.379 116960
136.385 117300
136.392 117640
136.4 117980
136.409 118320
136.42 118660
136.431 119000
136.445 119340
136.464 119680
136.482 120020
136.511 120360
136.539 120700
136.57 121040
136.602 121380
136.634 121720
136.691 122060
136.748 122400
136.779 122740
136.836 123080
136.893 123420
136.951 123760
136.983 124100
137.041 124440
137.099 124780
137.157 125120
137.215 125460
137.273 125800
137.332 126140
137.391 126480
137.45 126820
137.508 127160
137.572 127500
137.636 127840
137.732 128180
137.796 128520
137.892 128860
137.988 129200
138.084 129540
138.212 129880
138.308 130220
138.436 130560
138.596 130900
138.756 131240
138.948 131580
139.204 131920
139.556 132260
139.718 105740
139.779 106080
139.781 106420
139.782 106760
139.784 107100
139.785 107440
139.787 107780
139.788 108120
139.79 108460
139.792 108800
139.793 109140
139.795 109480
139.797 109820
139.799 110160
139.801 110500
139.804 110840
139.806 111180
139.808 111520
139.811 111860
139.813 112200
139.816 112540
139.818 112880
139.821 113220
139.824 113560
139.828 113900
139.831 114240
139.834 114580
139.838 114920
139.842 115260
139.846 115600
139.851 115940
139.856 116280
139.862 116620
139.868 116960
139.874 117300
139.881 117640
139.889 117980
139.898 118320
139.909 118660
139.921 119000
139.934 119340
139.953 119680
139.972 120020
140 120360
140.028 120700
140.06 121040
140.092 121380
140.124 121720
140.181 122060
140.238 122400
140.269 122740
140.326 123080
140.384 123420
140.441 123760
140.473 124100
140.531 124440
140.589 124780
140.647 125120
140.705 125460
140.763 125800
140.822 126140
140.881 126480
140.94 126820
140.999 127160
141.062 127500
141.126 127840
141.222 128180
141.286 128520
141.382 128860
141.478 129200
141.574 129540
141.702 129880
141.798 130220
141.926 130560
142.086 130900
142.246 131240
142.438 131580
142.694 131920
143.046 132260
143.208 105740
143.269 106080
143.27 106420
143.272 106760
143.273 107100
143.275 107440
143.277 107780
143.278 108120
143.28 108460
143.281 108800
143.283 109140
143.285 109480
143.287 109820
143.289 110160
143.291 110500
143.293 110840
143.296 111180
143.298 111520
143.3 111860
143.303 112200
143.305 112540
143.308 112880
143.311 113220
143.314 113560
143.317 113900
143.32 114240
143.324 114580
143.328 114920
143.332 115260
143.336 115600
143.341 115940
143.346 116280
143.352 116620
143.358 116960
143.364 117300
143.371 117640
143.379 117980
143.388 118320
143.399 118660
143.41 119000
143.424 119340
143.443 119680
143.461 120020
143.489 120360
143.517 120700
143.549 121040
143.581 121380
143.613 121720
143.67 122060
143.727 122400
143.759 122740
143.816 123080
143.874 123420
143.931 123760
143.963 124100
144.021 124440
144.079 124780
144.137 125120
144.195 125460
144.253 125800
144.312 126140
144.371 126480
144.43 126820
144.489 127160
144.552 127500
144.616 127840
144.712 128180
144.776 128520
144.872 128860
144.968 129200
145.064 129540
145.192 129880
145.288 130220
145.416 130560
145.576 130900
145.736 131240
145.928 131580
146.184 131920
146.536 132260
146.698 105740
146.759 106080
146.76 106420
146.762 106760
146.764 107100
146.765 107440
146.767 107780
146.768 108120
146.77 108460
146.771 108800
146.773 109140
146.775 109480
146.777 109820
146.779 110160
146.781 110500
146.783 110840
146.786 111180
146.788 111520
146.79 111860
146.793 112200
146.795 112540
146.798 112880
146.801 113220
146.804 113560
146.807 113900
146.81 114240
146.814 114580
146.818 114920
146.822 115260
146.826 115600
146.831 115940
146.836 116280
146.842 116620
146.848 116960
146.854 117300
146.861 117640
146.869 117980
146.878 118320
146.889 118660
146.9 119000
146.914 119340
146.933 119680
146.951 120020
146.979 120360
147.007 120700
147.039 121040
147.071 121380
147.103 121720
147.16 122060
147.217 122400
147.249 122740
147.306 123080
147.364 123420
147.421 123760
147.453 124100
147.511 124440
147.569 124780
147.627 125120
147.685 125460
147.743 125800
147.802 126140
147.861 126480
147.92 126820
147.979 127160
148.042 127500
148.106 127840
148.202 128180
148.266 128520
148.362 128860
148.458 129200
148.554 129540
148.682 129880
148.778 130220
148.906 130560
149.066 130900
149.226 131240
149.418 131580
149.674 131920
150.026 132260
150.188 105740
150.249 106080
150.25 106420
150.252 106760
150.254 107100
150.255 107440
150.257 107780
150.258 108120
150.26 108460
150.261 108800
150.263 109140
150.265 109480
150.267 109820
150.269 110160
150.271 110500
150.273 110840
150.276 111180
150.278 111520
150.28 111860
150.283 112200
150.285 112540
150.288 112880
150.291 113220
150.294 113560
150.297 113900
150.301 114240
150.304 114580
150.308 114920
150.312 115260
150.316 115600
150.321 115940
150.326 116280
150.332 116620
150.338 116960
150.344 117300
150.351 117640
150.359 117980
150.368 118320
150.379 118660
150.39 119000
150.404 119340
150.423 119680
150.441 120020
150.469 120360
150.498 120700
150.529 121040
150.561 121380
150.593 121720
150.65 122060
150.707 122400
150.738 122740
150.795 123080
150.852 123420
150.91 123760
150.942 124100
151 124440
151.058 124780
151.116 125120
151.174 125460
151.233 125800
151.291 126140
151.35 126480
151.409 126820
151.468 127160
151.532 127500
151.596 127840
151.692 128180
151.756 128520
151.852 128860
151.948 129200
152.044 129540
152.172 129880
152.268 130220
152.396 130560
152.556 130900
152.716 131240
152.908 131580
153.164 131920
153.516 132260
153.678 105740
153.739 106080
153.74 106420
153.742 106760
153.744 107100
153.745 107440
153.747 107780
153.748 108120
153.75 108460
153.751 108800
153.753 109140
153.755 109480
153.757 109820
153.759 110160
153.761 110500
153.763 110840
153.766 111180
153.768 111520
153.77 111860
153.773 112200
153.775 112540
153.778 112880
153.781 113220
153.784 113560
153.787 113900
153.791 114240
153.794 114580
153.798 114920
153.802 115260
153.806 115600
153.811 115940
153.816 116280
153.822 116620
153.828 116960
153.834 117300
153.841 117640
153.849 117980
153.858 118320
153.869 118660
153.88 119000
153.894 119340
153.913 119680
153.931 120020
153.96 120360
153.988 120700
154.019 121040
154.051 121380
154.083 121720
154.14 122060
154.197 122400
154.228 122740
154.285 123080
154.342 123420
154.4 123760
154.432 124100
154.49 124440
154.548 124780
154.606 125120
154.664 125460
154.722 125800
154.781 126140
154.84 126480
154.899 126820
154.957 127160
155.021 127500
155.085 127840
155.181 128180
155.245 128520
155.341 128860
155.437 129200
155.533 129540
155.661 129880
155.757 130220
155.885 130560
156.045 130900
156.205 131240
156.397 131580
156.653 131920
157.005 132260
157.167 105740
157.228 106080
157.23 106420
157.231 106760
157.233 107100
157.234 107440
157.236 107780
157.237 108120
157.239 108460
157.241 108800
157.242 109140
157.244 109480
157.246 109820
157.248 110160
157.25 110500
157.253 110840
157.255 111180
157.257 111520
157.26 111860
157.262 112200
157.265 112540
157.267 112880
157.27 113220
157.273 113560
157.277 113900
157.28 114240
157.283 114580
157.287 114920
157.291 115260
157.295 115600
157.3 115940
157.305 116280
157.311 116620
157.317 116960
157.323 117300
157.33 117640
157.338 117980
157.347 118320
157.358 118660
157.37 119000
157.383 119340
157.402 119680
157.421 120020
157.449 120360
157.477 120700
157.509 121040
157.541 121380
157.573 121720
157.63 122060
157.687 122400
157.718 122740
157.775 123080
157.833 123420
157.89 123760
157.922 124100
157.98 124440
158.038 124780
158.096 125120
158.154 125460
158.212 125800
158.271 126140
158.33 126480
158.389 126820
158.448 127160
158.511 127500
158.575 127840
158.671 128180
158.735 128520
158.831 128860
158.927 129200
159.023 129540
159.151 129880
159.247 130220
159.375 130560
159.535 130900
159.695 131240
159.887 131580
160.143 131920
160.495 132260
160.657 105740
160.718 106080
160.719 106420
160.721 106760
160.722 107100
160.724 107440
160.726 107780
160.727 108120
160.729 108460
160.73 108800
160.732 109140
160.734 109480
160.736 109820
160.738 110160
160.74 110500
160.742 110840
160.745 111180
160.747 111520
160.749 111860
160.752 112200
160.754 112540
160.757 112880
160.76 113220
160.763 113560
160.766 113900
160.769 114240
160.773 114580
160.777 114920
160.781 115260
160.785 115600
160.79 115940
160.795 116280
160.801 116620
160.807 116960
160.813 117300
160.82 117640
160.828 117980
160.837 118320
160.848 118660
160.859 119000
160.873 119340
160.892 119680
160.91 120020
160.938 120360
160.966 120700
160.998 121040
161.03 121380
161.062 121720
161.119 122060
161.176 122400
161.208 122740
161.265 123080
161.323 123420
161.38 123760
161.412 124100
161.47 124440
161.528 124780
161.586 125120
161.644 125460
161.702 125800
161.761 126140
161.82 126480
161.879 126820
161.938 127160
162.001 127500
162.065 127840
162.161 128180
162.225 128520
162.321 128860
162.417 129200
162.513 129540
162.641 129880
162.737 130220
162.865 130560
163.025 130900
163.185 131240
163.377 131580
163.633 131920
163.985 132260
164.147 105740
164.208 106080
164.209 106420
164.211 106760
164.213 107100
164.214 107440
164.216 107780
164.217 108120
164.219 108460
164.22 108800
164.222 109140
164.224 109480
164.226 109820
164.228 110160
164.23 110500
164.232 110840
164.235 111180
164.237 111520
164.239 111860
164.242 112200
164.244 112540
164.247 112880
164.25 113220
164.253 113560
164.256 113900
164.259 114240
164.263 114580
164.267 114920
164.271 115260
164.275 115600
164.28 115940
164.285 116280
164.291 116620
164.297 116960
164.303 117300
164.31 117640
164.318 117980
164.327 118320
164.338 118660
164.349 119000
164.363 119340
164.382 119680
164.4 120020
164.428 120360
164.456 120700
164.488 121040
164.52 121380
164.552 121720
164.609 122060
164.666 122400
164.698 122740
164.755 123080
164.813 123420
164.87 123760
164.902 124100
164.96 124440
165.018 124780
165.076 125120
165.134 125460
165.192 125800
165.251 126140
165.31 126480
165.369 126820
165.428 127160
165.491 127500
165.555 127840
165.651 128180
165.715 128520
165.811 128860
165.907 129200
166.003 129540
166.131 129880
166.227 130220
166.355 130560
166.515 130900
166.675 131240
166.867 131580
167.123 131920
167.475 132260
167.637 105740
167.698 106080
167.699 106420
167.701 106760
167.703 107100
167.704 107440
167.706 107780
167.707 108120
167.709 108460
167.71 108800
167.712 109140
167.714 109480
167.716 109820
167.718 110160
167.72 110500
167.722 110840
167.725 111180
167.727 111520
167.729 111860
167.732 112200
167.734 112540
167.737 112880
167.74 113220
167.743 113560
167.746 113900
167.75 114240
167.753 114580
167.757 114920
167.761 115260
167.765 115600
167.77 115940
167.775 116280
167.781 116620
167.787 116960
167.793 117300
167.8 117640
167.808 117980
167.817 118320
167.828 118660
167.839 119000
167.853 119340
167.872 119680
167.89 120020
167.918 120360
167.947 120700
167.978 121040
168.01 121380
168.042 121720
168.099 122060
168.156 122400
168.187 122740
168.244 123080
168.301 123420
168.359 123760
168.391 124100
168.449 124440
168.507 124780
168.565 125120
168.623 125460
168.682 125800
168.74 126140
168.799 126480
168.858 126820
168.917 127160
168.981 127500
169.045 127840
169.141 128180
169.205 128520
169.301 128860
169.397 129200
169.493 129540
169.621 129880
169.717 130220
169.845 130560
170.005 130900
170.165 131240
170.357 131580
170.613 131920
170.965 132260
171.127 105740
171.188 106080
171.189 106420
171.191 106760
171.193 107100
171.194 107440
171.196 107780
171.197 108120
171.199 108460
171.2 108800
171.202 109140
171.204 109480
171.206 109820
171.208 110160
171.21 110500
171.212 110840
171.215 111180
171.217 111520
171.219 111860
171.222 112200
171.224 112540
171.227 112880
171.23 113220
171.233 113560
171.236 113900
171.24 114240
171.243 114580
171.247 114920
171.251 115260
171.255 115600
171.26 115940
171.265 116280
171.271 116620
171.277 116960
171.283 117300
171.29 117640
171.298 117980
171.307 118320
171.318 118660
171.329 119000
171.343 119340
171.362 119680
171.38 120020
171.409 120360
171.437 120700
171.468 121040
171.5 121380
171.532 121720
171.589 122060
171.646 122400
171.677 122740
171.734 123080
171.791 123420
171.849 123760
171.881 124100
171.939 124440
171.997 124780
172.055 125120
172.113 125460
172.171 125800
172.23 126140
172.289 126480
172.348 126820
172.406 127160
172.47 127500
172.534 127840
172.63 128180
172.694 128520
172.79 128860
172.886 129200
172.982 129540
173.11 129880
173.206 130220
173.334 130560
173.494 130900
173.654 131240
173.846 131580
174.102 131920
174.454 132260
174.616 105740
174.677 106080
174.679 106420
174.68 106760
174.682 107100
174.683 107440
174.685 107780
174.686 108120
174.688 108460
174.69 108800
174.691 109140
174.693 109480
174.695 109820
174.697 110160
174.699 110500
174.702 110840
174.704 111180
174.706 111520
174.709 111860
174.711 112200
174.714 112540
174.716 112880
174.719 113220
174.722 113560
174.726 113900
174.729 114240
174.732 114580
174.736 114920
174.74 115260
174.744 115600
174.749 115940
174.754 116280
174.76 116620
174.766 116960
174.772 117300
174.779 117640
174.787 117980
174.796 118320
174.807 118660
174.819 119000
174.832 119340
174.851 119680
174.87 120020
174.898 120360
174.926 120700
174.957 121040
174.989 121380
175.021 121720
175.078 122060
175.135 122400
175.166 122740
175.223 123080
175.281 123420
175.338 123760
175.37 124100
175.428 124440
175.486 124780
175.544 125120
175.602 125460
175.66 125800
175.719 126140
175.778 126480
175.837 126820
175.896 127160
175.959 127500
176.023 127840
176.119 128180
176.183 128520
176.279 128860
176.375 129200
176.471 129540
176.599 129880
176.695 130220
176.823 130560
176.983 130900
177.143 131240
177.335 131580
177.591 131920
177.943 132260
178.105 105740
178.166 106080
178.167 106420
178.169 106760
178.171 107100
178.172 107440
178.174 107780
178.175 108120
178.177 108460
178.178 108800
178.18 109140
178.182 109480
178.184 109820
178.186 110160
178.188 110500
178.19 110840
178.193 111180
178.195 111520
178.197 111860
178.2 112200
178.202 112540
178.205 112880
178.208 113220
178.211 113560
178.214 113900
178.217 114240
178.221 114580
178.225 114920
178.229 115260
178.233 115600
178.238 115940
178.243 116280
178.249 116620
178.255 116960
178.261 117300
178.268 117640
178.276 117980
178.285 118320
178.296 118660
178.307 119000
178.321 119340
178.34 119680
178.358 120020
178.386 120360
178.414 120700
178.446 121040
178.478 121380
178.51 121720
178.567 122060
178.624 122400
178.656 122740
178.713 123080
178.771 123420
178.828 123760
178.86 124100
178.918 124440
178.976 124780
179.034 125120
179.092 125460
179.15 125800
179.209 126140
179.268 126480
179.327 126820
179.386 127160
179.449 127500
179.513 127840
179.609 128180
179.673 128520
179.769 128860
179.865 129200
179.961 129540
180.089 129880
180.185 130220
180.313 130560
180.473 130900
180.633 131240
180.825 131580
181.081 131920
181.433 132260
181.595 105740
181.656 106080
181.657 106420
181.659 106760
181.661 107100
181.662 107440
181.664 107780
181.665 108120
181.667 108460
181.668 108800
181.67 109140
181.672 109480
181.674 109820
181.676 110160
181.678 110500
181.68 110840
181.683 111180
181.685 111520
181.687 111860
181.69 112200
181.692 112540
181.695 112880
181.698 113220
181.701 113560
181.704 113900
181.708 114240
181.711 114580
181.715 114920
181.719 115260
181.723 115600
181.728 115940
181.733 116280
181.739 116620
181.745 116960
181.751 117300
181.758 117640
181.766 117980
181.775 118320
181.786 118660
181.797 119000
181.811 119340
181.83 119680
181.848 120020
181.876 120360
181.905 120700
181.936 121040
181.968 121380
182 121720
182.057 122060
182.114 122400
182.145 122740
182.202 123080
182.259 123420
182.317 123760
182.349 124100
182.407 124440
182.465 124780
182.523 125120
182.581 125460
182.64 125800
182.698 126140
182.757 126480
182.816 126820
182.875 127160
182.939 127500
183.003 127840
183.099 128180
183.163 128520
183.259 128860
183.355 129200
183.451 129540
183.579 129880
183.675 130220
183.803 130560
183.963 130900
184.123 131240
184.315 131580
184.571 131920
184.923 132260
185.085 105740
185.146 106080
185.147 106420
185.149 106760
185.151 107100
185.152 107440
185.154 107780
185.155 108120
185.157 108460
185.158 108800
185.16 109140
185.162 109480
185.164 109820
185.166 110160
185.168 110500
185.17 110840
185.173 111180
185.175 111520
185.177 111860
185.18 112200
185.182 112540
185.185 112880
185.188 113220
185.191 113560
185.194 113900
185.198 114240
185.201 114580
185.205 114920
185.209 115260
185.213 115600
185.218 115940
185.223 116280
185.229 116620
185.235 116960
185.241 117300
185.248 117640
185.256 117980
185.265 118320
185.276 118660
185.287 119000
185.301 119340
185.32 119680
185.338 120020
185.367 120360
185.395 120700
185.426 121040
185.458 121380
185.49 121720
185.547 122060
185.604 122400
185.635 122740
185.692 123080
185.749 123420
185.807 123760
185.839 124100
185.897 124440
185.955 124780
186.013 125120
186.071 125460
186.129 125800
186.188 126140
186.247 126480
186.306 126820
186.364 127160
186.428 127500
186.492 127840
186.588 128180
186.652 128520
186.748 128860
186.844 129200
186.94 129540
187.068 129880
187.164 130220
187.292 130560
187.452 130900
187.612 131240
187.804 131580
188.06 131920
188.412 132260
188.574 105740
188.635 106080
188.637 106420
188.638 106760
188.64 107100
188.641 107440
188.643 107780
188.644 108120
188.646 108460
188.648 108800
188.649 109140
188.651 109480
188.653 109820
188.655 110160
188.657 110500
188.66 110840
188.662 111180
188.664 111520
188.667 111860
188.669 112200
188.672 112540
188.674 112880
188.677 113220
188.68 113560
188.684 113900
188.687 114240
188.69 114580
188.694 114920
188.698 115260
188.702 115600
188.707 115940
188.712 116280
188.718 116620
188.724 116960
188.73 117300
188.737 117640
188.745 117980
188.754 118320
188.765 118660
188.777 119000
188.79 119340
188.809 119680
188.828 120020
188.856 120360
188.884 120700
188.916 121040
188.948 121380
188.98 121720
189.037 122060
189.094 122400
189.125 122740
189.182 123080
189.24 123420
189.297 123760
189.329 124100
189.387 124440
189.445 124780
189.503 125120
189.561 125460
189.619 125800
189.678 126140
189.737 126480
189.796 126820
189.855 127160
189.918 127500
189.982 127840
190.078 128180
190.142 128520
190.238 128860
190.334 129200
190.43 129540
190.558 129880
190.654 130220
190.782 130560
190.942 130900
191.102 131240
191.294 131580
191.55 131920
191.902 132260
192.064 105740
192.125 106080
192.126 106420
192.128 106760
192.129 107100
192.131 107440
192.133 107780
192.134 108120
192.136 108460
192.137 108800
192.139 109140
192.141 109480
192.143 109820
192.145 110160
192.147 110500
192.149 110840
192.152 111180
192.154 111520
192.156 111860
192.159 112200
192.161 112540
192.164 112880
192.167 113220
192.17 113560
192.173 113900
192.176 114240
192.18 114580
192.184 114920
192.188 115260
192.192 115600
192.197 115940
192.202 116280
192.208 116620
192.214 116960
192.22 117300
192.227 117640
192.235 117980
192.244 118320
192.255 118660
192.266 119000
192.28 119340
192.299 119680
192.317 120020
192.345 120360
192.373 120700
192.405 121040
192.437 121380
192.469 121720
192.526 122060
192.583 122400
192.615 122740
192.672 123080
192.73 123420
192.787 123760
192.819 124100
192.877 124440
192.935 124780
192.993 125120
193.051 125460
193.109 125800
193.168 126140
193.227 126480
193.286 126820
193.345 127160
193.408 127500
193.472 127840
193.568 128180
193.632 128520
193.728 128860
193.824 129200
193.92 129540
194.048 129880
194.144 130220
194.272 130560
194.432 130900
194.592 131240
194.784 131580
195.04 131920
195.392 132260
195.554 105740
195.615 106080
195.616 106420
195.618 106760
195.62 107100
195.621 107440
195.623 107780
195.624 108120
195.626 108460
195.627 108800
195.629 109140
195.631 109480
195.633 109820
195.635 110160
195.637 110500
195.639 110840
195.642 111180
195.644 111520
195.646 111860
195.649 112200
195.651 112540
195.654 112880
195.657 113220
195.66 113560
195.663 113900
195.666 114240
195.67 114580
195.674 114920
195.678 115260
195.682 115600
195.687 115940
195.692 116280
195.698 116620
195.704 116960
195.71 117300
195.717 117640
195.725 117980
195.734 118320
195.745 118660
195.756 119000
195.77 119340
195.789 119680
195.807 120020
195.835 120360
195.863 120700
195.895 121040
195.927 121380
195.959 121720
196.016 122060
196.073 122400
196.105 122740
196.162 123080
196.22 123420
196.277 123760
196.309 124100
196.367 124440
196.425 124780
196.483 125120
196.541 125460
196.599 125800
196.658 126140
196.717 126480
196.776 126820
196.835 127160
196.898 127500
196.962 127840
197.058 128180
197.122 128520
197.218 128860
197.314 129200
197.41 129540
197.538 129880
197.634 130220
197.762 130560
197.922 130900
