0.001 0
0.101 0
0.201 0
0.301 903654
0.401 698653
0.501 1.35186e+06
0.601 2.14522e+06
0.701 1.8392e+06
0.801 2.75056e+06
0.901 2.82264e+06
1.001 3.57051e+06
1.101 4.17758e+06
1.201 4.68809e+06
1.301 5.6428e+06
1.401 6.01662e+06
1.501 5.61578e+06
1.601 5.26501e+06
1.701 7.22935e+06
1.801 7.3067e+06
1.901 7.43457e+06
2.001 8.21437e+06
2.101 8.95101e+06
2.201 1.0382e+07
2.301 1.06767e+07
2.401 1.09514e+07
2.501 1.1203e+07
2.601 1.14363e+07
2.701 1.13191e+07
2.801 1.0915e+07
2.901 1.12166e+07
3.001 1.21371e+07
3.101 1.22615e+07
3.201 1.23832e+07
3.301 1.25313e+07
3.401 1.26699e+07
3.501 1.28013e+07
3.601 1.29247e+07
3.701 1.30422e+07
3.801 1.31527e+07
3.901 1.32583e+07
4.001 1.3358e+07
4.101 1.34534e+07
4.201 1.35437e+07
4.301 1.36304e+07
4.401 1.37125e+07
4.501 1.37916e+07
4.601 1.38666e+07
4.701 1.39391e+07
4.801 1.40079e+07
4.901 1.40745e+07
5.001 1.41385e+07
5.101 1.41087e+07
5.201 1.38374e+07
5.301 1.39027e+07
5.401 1.43222e+07
5.501 1.43293e+07
5.601 1.43484e+07
5.701 1.43996e+07
5.801 1.44459e+07
5.901 1.44938e+07
6.001 1.45396e+07
6.101 1.45844e+07
6.201 1.46273e+07
6.301 1.46693e+07
6.401 1.47095e+07
6.501 1.47489e+07
6.601 1.47867e+07
6.701 1.48238e+07
6.801 1.48594e+07
6.901 1.48944e+07
7.001 1.49279e+07
7.101 1.4961e+07
7.201 1.49931e+07
7.301 1.50239e+07
7.401 1.50543e+07
7.501 1.50835e+07
7.601 1.51123e+07
7.701 1.514e+07
7.801 1.51673e+07
7.901 1.51936e+07
8.001 1.52196e+07
8.101 1.52446e+07
8.201 1.52693e+07
8.301 1.52931e+07
8.401 1.53166e+07
8.501 1.53393e+07
8.601 1.53618e+07
8.701 1.53834e+07
8.801 1.54049e+07
8.901 1.54256e+07
9.001 1.54461e+07
9.101 1.54658e+07
9.201 1.54855e+07
9.301 1.55044e+07
9.401 1.55232e+07
9.501 1.55413e+07
9.601 1.55282e+07
9.701 1.53681e+07
9.801 1.53878e+07
9.901 1.55843e+07
10.001 1.55748e+07
10.101 1.55795e+07
10.201 1.55953e+07
10.301 1.56113e+07
10.401 1.56273e+07
10.501 1.56427e+07
10.601 1.5658e+07
10.701 1.56729e+07
10.801 1.56877e+07
10.901 1.57019e+07
11.001 1.57162e+07
11.101 1.573e+07
11.201 1.57438e+07
11.301 1.5757e+07
11.401 1.57703e+07
11.501 1.57831e+07
11.601 1.5796e+07
11.701 1.58084e+07
11.801 1.58208e+07
11.901 1.58327e+07
12.001 1.58447e+07
12.101 1.58563e+07
12.201 1.58679e+07
12.301 1.58791e+07
12.401 1.58903e+07
12.501 1.59012e+07
12.601 1.5912e+07
12.701 1.59225e+07
12.801 1.59331e+07
12.901 1.59434e+07
13.001 1.59535e+07
13.101 1.59635e+07
13.201 1.59732e+07
13.301 1.5983e+07
13.401 1.59924e+07
13.501 1.60019e+07
13.601 1.6011e+07
13.701 1.60202e+07
13.801 1.60291e+07
13.901 1.6038e+07
14.001 1.60467e+07
14.101 1.60553e+07
14.201 1.60637e+07
14.301 1.60722e+07
14.401 1.60803e+07
14.501 1.60885e+07
14.601 1.60965e+07
14.701 1.61045e+07
14.801 1.61122e+07
14.901 1.60201e+07
15.001 1.61225e+07
15.101 1.61175e+07
15.201 1.61078e+07
15.301 1.61152e+07
15.401 1.61187e+07
15.501 1.61259e+07
15.601 1.61333e+07
15.701 1.61405e+07
15.801 1.61475e+07
15.901 1.61546e+07
16.001 1.61614e+07
16.101 1.61683e+07
16.201 1.61749e+07
16.301 1.61817e+07
16.401 1.61882e+07
16.501 1.61947e+07
16.601 1.6201e+07
16.701 1.62075e+07
16.801 1.62136e+07
16.901 1.62199e+07
17.001 1.62259e+07
17.101 1.6232e+07
17.201 1.62379e+07
17.301 1.62439e+07
17.401 1.62497e+07
17.501 1.62555e+07
17.601 1.62611e+07
17.701 1.62668e+07
17.801 1.62723e+07
17.901 1.62779e+07
18.001 1.62833e+07
18.101 1.62887e+07
18.201 1.6294e+07
18.301 1.62993e+07
18.401 1.63045e+07
18.501 1.63097e+07
18.601 1.63149e+07
18.701 1.63199e+07
18.801 1.63249e+07
18.901 1.63298e+07
19.001 1.63347e+07
19.101 1.63395e+07
19.201 1.63444e+07
19.301 1.6349e+07
19.401 1.63538e+07
19.501 1.63584e+07
19.601 1.6363e+07
19.701 1.63675e+07
19.801 1.63721e+07
19.901 1.63764e+07
20.001 1.63809e+07
20.101 1.63852e+07
20.201 1.63432e+07
20.301 1.62627e+07
20.401 1.63852e+07
20.501 1.63793e+07
20.601 1.63809e+07
20.701 1.63821e+07
20.801 1.63863e+07
20.901 1.63905e+07
21.001 1.63946e+07
21.101 1.63988e+07
21.201 1.64028e+07
21.301 1.64068e+07
21.401 1.64109e+07
21.501 1.64148e+07
21.601 1.64187e+07
21.701 1.64225e+07
21.801 1.64264e+07
21.901 1.64302e+07
22.001 1.6434e+07
22.101 1.64377e+07
22.201 1.64414e+07
22.301 1.6445e+07
22.401 1.64487e+07
22.501 1.64522e+07
22.601 1.64559e+07
22.701 1.64593e+07
22.801 1.64629e+07
22.901 1.64663e+07
23.001 1.64698e+07
23.101 1.64732e+07
23.201 1.64766e+07
23.301 1.64799e+07
23.401 1.64833e+07
23.501 1.64865e+07
23.601 1.64899e+07
23.701 1.64931e+07
23.801 1.64963e+07
23.901 1.64995e+07
24.001 1.65027e+07
24.101 1.65058e+07
24.201 1.65089e+07
24.301 1.65121e+07
24.401 1.65151e+07
24.501 1.65182e+07
24.601 1.65211e+07
24.701 1.65242e+07
24.801 1.65271e+07
24.901 1.65301e+07
25.001 1.65329e+07
25.101 1.65359e+07
25.201 1.65387e+07
25.301 1.65416e+07
25.401 1.65443e+07
25.501 1.65319e+07
25.601 1.64674e+07
25.701 1.65425e+07
25.801 1.65452e+07
25.901 1.65378e+07
26.001 1.65382e+07
26.101 1.65409e+07
26.201 1.65437e+07
26.301 1.65464e+07
26.401 1.65491e+07
26.501 1.65518e+07
26.601 1.65545e+07
26.701 1.6557e+07
26.801 1.65597e+07
26.901 1.65623e+07
27.001 1.65649e+07
27.101 1.65675e+07
27.201 1.657e+07
27.301 1.65726e+07
27.401 1.6575e+07
27.501 1.65775e+07
27.601 1.658e+07
27.701 1.65825e+07
27.801 1.65848e+07
27.901 1.65873e+07
28.001 1.65897e+07
28.101 1.65921e+07
28.201 1.65944e+07
28.301 1.65968e+07
28.401 1.65991e+07
28.501 1.66014e+07
28.601 1.66037e+07
28.701 1.6606e+07
28.801 1.66082e+07
28.901 1.66105e+07
29.001 1.66127e+07
29.101 1.6615e+07
29.201 1.66171e+07
29.301 1.66194e+07
29.401 1.66215e+07
29.501 1.66237e+07
29.601 1.66258e+07
29.701 1.6628e+07
29.801 1.66301e+07
29.901 1.66322e+07
30.001 1.66343e+07
30.101 1.66364e+07
30.201 1.66385e+07
30.301 1.66405e+07
30.401 1.66425e+07
30.501 1.66445e+07
30.601 1.66466e+07
30.701 1.66485e+07
30.801 1.66505e+07
30.901 1.6602e+07
31.001 1.66497e+07
31.101 1.66479e+07
31.201 1.66414e+07
31.301 1.66434e+07
31.401 1.66434e+07
31.501 1.66454e+07
31.601 1.66473e+07
31.701 1.66492e+07
31.801 1.66511e+07
31.901 1.6653e+07
32.001 1.66549e+07
32.101 1.66568e+07
32.201 1.66586e+07
32.301 1.66605e+07
32.401 1.66623e+07
32.501 1.66642e+07
32.601 1.66661e+07
32.701 1.66678e+07
32.801 1.66697e+07
32.901 1.66714e+07
33.001 1.66733e+07
33.101 1.6675e+07
33.201 1.66768e+07
33.301 1.66785e+07
33.401 1.66803e+07
33.501 1.6682e+07
33.601 1.66837e+07
33.701 1.66854e+07
33.801 1.66871e+07
33.901 1.66888e+07
34.001 1.66905e+07
34.101 1.66921e+07
34.201 1.66938e+07
34.301 1.66954e+07
34.401 1.66971e+07
34.501 1.66987e+07
34.601 1.67003e+07
34.701 1.67019e+07
34.801 1.67035e+07
34.901 1.67051e+07
35.001 1.67067e+07
35.101 1.67082e+07
35.201 1.67098e+07
35.301 1.67113e+07
35.401 1.67129e+07
35.501 1.67145e+07
35.601 1.6716e+07
35.701 1.67176e+07
35.801 1.6719e+07
35.901 1.67206e+07
36.001 1.6722e+07
36.101 1.67235e+07
36.201 1.66971e+07
36.301 1.66511e+07
36.401 1.67207e+07
36.501 1.67149e+07
36.601 1.67165e+07
36.701 1.67162e+07
36.801 1.67177e+07
36.901 1.67191e+07
37.001 1.67206e+07
37.101 1.67221e+07
37.201 1.67235e+07
37.301 1.67249e+07
37.401 1.67264e+07
37.501 1.67278e+07
37.601 1.67292e+07
37.701 1.67306e+07
37.801 1.6732e+07
37.901 1.67334e+07
38.001 1.67348e+07
38.101 1.67361e+07
38.201 1.67375e+07
38.301 1.67389e+07
38.401 1.67402e+07
38.501 1.67416e+07
38.601 1.67429e+07
38.701 1.67443e+07
38.801 1.67456e+07
38.901 1.67469e+07
39.001 1.67482e+07
39.101 1.67496e+07
39.201 1.67508e+07
39.301 1.67521e+07
39.401 1.67534e+07
39.501 1.67547e+07
39.601 1.67559e+07
39.701 1.67572e+07
39.801 1.67585e+07
39.901 1.67598e+07
40.001 1.6761e+07
40.101 1.67622e+07
40.201 1.67634e+07
40.301 1.67647e+07
40.401 1.67659e+07
40.501 1.67671e+07
40.601 1.67683e+07
40.701 1.67696e+07
40.801 1.67707e+07
40.901 1.67719e+07
41.001 1.67732e+07
41.101 1.67743e+07
41.201 1.67755e+07
41.301 1.67767e+07
41.401 1.67779e+07
41.501 1.6768e+07
41.601 1.67277e+07
41.701 1.6775e+07
41.801 1.67761e+07
41.901 1.6771e+07
42.001 1.67707e+07
42.101 1.67719e+07
42.201 1.6773e+07
42.301 1.67742e+07
42.401 1.67753e+07
42.501 1.67764e+07
42.601 1.67775e+07
42.701 1.67787e+07
42.801 1.67798e+07
42.901 1.67809e+07
43.001 1.6782e+07
43.101 1.67831e+07
43.201 1.67842e+07
43.301 1.67853e+07
43.401 1.67864e+07
43.501 1.67875e+07
43.601 1.67886e+07
43.701 1.67897e+07
43.801 1.67908e+07
43.901 1.67918e+07
44.001 1.67929e+07
44.101 1.67939e+07
44.201 1.6795e+07
44.301 1.6796e+07
44.401 1.67971e+07
44.501 1.67981e+07
44.601 1.67992e+07
44.701 1.68002e+07
44.801 1.68012e+07
44.901 1.68022e+07
45.001 1.68032e+07
45.101 1.68042e+07
45.201 1.68053e+07
45.301 1.68062e+07
45.401 1.68073e+07
45.501 1.68082e+07
45.601 1.68092e+07
45.701 1.68102e+07
45.801 1.68112e+07
45.901 1.68121e+07
46.001 1.68131e+07
46.101 1.68141e+07
46.201 1.68151e+07
46.301 1.6816e+07
46.401 1.6817e+07
46.501 1.68179e+07
46.601 1.68189e+07
46.701 1.68198e+07
46.801 1.68207e+07
46.901 1.67869e+07
47.001 1.6818e+07
47.101 1.6818e+07
47.201 1.68133e+07
47.301 1.68142e+07
47.401 1.68139e+07
47.501 1.68148e+07
47.601 1.68158e+07
47.701 1.68167e+07
47.801 1.68176e+07
47.901 1.68185e+07
48.001 1.68194e+07
48.101 1.68203e+07
48.201 1.68213e+07
48.301 1.68221e+07
48.401 1.68231e+07
48.501 1.68239e+07
48.601 1.68249e+07
48.701 1.68257e+07
48.801 1.68266e+07
48.901 1.68275e+07
49.001 1.68284e+07
49.101 1.68293e+07
49.201 1.68302e+07
49.301 1.6831e+07
49.401 1.68319e+07
49.501 1.68328e+07
49.601 1.68336e+07
49.701 1.68345e+07
49.801 1.68353e+07
49.901 1.68362e+07
50.001 1.6837e+07
50.101 1.68379e+07
50.201 1.68387e+07
50.301 1.68395e+07
50.401 1.68404e+07
50.501 1.68412e+07
50.601 1.6842e+07
50.701 1.68429e+07
50.801 1.68436e+07
50.901 1.68445e+07
51.001 1.68453e+07
51.101 1.68461e+07
51.201 1.68469e+07
51.301 1.68477e+07
51.401 1.68485e+07
51.501 1.68493e+07
51.601 1.68501e+07
51.701 1.68509e+07
51.801 1.68516e+07
51.901 1.68525e+07
52.001 1.68532e+07
52.101 1.6854e+07
52.201 1.68342e+07
52.301 1.6802e+07
52.401 1.68513e+07
52.501 1.6847e+07
52.601 1.68479e+07
52.701 1.68475e+07
52.801 1.68482e+07
52.901 1.6849e+07
53.001 1.68498e+07
53.101 1.68506e+07
53.201 1.68513e+07
53.301 1.68521e+07
53.401 1.68528e+07
53.501 1.68536e+07
53.601 1.68543e+07
53.701 1.68551e+07
53.801 1.68559e+07
53.901 1.68566e+07
54.001 1.68573e+07
54.101 1.68581e+07
54.201 1.68588e+07
54.301 1.68596e+07
54.401 1.68603e+07
54.501 1.6861e+07
54.601 1.68617e+07
54.701 1.68625e+07
54.801 1.68632e+07
54.901 1.68639e+07
55.001 1.68647e+07
55.101 1.68654e+07
55.201 1.68661e+07
55.301 1.68668e+07
55.401 1.68675e+07
55.501 1.68682e+07
55.601 1.68689e+07
55.701 1.68696e+07
55.801 1.68703e+07
55.901 1.6871e+07
56.001 1.68717e+07
56.101 1.68724e+07
56.201 1.68731e+07
56.301 1.68737e+07
56.401 1.68745e+07
56.501 1.68751e+07
56.601 1.68758e+07
56.701 1.68765e+07
56.801 1.68772e+07
56.901 1.68778e+07
57.001 1.68785e+07
57.101 1.68791e+07
57.201 1.68798e+07
57.301 1.68805e+07
57.401 1.68811e+07
57.501 1.68726e+07
57.601 1.68434e+07
57.701 1.68786e+07
57.801 1.68792e+07
57.901 1.68753e+07
58.001 1.68749e+07
58.101 1.68756e+07
58.201 1.68762e+07
58.301 1.68769e+07
58.401 1.68775e+07
58.501 1.68782e+07
58.601 1.68788e+07
58.701 1.68795e+07
58.801 1.68801e+07
58.901 1.68808e+07
59.001 1.68814e+07
59.101 1.6882e+07
59.201 1.68827e+07
59.301 1.68833e+07
59.401 1.6884e+07
59.501 1.68846e+07
59.601 1.68852e+07
59.701 1.68858e+07
59.801 1.68865e+07
59.901 1.68871e+07
60.001 1.68877e+07
60.101 1.68883e+07
60.201 1.68889e+07
60.301 1.68895e+07
60.401 1.68902e+07
60.501 1.68907e+07
60.601 1.68914e+07
60.701 1.6892e+07
60.801 1.68926e+07
60.901 1.68932e+07
61.001 1.68938e+07
61.101 1.68944e+07
61.201 1.6895e+07
61.301 1.68956e+07
61.401 1.68962e+07
61.501 1.68968e+07
61.601 1.68973e+07
61.701 1.68979e+07
61.801 1.68985e+07
61.901 1.68991e+07
62.001 1.68997e+07
62.101 1.69003e+07
62.201 1.69008e+07
62.301 1.69014e+07
62.401 1.6902e+07
62.501 1.69025e+07
62.601 1.69031e+07
62.701 1.69037e+07
62.801 1.69042e+07
62.901 1.68778e+07
63.001 1.69012e+07
63.101 1.69018e+07
63.201 1.68982e+07
63.301 1.68987e+07
63.401 1.68983e+07
63.501 1.68989e+07
63.601 1.68994e+07
63.701 1.69e+07
63.801 1.69006e+07
63.901 1.69012e+07
64.001 1.69017e+07
64.101 1.69023e+07
64.201 1.69028e+07
64.301 1.69034e+07
64.401 1.69039e+07
64.501 1.69045e+07
64.601 1.6905e+07
64.701 1.69056e+07
64.801 1.69061e+07
64.901 1.69067e+07
65.001 1.69072e+07
65.101 1.69077e+07
65.201 1.69083e+07
65.301 1.69088e+07
65.401 1.69093e+07
65.501 1.69099e+07
65.601 1.69104e+07
65.701 1.69109e+07
65.801 1.69114e+07
65.901 1.6912e+07
66.001 1.69125e+07
66.101 1.6913e+07
66.201 1.69136e+07
66.301 1.69141e+07
66.401 1.69146e+07
66.501 1.69151e+07
66.601 1.69157e+07
66.701 1.69161e+07
66.801 1.69167e+07
66.901 1.69172e+07
67.001 1.69177e+07
67.101 1.69182e+07
67.201 1.69187e+07
67.301 1.69192e+07
67.401 1.69197e+07
67.501 1.69202e+07
67.601 1.69207e+07
67.701 1.69212e+07
67.801 1.69217e+07
67.901 1.69222e+07
68.001 1.69227e+07
68.101 1.69232e+07
68.201 1.69069e+07
68.301 1.68821e+07
68.401 1.69208e+07
68.501 1.69175e+07
68.601 1.6918e+07
68.701 1.69176e+07
68.801 1.6918e+07
68.901 1.69185e+07
69.001 1.69191e+07
69.101 1.69195e+07
69.201 1.692e+07
69.301 1.69205e+07
69.401 1.6921e+07
69.501 1.69215e+07
69.601 1.6922e+07
69.701 1.69224e+07
69.801 1.6923e+07
69.901 1.69234e+07
70.001 1.69239e+07
70.101 1.69244e+07
70.201 1.69249e+07
70.301 1.69253e+07
70.401 1.69258e+07
70.501 1.69263e+07
70.601 1.69268e+07
70.701 1.69272e+07
70.801 1.69277e+07
70.901 1.69281e+07
71.001 1.69286e+07
71.101 1.69291e+07
71.201 1.69295e+07
71.301 1.693e+07
71.401 1.69305e+07
71.501 1.69309e+07
71.601 1.69314e+07
71.701 1.69318e+07
71.801 1.69323e+07
71.901 1.69328e+07
72.001 1.69332e+07
72.101 1.69337e+07
72.201 1.69341e+07
72.301 1.69346e+07
72.401 1.6935e+07
72.501 1.69355e+07
72.601 1.69359e+07
72.701 1.69364e+07
72.801 1.69368e+07
72.901 1.69372e+07
73.001 1.69377e+07
73.101 1.69381e+07
73.201 1.69385e+07
73.301 1.6939e+07
73.401 1.69394e+07
73.501 1.69318e+07
73.601 1.69088e+07
73.701 1.69371e+07
73.801 1.69376e+07
73.901 1.69344e+07
74.001 1.69341e+07
74.101 1.69345e+07
74.201 1.69349e+07
74.301 1.69353e+07
74.401 1.69358e+07
74.501 1.69362e+07
74.601 1.69367e+07
74.701 1.69371e+07
74.801 1.69375e+07
74.901 1.6938e+07
75.001 1.69384e+07
75.101 1.69388e+07
75.201 1.69392e+07
75.301 1.69397e+07
75.401 1.69401e+07
75.501 1.69405e+07
75.601 1.69409e+07
75.701 1.69414e+07
75.801 1.69418e+07
75.901 1.69422e+07
76.001 1.69426e+07
76.101 1.6943e+07
76.201 1.69434e+07
76.301 1.69438e+07
76.401 1.69442e+07
76.501 1.69447e+07
76.601 1.69451e+07
76.701 1.69455e+07
76.801 1.69459e+07
76.901 1.69463e+07
77.001 1.69467e+07
77.101 1.69471e+07
77.201 1.69475e+07
77.301 1.69479e+07
77.401 1.69483e+07
77.501 1.69487e+07
77.601 1.69491e+07
77.701 1.69495e+07
77.801 1.69499e+07
77.901 1.69503e+07
78.001 1.69507e+07
78.101 1.69511e+07
78.201 1.69515e+07
78.301 1.69519e+07
78.401 1.69523e+07
78.501 1.69527e+07
78.601 1.69531e+07
78.701 1.69534e+07
78.801 1.69533e+07
78.901 1.69318e+07
79.001 1.69513e+07
79.101 1.69516e+07
79.201 1.69487e+07
79.301 1.69491e+07
79.401 1.69487e+07
79.501 1.69491e+07
79.601 1.69495e+07
79.701 1.69499e+07
79.801 1.69503e+07
79.901 1.69507e+07
80.001 1.6951e+07
80.101 1.69514e+07
80.201 1.69518e+07
80.301 1.69522e+07
80.401 1.69526e+07
80.501 1.6953e+07
80.601 1.69534e+07
80.701 1.69537e+07
80.801 1.69541e+07
80.901 1.69545e+07
81.001 1.69549e+07
81.101 1.69552e+07
81.201 1.69556e+07
81.301 1.6956e+07
81.401 1.69564e+07
81.501 1.69567e+07
81.601 1.69571e+07
81.701 1.69574e+07
81.801 1.69578e+07
81.901 1.69582e+07
82.001 1.69586e+07
82.101 1.69589e+07
82.201 1.69593e+07
82.301 1.69596e+07
82.401 1.696e+07
82.501 1.69604e+07
82.601 1.69607e+07
82.701 1.69611e+07
82.801 1.69615e+07
82.901 1.69618e+07
83.001 1.69622e+07
83.101 1.69625e+07
83.201 1.69629e+07
83.301 1.69633e+07
83.401 1.69636e+07
83.501 1.6964e+07
83.601 1.69643e+07
83.701 1.69647e+07
83.801 1.6965e+07
83.901 1.69654e+07
84.001 1.69657e+07
84.101 1.69661e+07
84.201 1.6952e+07
84.301 1.69319e+07
84.401 1.6964e+07
84.501 1.69612e+07
84.601 1.69616e+07
84.701 1.69612e+07
84.801 1.69615e+07
84.901 1.69619e+07
85.001 1.69622e+07
85.101 1.69626e+07
85.201 1.69629e+07
85.301 1.69633e+07
85.401 1.69636e+07
85.501 1.69639e+07
85.601 1.69643e+07
85.701 1.69646e+07
85.801 1.6965e+07
85.901 1.69654e+07
86.001 1.69657e+07
86.101 1.6966e+07
86.201 1.69664e+07
86.301 1.69667e+07
86.401 1.6967e+07
86.501 1.69674e+07
86.601 1.69677e+07
86.701 1.69681e+07
86.801 1.69684e+07
86.901 1.69687e+07
87.001 1.6969e+07
87.101 1.69694e+07
87.201 1.69697e+07
87.301 1.69701e+07
87.401 1.69704e+07
87.501 1.69707e+07
87.601 1.6971e+07
87.701 1.69714e+07
87.801 1.69717e+07
87.901 1.6972e+07
88.001 1.69723e+07
88.101 1.69727e+07
88.201 1.6973e+07
88.301 1.69733e+07
88.401 1.69736e+07
88.501 1.6974e+07
88.601 1.69743e+07
88.701 1.69746e+07
88.801 1.69749e+07
88.901 1.69752e+07
89.001 1.69756e+07
89.101 1.69759e+07
89.201 1.69762e+07
89.301 1.69765e+07
89.401 1.69768e+07
89.501 1.69697e+07
89.601 1.69508e+07
89.701 1.69748e+07
89.801 1.69752e+07
89.901 1.69726e+07
90.001 1.69722e+07
90.101 1.69725e+07
90.201 1.69728e+07
90.301 1.69731e+07
90.401 1.69734e+07
90.501 1.69738e+07
90.601 1.69741e+07
90.701 1.69744e+07
90.801 1.69747e+07
90.901 1.6975e+07
91.001 1.69753e+07
91.101 1.69756e+07
91.201 1.69759e+07
91.301 1.69762e+07
91.401 1.69765e+07
91.501 1.69769e+07
91.601 1.69772e+07
91.701 1.69775e+07
91.801 1.69778e+07
91.901 1.69781e+07
92.001 1.69784e+07
92.101 1.69787e+07
92.201 1.6979e+07
92.301 1.69793e+07
92.401 1.69796e+07
92.501 1.69799e+07
92.601 1.69802e+07
92.701 1.69805e+07
92.801 1.69808e+07
92.901 1.69811e+07
93.001 1.69814e+07
93.101 1.69817e+07
93.201 1.6982e+07
93.301 1.69823e+07
93.401 1.69826e+07
93.501 1.69829e+07
93.601 1.69832e+07
93.701 1.69835e+07
93.801 1.69838e+07
93.901 1.69841e+07
94.001 1.69844e+07
94.101 1.69846e+07
94.201 1.69849e+07
94.301 1.69853e+07
94.401 1.69855e+07
94.501 1.69858e+07
94.601 1.69861e+07
94.701 1.69864e+07
94.801 1.69855e+07
94.901 1.69676e+07
95.001 1.69845e+07
95.101 1.69848e+07
95.201 1.69823e+07
95.301 1.69826e+07
95.401 1.69822e+07
95.501 1.69825e+07
95.601 1.69828e+07
95.701 1.69831e+07
95.801 1.69834e+07
95.901 1.69837e+07
96.001 1.6984e+07
96.101 1.69842e+07
96.201 1.69845e+07
96.301 1.69848e+07
96.401 1.69851e+07
96.501 1.69854e+07
96.601 1.69857e+07
96.701 1.69859e+07
96.801 1.69862e+07
96.901 1.69865e+07
97.001 1.69868e+07
97.101 1.69871e+07
97.201 1.69873e+07
97.301 1.69876e+07
97.401 1.69879e+07
97.501 1.69882e+07
97.601 1.69885e+07
97.701 1.69887e+07
97.801 1.6989e+07
97.901 1.69893e+07
98.001 1.69896e+07
98.101 1.69898e+07
98.201 1.69901e+07
98.301 1.69904e+07
98.401 1.69907e+07
98.501 1.69909e+07
98.601 1.69912e+07
98.701 1.69915e+07
98.801 1.69917e+07
98.901 1.6992e+07
99.001 1.69923e+07
99.101 1.69926e+07
99.201 1.69928e+07
99.301 1.69931e+07
99.401 1.69933e+07
99.501 1.69936e+07
99.601 1.69939e+07
99.701 1.69942e+07
99.801 1.69944e+07
99.901 1.69947e+07
100.001 1.6995e+07
100.101 1.69952e+07
100.201 1.69826e+07
100.301 1.69657e+07
100.401 1.69934e+07
100.501 1.6991e+07
100.601 1.69913e+07
100.701 1.69909e+07
100.801 1.69912e+07
100.901 1.69915e+07
101.001 1.69917e+07
101.101 1.6992e+07
101.201 1.69923e+07
101.301 1.69925e+07
101.401 1.69928e+07
101.501 1.69931e+07
101.601 1.69933e+07
101.701 1.69936e+07
101.801 1.69938e+07
101.901 1.69941e+07
102.001 1.69943e+07
102.101 1.69946e+07
102.201 1.69949e+07
102.301 1.69951e+07
102.401 1.69954e+07
102.501 1.69956e+07
102.601 1.69959e+07
102.701 1.69962e+07
102.801 1.69964e+07
102.901 1.69967e+07
103.001 1.69969e+07
103.101 1.69972e+07
103.201 1.69974e+07
103.301 1.69977e+07
103.401 1.69979e+07
103.501 1.69982e+07
103.601 1.69984e+07
103.701 1.69987e+07
103.801 1.69989e+07
103.901 1.69992e+07
104.001 1.69994e+07
104.101 1.69997e+07
104.201 1.69999e+07
104.301 1.70002e+07
104.401 1.70004e+07
104.501 1.70007e+07
104.601 1.70009e+07
104.701 1.70012e+07
104.801 1.70014e+07
104.901 1.70017e+07
105.001 1.70019e+07
105.101 1.70021e+07
105.201 1.70024e+07
105.301 1.70026e+07
105.401 1.70029e+07
105.501 1.69962e+07
105.601 1.69801e+07
105.701 1.70011e+07
105.801 1.70013e+07
105.901 1.69991e+07
106.001 1.69988e+07
106.101 1.6999e+07
106.201 1.69993e+07
106.301 1.69995e+07
106.401 1.69998e+07
106.501 1.7e+07
106.601 1.70002e+07
106.701 1.70005e+07
106.801 1.70007e+07
106.901 1.7001e+07
107.001 1.70012e+07
107.101 1.70014e+07
107.201 1.70017e+07
107.301 1.70019e+07
107.401 1.70022e+07
107.501 1.70024e+07
107.601 1.70026e+07
107.701 1.70029e+07
107.801 1.70031e+07
107.901 1.70033e+07
108.001 1.70036e+07
108.101 1.70038e+07
108.201 1.70041e+07
108.301 1.70043e+07
108.401 1.70045e+07
108.501 1.70048e+07
108.601 1.7005e+07
108.701 1.70052e+07
108.801 1.70055e+07
108.901 1.70057e+07
109.001 1.70059e+07
109.101 1.70062e+07
109.201 1.70064e+07
109.301 1.70066e+07
109.401 1.70069e+07
109.501 1.70071e+07
109.601 1.70073e+07
109.701 1.70076e+07
109.801 1.70078e+07
109.901 1.7008e+07
110.001 1.70082e+07
110.101 1.70085e+07
110.201 1.70087e+07
110.301 1.70089e+07
110.401 1.70091e+07
110.501 1.70094e+07
110.601 1.70096e+07
110.701 1.70098e+07
110.801 1.70084e+07
110.901 1.69931e+07
111.001 1.70081e+07
111.101 1.70083e+07
111.201 1.70062e+07
111.301 1.70064e+07
111.401 1.70061e+07
111.501 1.70063e+07
111.601 1.70066e+07
111.701 1.70068e+07
111.801 1.7007e+07
111.901 1.70072e+07
112.001 1.70074e+07
112.101 1.70077e+07
112.201 1.70079e+07
112.301 1.70081e+07
112.401 1.70083e+07
112.501 1.70086e+07
112.601 1.70088e+07
112.701 1.7009e+07
112.801 1.70092e+07
112.901 1.70095e+07
113.001 1.70097e+07
113.101 1.70099e+07
113.201 1.70101e+07
113.301 1.70103e+07
113.401 1.70105e+07
113.501 1.70108e+07
113.601 1.7011e+07
113.701 1.70112e+07
113.801 1.70114e+07
113.901 1.70116e+07
114.001 1.70119e+07
114.101 1.70121e+07
114.201 1.70123e+07
114.301 1.70125e+07
114.401 1.70127e+07
114.501 1.70129e+07
114.601 1.70132e+07
114.701 1.70134e+07
114.801 1.70136e+07
114.901 1.70138e+07
115.001 1.7014e+07
115.101 1.70142e+07
115.201 1.70144e+07
115.301 1.70146e+07
115.401 1.70149e+07
115.501 1.70151e+07
115.601 1.70153e+07
115.701 1.70155e+07
115.801 1.70157e+07
115.901 1.70159e+07
116.001 1.70161e+07
116.101 1.70163e+07
116.201 1.70049e+07
116.301 1.69903e+07
116.401 1.70147e+07
116.501 1.70126e+07
116.601 1.70128e+07
116.701 1.70125e+07
116.801 1.70128e+07
116.901 1.7013e+07
117.001 1.70132e+07
117.101 1.70134e+07
117.201 1.70136e+07
117.301 1.70138e+07
117.401 1.7014e+07
117.501 1.70142e+07
117.601 1.70144e+07
117.701 1.70146e+07
117.801 1.70148e+07
117.901 1.7015e+07
118.001 1.70153e+07
118.101 1.70154e+07
118.201 1.70157e+07
118.301 1.70159e+07
118.401 1.70161e+07
118.501 1.70163e+07
118.601 1.70165e+07
118.701 1.70167e+07
118.801 1.70169e+07
118.901 1.70171e+07
119.001 1.70173e+07
119.101 1.70175e+07
119.201 1.70177e+07
119.301 1.70179e+07
119.401 1.70181e+07
119.501 1.70183e+07
119.601 1.70185e+07
119.701 1.70187e+07
119.801 1.70189e+07
119.901 1.70191e+07
120.001 1.70193e+07
120.101 1.70195e+07
120.201 1.70197e+07
120.301 1.70199e+07
120.401 1.70201e+07
120.501 1.70203e+07
120.601 1.70205e+07
120.701 1.70207e+07
120.801 1.70209e+07
120.901 1.70211e+07
121.001 1.70213e+07
121.101 1.70215e+07
121.201 1.70217e+07
121.301 1.70219e+07
121.401 1.70221e+07
121.501 1.70157e+07
121.601 1.70017e+07
121.701 1.70205e+07
121.801 1.70201e+07
121.901 1.70187e+07
122.001 1.70184e+07
122.101 1.70186e+07
122.201 1.70188e+07
122.301 1.7019e+07
122.401 1.70192e+07
122.501 1.70194e+07
122.601 1.70196e+07
122.701 1.70198e+07
122.801 1.702e+07
122.901 1.70202e+07
123.001 1.70204e+07
123.101 1.70206e+07
123.201 1.70207e+07
123.301 1.7021e+07
123.401 1.70211e+07
123.501 1.70213e+07
123.601 1.70215e+07
123.701 1.70217e+07
123.801 1.70219e+07
123.901 1.70221e+07
124.001 1.70223e+07
124.101 1.70225e+07
124.201 1.70227e+07
124.301 1.70229e+07
124.401 1.7023e+07
124.501 1.70232e+07
124.601 1.70234e+07
124.701 1.70236e+07
124.801 1.70238e+07
124.901 1.7024e+07
125.001 1.70242e+07
125.101 1.70244e+07
125.201 1.70246e+07
125.301 1.70247e+07
125.401 1.70249e+07
125.501 1.70251e+07
125.601 1.70253e+07
125.701 1.70255e+07
125.801 1.70257e+07
125.901 1.70259e+07
126.001 1.70261e+07
126.101 1.70262e+07
126.201 1.70264e+07
126.301 1.70266e+07
126.401 1.70268e+07
126.501 1.7027e+07
126.601 1.70272e+07
126.701 1.70273e+07
126.801 1.70256e+07
126.901 1.70121e+07
127.001 1.70258e+07
127.101 1.7026e+07
127.201 1.70241e+07
127.301 1.70243e+07
127.401 1.7024e+07
127.501 1.70242e+07
127.601 1.70243e+07
127.701 1.70245e+07
127.801 1.70247e+07
127.901 1.70249e+07
128.001 1.70251e+07
128.101 1.70253e+07
128.201 1.70255e+07
128.301 1.70256e+07
128.401 1.70258e+07
128.501 1.7026e+07
128.601 1.70262e+07
128.701 1.70263e+07
128.801 1.70265e+07
128.901 1.70267e+07
129.001 1.70269e+07
129.101 1.70271e+07
129.201 1.70273e+07
129.301 1.70274e+07
129.401 1.70276e+07
129.501 1.70278e+07
129.601 1.7028e+07
129.701 1.70281e+07
129.801 1.70283e+07
129.901 1.70285e+07
130.001 1.70287e+07
130.101 1.70288e+07
130.201 1.7029e+07
130.301 1.70292e+07
130.401 1.70294e+07
130.501 1.70295e+07
130.601 1.70297e+07
130.701 1.70299e+07
130.801 1.70301e+07
130.901 1.70303e+07
131.001 1.70304e+07
131.101 1.70306e+07
131.201 1.70308e+07
131.301 1.7031e+07
131.401 1.70311e+07
131.501 1.70313e+07
131.601 1.70315e+07
131.701 1.70317e+07
131.801 1.70318e+07
131.901 1.7032e+07
132.001 1.70322e+07
132.101 1.70323e+07
132.201 1.70217e+07
132.301 1.70326e+07
132.401 1.70309e+07
132.501 1.7029e+07
132.601 1.70292e+07
132.701 1.70289e+07
132.801 1.70291e+07
132.901 1.70293e+07
133.001 1.70294e+07
133.101 1.70296e+07
133.201 1.70298e+07
133.301 1.70299e+07
133.401 1.70301e+07
133.501 1.70303e+07
133.601 1.70305e+07
133.701 1.70307e+07
133.801 1.70308e+07
133.901 1.7031e+07
134.001 1.70312e+07
134.101 1.70313e+07
134.201 1.70315e+07
134.301 1.70317e+07
134.401 1.70318e+07
134.501 1.7032e+07
134.601 1.70322e+07
134.701 1.70323e+07
134.801 1.70325e+07
134.901 1.70327e+07
135.001 1.70328e+07
135.101 1.7033e+07
135.201 1.70332e+07
135.301 1.70333e+07
135.401 1.70335e+07
135.501 1.70337e+07
135.601 1.70338e+07
135.701 1.7034e+07
135.801 1.70342e+07
135.901 1.70343e+07
136.001 1.70345e+07
136.101 1.70347e+07
136.201 1.70348e+07
136.301 1.7035e+07
136.401 1.70352e+07
136.501 1.70353e+07
136.601 1.70355e+07
136.701 1.70357e+07
136.801 1.70358e+07
136.901 1.7036e+07
137.001 1.70361e+07
137.101 1.70363e+07
137.201 1.70365e+07
137.301 1.70366e+07
137.401 1.70368e+07
137.501 1.70306e+07
137.601 1.70183e+07
137.701 1.70354e+07
137.801 1.70345e+07
137.901 1.70338e+07
138.001 1.70335e+07
138.101 1.70337e+07
138.201 1.70338e+07
138.301 1.7034e+07
138.401 1.70341e+07
138.501 1.70343e+07
138.601 1.70345e+07
138.701 1.70346e+07
138.801 1.70348e+07
138.901 1.70349e+07
139.001 1.70351e+07
139.101 1.70353e+07
139.201 1.70354e+07
139.301 1.70356e+07
139.401 1.70358e+07
139.501 1.70359e+07
139.601 1.70361e+07
139.701 1.70362e+07
139.801 1.70364e+07
139.901 1.70365e+07
140.001 1.70367e+07
140.101 1.70369e+07
140.201 1.7037e+07
140.301 1.70372e+07
140.401 1.70373e+07
140.501 1.70375e+07
140.601 1.70377e+07
140.701 1.70378e+07
140.801 1.7038e+07
140.901 1.70381e+07
141.001 1.70383e+07
141.101 1.70384e+07
141.201 1.70386e+07
141.301 1.70387e+07
141.401 1.70389e+07
141.501 1.70391e+07
141.601 1.70392e+07
141.701 1.70394e+07
141.801 1.70395e+07
141.901 1.70397e+07
142.001 1.70398e+07
142.101 1.704e+07
142.201 1.70401e+07
142.301 1.70403e+07
142.401 1.70405e+07
142.501 1.70406e+07
142.601 1.70408e+07
142.701 1.70409e+07
142.801 1.70388e+07
142.901 1.70269e+07
143.001 1.70395e+07
143.101 1.70397e+07
143.201 1.7038e+07
143.301 1.70377e+07
143.401 1.70379e+07
143.501 1.7038e+07
143.601 1.70382e+07
143.701 1.70383e+07
143.801 1.70385e+07
143.901 1.70386e+07
144.001 1.70388e+07
144.101 1.70389e+07
144.201 1.70391e+07
144.301 1.70392e+07
144.401 1.70394e+07
144.501 1.70395e+07
144.601 1.70397e+07
144.701 1.70398e+07
144.801 1.704e+07
144.901 1.70402e+07
145.001 1.70403e+07
145.101 1.70405e+07
145.201 1.70406e+07
145.301 1.70408e+07
145.401 1.70409e+07
145.501 1.70411e+07
145.601 1.70412e+07
145.701 1.70414e+07
145.801 1.70415e+07
145.901 1.70417e+07
146.001 1.70418e+07
146.101 1.7042e+07
146.201 1.70421e+07
146.301 1.70423e+07
146.401 1.70424e+07
146.501 1.70425e+07
146.601 1.70427e+07
146.701 1.70428e+07
146.801 1.7043e+07
146.901 1.70431e+07
147.001 1.70433e+07
147.101 1.70434e+07
147.201 1.70436e+07
147.301 1.70437e+07
147.401 1.70439e+07
147.501 1.7044e+07
147.601 1.70442e+07
147.701 1.70443e+07
147.801 1.70445e+07
147.901 1.70446e+07
148.001 1.70447e+07
148.101 1.70449e+07
148.201 1.7035e+07
148.301 1.70447e+07
148.401 1.70435e+07
148.501 1.70419e+07
148.601 1.70421e+07
148.701 1.70418e+07
148.801 1.70419e+07
148.901 1.70421e+07
149.001 1.70422e+07
149.101 1.70424e+07
149.201 1.70425e+07
149.301 1.70427e+07
149.401 1.70428e+07
149.501 1.7043e+07
149.601 1.70431e+07
149.701 1.70432e+07
149.801 1.70434e+07
149.901 1.70435e+07
150.001 1.70437e+07
150.101 1.70438e+07
150.201 1.70439e+07
150.301 1.70441e+07
150.401 1.70442e+07
150.501 1.70444e+07
150.601 1.70445e+07
150.701 1.70447e+07
150.801 1.70448e+07
150.901 1.7045e+07
151.001 1.70451e+07
151.101 1.70452e+07
151.201 1.70454e+07
151.301 1.70455e+07
151.401 1.70457e+07
151.501 1.70458e+07
151.601 1.70459e+07
151.701 1.70461e+07
151.801 1.70462e+07
151.901 1.70464e+07
152.001 1.70465e+07
152.101 1.70466e+07
152.201 1.70468e+07
152.301 1.70469e+07
152.401 1.70471e+07
152.501 1.70472e+07
152.601 1.70473e+07
152.701 1.70475e+07
152.801 1.70476e+07
152.901 1.70477e+07
153.001 1.70479e+07
153.101 1.7048e+07
153.201 1.70482e+07
153.301 1.70483e+07
153.401 1.70484e+07
153.501 1.70425e+07
153.601 1.70314e+07
153.701 1.70471e+07
153.801 1.70459e+07
153.901 1.70457e+07
154.001 1.70454e+07
154.101 1.70456e+07
154.201 1.70457e+07
154.301 1.70458e+07
154.401 1.7046e+07
154.501 1.70461e+07
154.601 1.70463e+07
154.701 1.70464e+07
154.801 1.70465e+07
154.901 1.70467e+07
155.001 1.70468e+07
155.101 1.70469e+07
155.201 1.70471e+07
155.301 1.70472e+07
155.401 1.70474e+07
155.501 1.70475e+07
155.601 1.70476e+07
155.701 1.70478e+07
155.801 1.70479e+07
155.901 1.7048e+07
156.001 1.70482e+07
156.101 1.70483e+07
156.201 1.70484e+07
156.301 1.70486e+07
156.401 1.70487e+07
156.501 1.70489e+07
156.601 1.7049e+07
156.701 1.70491e+07
156.801 1.70492e+07
156.901 1.70494e+07
157.001 1.70495e+07
157.101 1.70497e+07
157.201 1.70498e+07
157.301 1.70499e+07
157.401 1.705e+07
157.501 1.70502e+07
157.601 1.70503e+07
157.701 1.70504e+07
157.801 1.70506e+07
157.901 1.70507e+07
158.001 1.70508e+07
158.101 1.7051e+07
158.201 1.70511e+07
158.301 1.70512e+07
158.401 1.70514e+07
158.501 1.70515e+07
158.601 1.70516e+07
158.701 1.70518e+07
158.801 1.70495e+07
158.901 1.70387e+07
159.001 1.70505e+07
159.101 1.70506e+07
159.201 1.70491e+07
159.301 1.70488e+07
159.401 1.7049e+07
159.501 1.70491e+07
159.601 1.70492e+07
159.701 1.70494e+07
159.801 1.70495e+07
159.901 1.70496e+07
160.001 1.70498e+07
160.101 1.70499e+07
160.201 1.705e+07
160.301 1.70502e+07
160.401 1.70503e+07
160.501 1.70504e+07
160.601 1.70505e+07
160.701 1.70507e+07
160.801 1.70508e+07
160.901 1.70509e+07
161.001 1.70511e+07
161.101 1.70512e+07
161.201 1.70513e+07
161.301 1.70514e+07
161.401 1.70516e+07
161.501 1.70517e+07
161.601 1.70518e+07
161.701 1.7052e+07
161.801 1.70521e+07
161.901 1.70522e+07
162.001 1.70523e+07
162.101 1.70525e+07
162.201 1.70526e+07
162.301 1.70527e+07
162.401 1.70529e+07
162.501 1.7053e+07
162.601 1.70531e+07
162.701 1.70532e+07
162.801 1.70534e+07
162.901 1.70535e+07
163.001 1.70536e+07
163.101 1.70537e+07
163.201 1.70539e+07
163.301 1.7054e+07
163.401 1.70541e+07
163.501 1.70542e+07
163.601 1.70544e+07
163.701 1.70545e+07
163.801 1.70546e+07
163.901 1.70547e+07
164.001 1.70549e+07
164.101 1.7055e+07
164.201 1.70456e+07
164.301 1.70543e+07
164.401 1.70538e+07
164.501 1.70523e+07
164.601 1.70524e+07
164.701 1.70521e+07
164.801 1.70523e+07
164.901 1.70524e+07
165.001 1.70525e+07
165.101 1.70526e+07
165.201 1.70528e+07
165.301 1.70529e+07
165.401 1.7053e+07
165.501 1.70531e+07
165.601 1.70533e+07
165.701 1.70534e+07
165.801 1.70535e+07
165.901 1.70536e+07
166.001 1.70538e+07
166.101 1.70539e+07
166.201 1.7054e+07
166.301 1.70541e+07
166.401 1.70543e+07
166.501 1.70544e+07
166.601 1.70545e+07
166.701 1.70546e+07
166.801 1.70548e+07
166.901 1.70549e+07
167.001 1.7055e+07
167.101 1.70551e+07
167.201 1.70552e+07
167.301 1.70554e+07
167.401 1.70555e+07
167.501 1.70556e+07
167.601 1.70557e+07
167.701 1.70559e+07
167.801 1.7056e+07
167.901 1.70561e+07
168.001 1.70562e+07
168.101 1.70563e+07
168.201 1.70564e+07
168.301 1.70566e+07
168.401 1.70567e+07
168.501 1.70568e+07
168.601 1.70569e+07
168.701 1.70571e+07
168.801 1.70572e+07
168.901 1.70573e+07
169.001 1.70574e+07
169.101 1.70575e+07
169.201 1.70576e+07
169.301 1.70578e+07
169.401 1.70579e+07
169.501 1.70521e+07
169.601 1.7042e+07
169.701 1.70567e+07
169.801 1.70553e+07
169.901 1.70554e+07
170.001 1.70551e+07
170.101 1.70553e+07
170.201 1.70554e+07
170.301 1.70555e+07
170.401 1.70556e+07
170.501 1.70557e+07
170.601 1.70558e+07
170.701 1.7056e+07
170.801 1.70561e+07
170.901 1.70562e+07
171.001 1.70563e+07
171.101 1.70564e+07
171.201 1.70566e+07
171.301 1.70567e+07
171.401 1.70568e+07
171.501 1.70569e+07
171.601 1.7057e+07
171.701 1.70572e+07
171.801 1.70573e+07
171.901 1.70574e+07
172.001 1.70575e+07
172.101 1.70576e+07
172.201 1.70577e+07
172.301 1.70579e+07
172.401 1.7058e+07
172.501 1.70581e+07
172.601 1.70582e+07
172.701 1.70583e+07
172.801 1.70584e+07
172.901 1.70585e+07
173.001 1.70587e+07
173.101 1.70588e+07
173.201 1.70589e+07
173.301 1.7059e+07
173.401 1.70591e+07
173.501 1.70592e+07
173.601 1.70594e+07
173.701 1.70595e+07
173.801 1.70596e+07
173.901 1.70597e+07
174.001 1.70598e+07
174.101 1.70599e+07
174.201 1.706e+07
174.301 1.70602e+07
174.401 1.70603e+07
174.501 1.70604e+07
174.601 1.70605e+07
174.701 1.70606e+07
174.801 1.70581e+07
174.901 1.70484e+07
175.001 1.70594e+07
175.101 1.70596e+07
175.201 1.70582e+07
175.301 1.70579e+07
175.401 1.7058e+07
175.501 1.70582e+07
175.601 1.70583e+07
175.701 1.70584e+07
175.801 1.70585e+07
175.901 1.70586e+07
176.001 1.70587e+07
176.101 1.70588e+07
176.201 1.7059e+07
176.301 1.70591e+07
176.401 1.70592e+07
176.501 1.70593e+07
176.601 1.70594e+07
176.701 1.70595e+07
176.801 1.70596e+07
176.901 1.70597e+07
177.001 1.70599e+07
177.101 1.706e+07
177.201 1.70601e+07
177.301 1.70602e+07
177.401 1.70603e+07
177.501 1.70604e+07
177.601 1.70605e+07
177.701 1.70606e+07
177.801 1.70608e+07
177.901 1.70609e+07
178.001 1.7061e+07
178.101 1.70611e+07
178.201 1.70612e+07
178.301 1.70613e+07
178.401 1.70614e+07
178.501 1.70615e+07
178.601 1.70616e+07
178.701 1.70618e+07
178.801 1.70619e+07
178.901 1.7062e+07
179.001 1.70621e+07
179.101 1.70622e+07
179.201 1.70623e+07
179.301 1.70624e+07
179.401 1.70625e+07
179.501 1.70626e+07
179.601 1.70627e+07
179.701 1.70629e+07
179.801 1.7063e+07
179.901 1.70631e+07
180.001 1.70632e+07
180.101 1.70633e+07
180.201 1.70544e+07
180.301 1.70623e+07
180.401 1.70622e+07
180.501 1.70608e+07
180.601 1.70609e+07
180.701 1.70607e+07
180.801 1.70608e+07
180.901 1.70609e+07
181.001 1.7061e+07
181.101 1.70611e+07
181.201 1.70612e+07
181.301 1.70613e+07
181.401 1.70614e+07
181.501 1.70616e+07
181.601 1.70617e+07
181.701 1.70618e+07
181.801 1.70619e+07
181.901 1.7062e+07
182.001 1.70621e+07
182.101 1.70622e+07
182.201 1.70623e+07
182.301 1.70624e+07
182.401 1.70625e+07
182.501 1.70626e+07
182.601 1.70627e+07
182.701 1.70629e+07
182.801 1.7063e+07
182.901 1.70631e+07
183.001 1.70632e+07
183.101 1.70633e+07
183.201 1.70634e+07
183.301 1.70635e+07
183.401 1.70636e+07
183.501 1.70637e+07
183.601 1.70638e+07
183.701 1.70639e+07
183.801 1.7064e+07
183.901 1.70641e+07
184.001 1.70642e+07
184.101 1.70643e+07
184.201 1.70645e+07
184.301 1.70645e+07
184.401 1.70647e+07
184.501 1.70648e+07
184.601 1.70649e+07
184.701 1.7065e+07
184.801 1.70651e+07
184.901 1.70652e+07
185.001 1.70653e+07
185.101 1.70654e+07
185.201 1.70655e+07
185.301 1.70656e+07
185.401 1.70657e+07
185.501 1.706e+07
185.601 1.70508e+07
185.701 1.70646e+07
185.801 1.70633e+07
185.901 1.70634e+07
186.001 1.70632e+07
186.101 1.70633e+07
186.201 1.70634e+07
186.301 1.70635e+07
186.401 1.70636e+07
186.501 1.70637e+07
186.601 1.70638e+07
186.701 1.70639e+07
186.801 1.7064e+07
186.901 1.70641e+07
187.001 1.70642e+07
187.101 1.70643e+07
187.201 1.70644e+07
187.301 1.70645e+07
187.401 1.70646e+07
187.501 1.70647e+07
187.601 1.70648e+07
187.701 1.70649e+07
187.801 1.7065e+07
187.901 1.70651e+07
188.001 1.70652e+07
188.101 1.70653e+07
188.201 1.70655e+07
188.301 1.70655e+07
188.401 1.70657e+07
188.501 1.70658e+07
188.601 1.70659e+07
188.701 1.7066e+07
188.801 1.70661e+07
188.901 1.70662e+07
189.001 1.70663e+07
189.101 1.70664e+07
189.201 1.70665e+07
189.301 1.70666e+07
189.401 1.70667e+07
189.501 1.70668e+07
189.601 1.70669e+07
189.701 1.7067e+07
189.801 1.70671e+07
189.901 1.70672e+07
190.001 1.70673e+07
190.101 1.70674e+07
190.201 1.70675e+07
190.301 1.70676e+07
190.401 1.70677e+07
190.501 1.70678e+07
190.601 1.70679e+07
190.701 1.7068e+07
190.801 1.70653e+07
190.901 1.70564e+07
191.001 1.70669e+07
191.101 1.7067e+07
191.201 1.70657e+07
191.301 1.70655e+07
191.401 1.70656e+07
191.501 1.70657e+07
191.601 1.70658e+07
191.701 1.70659e+07
191.801 1.7066e+07
191.901 1.70661e+07
192.001 1.70662e+07
192.101 1.70663e+07
192.201 1.70664e+07
192.301 1.70665e+07
192.401 1.70666e+07
192.501 1.70667e+07
192.601 1.70668e+07
192.701 1.70669e+07
192.801 1.7067e+07
192.901 1.70671e+07
193.001 1.70672e+07
193.101 1.70673e+07
193.201 1.70674e+07
193.301 1.70675e+07
193.401 1.70676e+07
193.501 1.70677e+07
193.601 1.70678e+07
193.701 1.70679e+07
193.801 1.7068e+07
193.901 1.70681e+07
194.001 1.70682e+07
194.101 1.70683e+07
194.201 1.70684e+07
194.301 1.70685e+07
194.401 1.70686e+07
194.501 1.70687e+07
194.601 1.70688e+07
194.701 1.70689e+07
194.801 1.7069e+07
194.901 1.70691e+07
195.001 1.70692e+07
195.101 1.70693e+07
195.201 1.70694e+07
195.301 1.70695e+07
195.401 1.70696e+07
195.501 1.70697e+07
195.601 1.70698e+07
195.701 1.70699e+07
195.801 1.707e+07
195.901 1.707e+07
196.001 1.70701e+07
196.101 1.70702e+07
196.201 1.70617e+07
196.301 1.70691e+07
196.401 1.70692e+07
196.501 1.70679e+07
196.601 1.7068e+07
196.701 1.70678e+07
196.801 1.70679e+07
196.901 1.7068e+07
197.001 1.70681e+07
197.101 1.70682e+07
197.201 1.70683e+07
197.301 1.70684e+07
197.401 1.70685e+07
197.501 1.70686e+07
197.601 1.70687e+07
197.701 1.70688e+07
197.801 1.70689e+07
197.901 1.7069e+07
198.001 1.70683e+07
198.101 1.70597e+07
198.201 1.70511e+07
198.301 1.70425e+07
198.401 1.70339e+07
198.501 1.70253e+07
198.601 1.70167e+07
198.701 1.70082e+07
198.801 1.69996e+07
198.901 1.69911e+07
199.001 1.69825e+07
199.101 1.6974e+07
199.201 1.69655e+07
199.301 1.6957e+07
199.401 1.69484e+07
199.501 1.694e+07
199.601 1.69315e+07
199.701 1.6923e+07
199.801 1.69145e+07
199.901 1.69061e+07
200.001 1.68976e+07
