0.0200654 34000
0.0403209 34340
0.0406361 34680
0.0409513 35020
0.0412665 35360
0.0415817 35700
0.0418969 36040
0.0422121 36380
0.0425273 36720
0.0428425 37060
0.0431577 37400
0.0434729 37740
0.0437881 38080
0.0441033 38420
0.0444185 38760
0.0447337 39100
0.0450489 39440
0.0453641 39780
0.0456793 40120
0.0459945 40460
0.0463097 40800
0.0466249 41140
0.0469401 41480
0.0472553 41820
0.0475705 42160
0.0478857 42500
0.0482009 42840
0.0485161 43180
0.0488313 43520
0.0491465 43860
0.0494617 44200
0.0497769 44540
0.0500921 44880
0.0504073 45220
0.0507225 45560
0.0510377 45900
0.0513529 46240
0.0516681 46580
0.0519833 46920
0.0522985 47260
0.0526137 47600
0.0529289 47940
0.0532441 48280
0.0535593 48620
0.0538745 48960
0.0541897 49300
0.0545049 49640
0.0548201 49980
0.0551353 50320
0.0554505 50660
0.0557657 51000
0.0605722 51340
0.0608874 51680
0.0612026 52020
0.0615178 52360
0.061833 52700
0.0621482 53040
0.0624634 53380
0.0627786 53720
0.0630938 54060
0.063409 54400
0.0637242 54740
0.0640394 55080
0.0643546 55420
0.0646698 55760
0.064985 56100
0.0653002 56440
0.0656154 56780
0.0659306 57120
0.0662458 57460
0.066561 57800
0.0668762 58140
0.0671914 58480
0.0675066 58820
0.0678218 59160
0.068137 59500
0.0684522 59840
0.0687674 60180
0.0690826 60520
0.0693978 60860
0.069713 61200
0.0700282 61540
0.0703434 61880
0.0706586 62220
0.0709738 62560
0.071289 62900
0.0716042 63240
0.0719194 63580
0.0722346 63920
0.0725498 64260
0.072865 64600
0.0731802 64940
0.0734954 65280
0.0738106 65620
0.0741258 65960
0.074441 66300
0.0747562 66640
0.0750714 66980
0.0753866 67320
0.0757018 67660
0.076017 68000
0.0763322 68340
0.0766474 68680
0.0769626 69020
0.0772778 69360
0.077593 69700
0.0779082 70040
0.0782234 70380
0.0785386 70720
0.0788538 71060
0.079169 71400
0.0794842 71740
0.0797994 72080
0.0801146 72420
0.0804298 72760
0.080745 73100
0.0810602 73440
0.0813754 73780
0.0816906 74120
0.0820058 74460
0.082321 74800
0.0826362 75140
0.0829514 75480
0.0832666 75820
0.0835818 76160
0.083897 76500
0.0842122 76840
0.0845274 77180
0.0848426 77520
0.0851578 77860
0.085473 78200
0.0857882 78540
0.0861034 78880
0.0864186 79220
0.0867338 79560
0.087049 79900
0.0873642 80240
0.0876794 80580
0.0879946 80920
0.0883098 81260
0.088625 81600
0.0889402 81940
0.0892554 82280
0.0895706 82620
0.0898858 82960
0.090201 83300
0.0905162 83640
0.0908314 83980
0.0911466 84320
0.0914618 84660
0.091777 85000
0.0920922 85340
0.0924074 85680
0.0927226 86020
0.0930378 86360
0.093353 86700
0.0936682 87040
0.0939834 87380
0.0942986 87720
0.0946138 88060
0.094929 88400
0.0952442 88740
0.0955594 89080
0.0958746 89420
0.0961898 89760
0.096505 90100
0.0968202 90440
0.0971354 90780
0.0974506 91120
0.0977658 91460
0.098081 91800
0.0983962 92140
0.0987114 92480
0.0990266 92820
0.0993418 93160
0.099657 93500
0.0999722 93840
0.100287 94180
0.100603 94520
0.100918 94860
0.101233 95200
0.101548 95540
0.101863 95880
0.102179 96220
0.102494 96560
0.102809 96900
0.103124 97240
0.103439 97580
0.103755 97920
0.10407 98260
0.104385 98600
0.1047 98940
0.105015 99280
0.105331 99620
0.105646 99960
0.105961 100300
0.106276 100640
0.106591 100980
0.106907 101320
0.107222 101660
0.107537 102000
0.107852 102340
0.108167 102680
0.108483 103020
0.108798 103360
0.109113 103700
0.109428 104040
0.109743 104380
0.110059 104720
0.110374 105060
0.110689 105400
0.111004 105740
0.111319 106080
0.111635 106420
0.11195 106760
0.112265 107100
0.11258 107440
0.112895 107780
0.113211 108120
0.113526 108460
0.113841 108800
0.114156 109140
0.114471 109480
0.114787 109820
0.115102 110160
0.115417 110500
0.115732 110840
0.116047 111180
0.116363 111520
0.116678 111860
0.116993 112200
0.117308 112540
0.117623 112880
0.117939 113220
0.118254 113560
0.118569 113900
0.118884 114240
0.119199 114580
0.119515 114920
0.11983 115260
0.120145 115600
0.12046 115940
0.120775 116280
0.121091 116620
0.121406 116960
0.121721 117300
0.122036 117640
0.122351 117980
0.122667 118320
0.122982 118660
0.123297 119000
0.123612 119340
0.123927 119680
0.124243 120020
0.124558 120360
0.124873 120700
0.125188 121040
0.125503 121380
0.125819 121720
0.126134 122060
0.126449 122400
0.126764 122740
0.127079 123080
0.127395 123420
0.12771 123760
0.128025 124100
0.12834 124440
0.128655 124780
0.128971 125120
0.129286 125460
0.129601 125800
0.129916 126140
0.130231 126480
0.130547 126820
0.130862 127160
0.131177 127500
0.131492 127840
0.131807 128180
0.132123 128520
0.132438 128860
0.132753 129200
0.133068 129540
0.133383 129880
0.133699 130220
0.134014 130560
0.134329 130900
0.134644 131240
0.134959 131580
0.135275 131920
0.13559 132260
0.135905 132600
0.13622 132940
0.136535 133280
0.136851 133620
0.137166 133960
0.137481 134300
0.137796 134640
0.138111 134980
0.138427 135320
0.138742 135660
0.139057 136000
0.139372 136340
0.139687 136680
0.140003 137020
0.140318 137360
0.140633 137700
0.140948 138040
0.141263 138380
0.141579 138720
0.141894 139060
0.142209 139400
0.142524 139740
0.142839 140080
0.143155 140420
0.14347 140760
0.143785 141100
0.1441 141440
0.144415 141780
0.144731 142120
0.145046 142460
0.145361 142800
0.145676 143140
0.145991 143480
0.146307 143820
0.146622 144160
0.146937 144500
0.147252 144840
0.147567 145180
0.147883 145520
0.148198 145860
0.148513 146200
0.148828 146540
0.149143 146880
0.149459 147220
0.149774 147560
0.150089 147900
0.150404 148240
0.150719 148580
0.151035 148920
0.15135 149260
0.151665 149600
0.15198 149940
0.152295 150280
0.152611 150620
0.152926 150960
0.153241 151300
0.153556 151640
0.153871 151980
0.154187 152320
0.154502 152660
0.154817 153000
0.155132 153340
0.155447 153680
0.155763 154020
0.156078 154360
0.156393 154700
0.156708 155040
0.157023 155380
0.157339 155720
0.157654 156060
0.157969 156400
0.158284 156740
0.158599 157080
0.158915 157420
0.15923 157760
0.159545 158100
0.15986 158440
0.160175 158780
0.160491 159120
0.160806 159460
0.161121 159800
0.161436 160140
0.161751 160480
0.162067 160820
0.162382 161160
0.162697 161500
0.163012 161840
0.163327 162180
0.163643 162520
0.163958 162860
0.164273 163200
0.164588 163540
0.164903 163880
0.165219 164220
0.165534 164560
0.165849 164900
0.166164 165240
0.166479 165580
0.166795 165920
0.16711 166260
0.167425 166600
0.16774 166940
0.168055 167280
0.168371 167620
0.168686 167960
0.169001 168300
0.169316 168640
0.169631 168980
0.169947 169320
0.170262 169660
0.170577 170000
0.170892 170340
0.171207 170680
0.171523 171020
0.171838 171360
0.172153 171700
0.172468 172040
0.172783 172380
0.173099 172720
0.173414 173060
0.173729 173400
0.174044 173740
0.174359 174080
0.174675 174420
0.17499 174760
0.175305 175100
0.17562 175440
0.175935 175780
0.176251 176120
0.176566 176460
0.176881 176800
0.177196 177140
0.177511 177480
0.177827 177820
0.178142 178160
0.178457 178500
0.178772 178840
0.179087 179180
0.179403 179520
0.179718 179860
0.180033 180200
0.180348 180540
0.180663 180880
0.180979 181220
0.181298 181560
0.181776 145180
0.349309 115940
0.448588 92480
0.536529 73780
0.643062 74120
0.675212 74460
0.707047 74800
0.739198 75140
0.774185 75480
0.809487 75820
0.841007 76160
0.876625 76500
0.912243 76840
0.948175 77180
0.984108 77520
1.02036 77860
1.0566 78200
1.09317 78540
1.12973 78880
1.16661 79220
1.20349 79560
1.24068 79900
1.27787 80240
1.31538 80580
1.35289 80920
1.39072 81260
1.42854 81600
1.49221 81940
1.53035 82280
1.5688 82620
1.63311 82960
1.635 83300
1.63689 83640
1.63909 83980
1.6413 84320
1.64351 84660
1.64603 85000
1.64855 85340
1.65139 85680
1.65454 86020
1.65769 86360
1.66116 86700
1.66494 87040
1.66904 87380
1.67377 87720
1.67912 88060
1.68511 88400
1.69205 88740
1.70056 89080
1.70907 89420
1.71947 89760
1.73365 90100
1.75477 90440
1.79701 90780
1.84224 72420
1.91615 72760
1.9171 73100
1.91852 73440
1.91978 73780
1.92104 74120
1.9223 74460
1.92356 74800
1.92482 75140
1.92608 75480
1.92734 75820
1.92892 76160
1.9305 76500
1.93207 76840
1.93365 77180
1.93522 77520
1.93712 77860
1.93901 78200
1.9409 78540
1.9431 78880
1.94531 79220
1.94752 79560
1.94972 79900
1.95225 80240
1.95477 80580
1.9576 80920
1.96076 81260
1.96391 81600
1.96737 81940
1.97147 82280
1.97589 82620
1.98093 82960
1.9866 83300
1.99322 83640
2.0011 83980
2.01087 84320
2.02411 84660
2.03735 85000
2.05721 85340
2.08904 85680
2.12907 86020
2.1691 86360
2.26524 86700
2.32922 87040
2.42505 87380
2.52118 87720
2.617 88060
2.74529 88400
2.84111 88740
2.96908 89080
3.11077 71060
3.15205 71400
3.153 71740
3.15426 72080
3.15552 72420
3.15678 72760
3.15804 73100
3.1593 73440
3.16056 73780
3.16183 74120
3.16309 74460
3.16466 74800
3.16624 75140
3.16781 75480
3.16939 75820
3.17097 76160
3.17286 76500
3.17475 76840
3.17664 77180
3.17853 77520
3.18074 77860
3.18294 78200
3.18547 78540
3.18799 78880
3.19082 79220
3.19366 79560
3.19681 79900
3.20028 80240
3.20406 80580
3.20847 80920
3.2132 81260
3.21888 81600
3.22455 81940
3.23117 82280
3.23905 82620
3.24882 82960
3.26174 83300
3.28129 83640
3.31312 83980
3.35221 84320
3.39161 84660
3.45528 85000
3.5511 85340
3.64723 85680
3.74305 86020
3.83919 86360
3.93501 86700
4.0633 87040
4.19127 87380
4.31924 87720
4.5112 88060
4.70315 88400
4.92726 88740
5.31117 89080
5.45286 71060
5.49415 71400
5.49509 71740
5.49635 72080
5.49761 72420
5.49888 72760
5.50014 73100
5.5014 73440
5.50266 73780
5.50392 74120
5.50518 74460
5.50676 74800
5.50833 75140
5.50991 75480
5.51148 75820
5.51306 76160
5.51495 76500
5.51684 76840
5.51873 77180
5.52062 77520
5.52283 77860
5.52504 78200
5.52756 78540
5.53008 78880
5.53292 79220
5.53575 79560
5.53891 79900
5.54237 80240
5.54616 80580
5.55057 80920
5.5553 81260
5.56097 81600
5.56664 81940
5.57326 82280
5.58114 82620
5.59091 82960
5.60384 83300
5.62338 83640
5.65521 83980
5.6943 84320
5.7337 84660
5.798 85000
5.89414 85340
5.99027 85680
6.08609 86020
6.18223 86360
6.27805 86700
6.40602 87040
6.53431 87380
6.66228 87720
6.85424 88060
7.04619 88400
7.2703 88740
7.62206 89080
7.76375 71060
7.80504 71400
7.80598 71740
7.80724 72080
7.8085 72420
7.80976 72760
7.81103 73100
7.81229 73440
7.81355 73780
7.81481 74120
7.81607 74460
7.81764 74800
7.81922 75140
7.8208 75480
7.82237 75820
7.82395 76160
7.82584 76500
7.82773 76840
7.82962 77180
7.83151 77520
7.83372 77860
7.83593 78200
7.83845 78540
7.84097 78880
7.84381 79220
7.84664 79560
7.84979 79900
7.85326 80240
7.85704 80580
7.86146 80920
7.86619 81260
7.87186 81600
7.87753 81940
7.88415 82280
7.89203 82620
7.9018 82960
7.91473 83300
7.93427 83640
7.9661 83980
8.00519 84320
8.04459 84660
8.10826 85000
8.20408 85340
8.30022 85680
8.39604 86020
8.49217 86360
8.58831 86700
8.71628 87040
8.84425 87380
8.97222 87720
9.16418 88060
9.35614 88400
9.58024 88740
9.96416 89080
10.1058 71060
10.1471 71400
10.1481 71740
10.1493 72080
10.1506 72420
10.1519 72760
10.1531 73100
10.1544 73440
10.1556 73780
10.1569 74120
10.1582 74460
10.1597 74800
10.1613 75140
10.1629 75480
10.1645 75820
10.166 76160
10.1679 76500
10.1698 76840
10.1717 77180
10.1736 77520
10.1758 77860
10.178 78200
10.1805 78540
10.1831 78880
10.1859 79220
10.1887 79560
10.1919 79900
10.1954 80240
10.1991 80580
10.2036 80920
10.2083 81260
10.214 81600
10.2196 81940
10.2262 82280
10.2341 82620
10.2439 82960
10.2568 83300
10.2764 83640
10.3082 83980
10.3473 84320
10.3867 84660
10.45 85000
10.5462 85340
10.6423 85680
10.7381 86020
10.8343 86360
10.9301 86700
11.0581 87040
11.186 87380
11.314 87720
11.5063 88060
11.6982 88400
11.922 88740
12.3062 89080
12.4479 71060
12.4892 71400
12.4902 71740
12.4914 72080
12.4927 72420
12.494 72760
12.4952 73100
12.4965 73440
12.4977 73780
12.499 74120
12.5003 74460
12.5018 74800
12.5034 75140
12.505 75480
12.5066 75820
12.5081 76160
12.51 76500
12.5119 76840
12.5138 77180
12.5157 77520
12.5179 77860
12.5201 78200
12.5226 78540
12.5252 78880
12.528 79220
12.5308 79560
12.534 79900
12.5374 80240
12.5412 80580
12.5456 80920
12.5504 81260
12.556 81600
12.5617 81940
12.5683 82280
12.5762 82620
12.586 82960
12.5989 83300
12.6185 83640
12.6503 83980
12.6894 84320
12.7288 84660
12.7931 85000
12.8892 85340
12.985 85680
13.0812 86020
13.1773 86360
13.2731 86700
13.4011 87040
13.5291 87380
13.657 87720
13.8493 88060
14.0413 88400
14.2651 88740
14.6171 89080
14.7588 71060
14.8001 71400
14.8011 71740
14.8023 72080
14.8036 72420
14.8048 72760
14.8061 73100
14.8074 73440
14.8086 73780
14.8099 74120
14.8111 74460
14.8127 74800
14.8143 75140
14.8159 75480
14.8174 75820
14.819 76160
14.8209 76500
14.8228 76840
14.8247 77180
14.8266 77520
14.8288 77860
14.831 78200
14.8335 78540
14.836 78880
14.8389 79220
14.8417 79560
14.8449 79900
14.8483 80240
14.8521 80580
14.8565 80920
14.8613 81260
14.8669 81600
14.8726 81940
14.8792 82280
14.8871 82620
14.8969 82960
14.9098 83300
14.9293 83640
14.9612 83980
15.0003 84320
15.0397 84660
15.103 85000
15.1992 85340
15.2953 85680
15.3911 86020
15.4872 86360
15.5831 86700
15.711 87040
15.839 87380
15.9673 87720
16.1593 88060
16.3512 88400
16.575 88740
16.9592 89080
17.1009 71060
17.1422 71400
17.1432 71740
17.1444 72080
17.1457 72420
17.1469 72760
17.1482 73100
17.1495 73440
17.1507 73780
17.152 74120
17.1532 74460
17.1548 74800
17.1564 75140
17.158 75480
17.1595 75820
17.1611 76160
17.163 76500
17.1649 76840
17.1668 77180
17.1687 77520
17.1709 77860
17.1731 78200
17.1756 78540
17.1781 78880
17.181 79220
17.1838 79560
17.187 79900
17.1904 80240
17.1942 80580
17.1986 80920
17.2034 81260
17.209 81600
17.2147 81940
17.2213 82280
17.2292 82620
17.239 82960
17.2519 83300
17.2714 83640
17.3033 83980
17.3424 84320
17.3818 84660
17.4461 85000
17.5422 85340
17.638 85680
17.7342 86020
17.8303 86360
17.9261 86700
18.0541 87040
18.1821 87380
18.31 87720
18.5023 88060
18.6943 88400
18.918 88740
19.2701 89080
19.4118 71060
19.4531 71400
19.454 71740
19.4553 72080
19.4566 72420
19.4578 72760
19.4591 73100
19.4603 73440
19.4616 73780
19.4629 74120
19.4641 74460
19.4657 74800
19.4673 75140
19.4689 75480
19.4704 75820
19.472 76160
19.4739 76500
19.4758 76840
19.4777 77180
19.4796 77520
19.4818 77860
19.484 78200
19.4865 78540
19.489 78880
19.4919 79220
19.4947 79560
19.4979 79900
19.5013 80240
19.5051 80580
19.5095 80920
19.5142 81260
19.5199 81600
19.5256 81940
19.5322 82280
19.5401 82620
19.5499 82960
19.5628 83300
19.5823 83640
19.6142 83980
19.6532 84320
19.6926 84660
19.756 85000
19.8521 85340
19.9483 85680
20.0441 86020
20.1402 86360
20.2361 86700
20.364 87040
20.4923 87380
20.6203 87720
20.8122 88060
21.0042 88400
21.2283 88740
21.6122 89080
21.7539 71060
21.7952 71400
21.7961 71740
21.7974 72080
21.7987 72420
21.7999 72760
21.8012 73100
21.8024 73440
21.8037 73780
21.805 74120
21.8062 74460
21.8078 74800
21.8094 75140
21.8109 75480
21.8125 75820
21.8141 76160
21.816 76500
21.8179 76840
21.8198 77180
21.8217 77520
21.8239 77860
21.8261 78200
21.8286 78540
21.8311 78880
21.834 79220
21.8368 79560
21.8399 79900
21.8434 80240
21.8472 80580
21.8516 80920
21.8563 81260
21.862 81600
21.8677 81940
21.8743 82280
21.8822 82620
21.892 82960
21.9049 83300
21.9244 83640
21.9563 83980
21.9953 84320
22.0347 84660
22.099 85000
22.1952 85340
22.2913 85680
22.3871 86020
22.4833 86360
22.5791 86700
22.7071 87040
22.835 87380
22.963 87720
23.1553 88060
23.3472 88400
23.571 88740
23.9231 89080
24.0648 71060
24.1061 71400
24.107 71740
24.1083 72080
24.1095 72420
24.1108 72760
24.1121 73100
24.1133 73440
24.1146 73780
24.1158 74120
24.1171 74460
24.1187 74800
24.1203 75140
24.1218 75480
24.1234 75820
24.125 76160
24.1269 76500
24.1288 76840
24.1307 77180
24.1326 77520
24.1348 77860
24.137 78200
24.1395 78540
24.142 78880
24.1448 79220
24.1477 79560
24.1508 79900
24.1543 80240
24.1581 80580
24.1625 80920
24.1672 81260
24.1729 81600
24.1786 81940
24.1852 82280
24.1931 82620
24.2028 82960
24.2158 83300
24.2353 83640
24.2671 83980
24.3062 84320
24.3456 84660
24.4093 85000
24.5051 85340
24.6013 85680
24.6971 86020
24.7932 86360
24.889 86700
25.017 87040
25.1453 87380
25.2733 87720
25.4652 88060
25.6572 88400
25.8813 88740
26.2652 89080
26.4069 71060
26.4482 71400
26.4491 71740
26.4504 72080
26.4516 72420
26.4529 72760
26.4542 73100
26.4554 73440
26.4567 73780
26.4579 74120
26.4592 74460
26.4608 74800
26.4624 75140
26.4639 75480
26.4655 75820
26.4671 76160
26.469 76500
26.4709 76840
26.4728 77180
26.4746 77520
26.4769 77860
26.4791 78200
26.4816 78540
26.4841 78880
26.4869 79220
26.4898 79560
26.4929 79900
26.4964 80240
26.5002 80580
26.5046 80920
26.5093 81260
26.515 81600
26.5207 81940
26.5273 82280
26.5352 82620
26.5449 82960
26.5579 83300
26.5774 83640
26.6092 83980
26.6483 84320
26.6877 84660
26.752 85000
26.8482 85340
26.9443 85680
27.0401 86020
27.1363 86360
27.2321 86700
27.36 87040
27.488 87380
27.6163 87720
27.8083 88060
28.0002 88400
28.224 88740
28.5761 89080
28.7178 71060
28.7591 71400
28.76 71740
28.7613 72080
28.7625 72420
28.7638 72760
28.765 73100
28.7663 73440
28.7676 73780
28.7688 74120
28.7701 74460
28.7717 74800
28.7732 75140
28.7748 75480
28.7764 75820
28.778 76160
28.7799 76500
28.7818 76840
28.7836 77180
28.7855 77520
28.7877 77860
28.7899 78200
28.7925 78540
28.795 78880
28.7978 79220
28.8007 79560
28.8038 79900
28.8073 80240
28.8111 80580
28.8155 80920
28.8202 81260
28.8259 81600
28.8316 81940
28.8382 82280
28.8461 82620
28.8558 82960
28.8687 83300
28.8883 83640
28.9201 83980
28.9592 84320
28.9986 84660
29.0623 85000
29.1581 85340
29.2542 85680
29.3501 86020
29.4462 86360
29.542 86700
29.6703 87040
29.7983 87380
29.9262 87720
30.1182 88060
30.3102 88400
30.5343 88740
30.9182 89080
31.0599 71060
31.1012 71400
31.1021 71740
31.1034 72080
31.1046 72420
31.1059 72760
31.1071 73100
31.1084 73440
31.1097 73780
31.1109 74120
31.1122 74460
31.1138 74800
31.1153 75140
31.1169 75480
31.1185 75820
31.1201 76160
31.122 76500
31.1238 76840
31.1257 77180
31.1276 77520
31.1298 77860
31.132 78200
31.1346 78540
31.1371 78880
31.1399 79220
31.1428 79560
31.1459 79900
31.1494 80240
31.1532 80580
31.1576 80920
31.1623 81260
31.168 81600
31.1736 81940
31.1803 82280
31.1881 82620
31.1979 82960
31.2108 83300
31.2304 83640
31.2622 83980
31.3013 84320
31.3407 84660
31.405 85000
31.5011 85340
31.5973 85680
31.6931 86020
31.7892 86360
31.8851 86700
32.013 87040
32.1413 87380
32.2693 87720
32.4612 88060
32.6532 88400
32.8773 88740
33.2291 89080
33.3708 71060
33.412 71400
33.413 71740
33.4142 72080
33.4155 72420
33.4168 72760
33.418 73100
33.4193 73440
33.4206 73780
33.4218 74120
33.4231 74460
33.4246 74800
33.4262 75140
33.4278 75480
33.4294 75820
33.431 76160
33.4328 76500
33.4347 76840
33.4366 77180
33.4385 77520
33.4407 77860
33.4429 78200
33.4455 78540
33.448 78880
33.4508 79220
33.4536 79560
33.4568 79900
33.4603 80240
33.464 80580
33.4685 80920
33.4732 81260
33.4789 81600
33.4845 81940
33.4912 82280
33.499 82620
33.5088 82960
33.5217 83300
33.5413 83640
33.5731 83980
33.6122 84320
33.6516 84660
33.7153 85000
33.8111 85340
33.9072 85680
34.003 86020
34.0992 86360
34.1953 86700
34.3233 87040
34.4513 87380
34.5792 87720
34.7712 88060
34.9631 88400
35.1872 88740
35.5712 89080
35.7128 71060
35.7541 71400
35.7551 71740
35.7563 72080
35.7576 72420
35.7589 72760
35.7601 73100
35.7614 73440
35.7626 73780
35.7639 74120
35.7652 74460
35.7667 74800
35.7683 75140
35.7699 75480
35.7715 75820
35.773 76160
35.7749 76500
35.7768 76840
35.7787 77180
35.7806 77520
35.7828 77860
35.785 78200
35.7875 78540
35.7901 78880
35.7929 79220
35.7957 79560
35.7989 79900
35.8024 80240
35.8061 80580
35.8106 80920
35.8153 81260
35.821 81600
35.8266 81940
35.8333 82280
35.8411 82620
35.8509 82960
35.8638 83300
35.8834 83640
35.9152 83980
35.9543 84320
35.9937 84660
36.0583 85000
36.1541 85340
36.2503 85680
36.3461 86020
36.4422 86360
36.538 86700
36.666 87040
36.7943 87380
36.9223 87720
37.1142 88060
37.3062 88400
37.5303 88740
37.8821 89080
38.0237 71060
38.065 71400
38.066 71740
38.0672 72080
38.0685 72420
38.0698 72760
38.071 73100
38.0723 73440
38.0735 73780
38.0748 74120
38.0761 74460
38.0776 74800
38.0792 75140
38.0808 75480
38.0824 75820
38.0839 76160
38.0858 76500
38.0877 76840
38.0896 77180
38.0915 77520
38.0937 77860
38.0959 78200
38.0984 78540
38.101 78880
38.1038 79220
38.1066 79560
38.1098 79900
38.1132 80240
38.117 80580
38.1214 80920
38.1262 81260
38.1318 81600
38.1375 81940
38.1441 82280
38.152 82620
38.1618 82960
38.1747 83300
38.1943 83640
38.2261 83980
38.2652 84320
38.3046 84660
38.3682 85000
38.4641 85340
38.5602 85680
38.656 86020
38.7522 86360
38.8483 86700
38.9763 87040
39.1042 87380
39.2322 87720
39.4242 88060
39.6161 88400
39.8402 88740
40.2241 89080
40.3658 71060
40.4071 71400
40.4081 71740
40.4093 72080
40.4106 72420
40.4118 72760
40.4131 73100
40.4144 73440
40.4156 73780
40.4169 74120
40.4181 74460
40.4197 74800
40.4213 75140
40.4229 75480
40.4245 75820
40.426 76160
40.4279 76500
40.4298 76840
40.4317 77180
40.4336 77520
40.4358 77860
40.438 78200
40.4405 78540
40.4431 78880
40.4459 79220
40.4487 79560
40.4519 79900
40.4553 80240
40.4591 80580
40.4635 80920
40.4683 81260
40.4739 81600
40.4796 81940
40.4862 82280
40.4941 82620
40.5039 82960
40.5168 83300
40.5363 83640
40.5682 83980
40.6073 84320
40.6467 84660
40.71 85000
40.8062 85340
40.9023 85680
40.9981 86020
41.0943 86360
41.1901 86700
41.318 87040
41.446 87380
41.5743 87720
41.7663 88060
41.9582 88400
42.182 88740
42.5662 89080
42.7079 71060
42.7492 71400
42.7502 71740
42.7514 72080
42.7527 72420
42.7539 72760
42.7552 73100
42.7565 73440
42.7577 73780
42.759 74120
42.7602 74460
42.7618 74800
42.7634 75140
42.765 75480
42.7665 75820
42.7681 76160
42.77 76500
42.7719 76840
42.7738 77180
42.7757 77520
42.7779 77860
42.7801 78200
42.7826 78540
42.7851 78880
42.788 79220
42.7908 79560
42.794 79900
42.7974 80240
42.8012 80580
42.8056 80920
42.8104 81260
42.816 81600
42.8217 81940
42.8283 82280
42.8362 82620
42.846 82960
42.8589 83300
42.8784 83640
42.9103 83980
42.9494 84320
42.9888 84660
43.0531 85000
43.1492 85340
43.245 85680
43.3412 86020
43.4373 86360
43.5331 86700
43.6611 87040
43.7891 87380
43.917 87720
44.1093 88060
44.3013 88400
44.525 88740
44.8771 89080
45.0188 71060
45.0601 71400
45.061 71740
45.0623 72080
45.0636 72420
45.0648 72760
45.0661 73100
45.0673 73440
45.0686 73780
45.0699 74120
45.0711 74460
45.0727 74800
45.0743 75140
45.0759 75480
45.0774 75820
45.079 76160
45.0809 76500
45.0828 76840
45.0847 77180
45.0866 77520
45.0888 77860
45.091 78200
45.0935 78540
45.096 78880
45.0989 79220
45.1017 79560
45.1049 79900
45.1083 80240
45.1121 80580
45.1165 80920
45.1212 81260
45.1269 81600
45.1326 81940
45.1392 82280
45.1471 82620
45.1569 82960
45.1698 83300
45.1893 83640
45.2212 83980
45.2603 84320
45.2997 84660
45.363 85000
45.4591 85340
45.5553 85680
45.6511 86020
45.7472 86360
45.8431 86700
45.971 87040
46.0993 87380
46.2273 87720
46.4192 88060
46.6112 88400
46.8353 88740
47.2192 89080
47.3609 71060
47.4022 71400
47.4031 71740
47.4044 72080
47.4057 72420
47.4069 72760
47.4082 73100
47.4094 73440
47.4107 73780
47.412 74120
47.4132 74460
47.4148 74800
47.4164 75140
47.418 75480
47.4195 75820
47.4211 76160
47.423 76500
47.4249 76840
47.4268 77180
47.4287 77520
47.4309 77860
47.4331 78200
47.4356 78540
47.4381 78880
47.441 79220
47.4438 79560
47.447 79900
47.4504 80240
47.4542 80580
47.4586 80920
47.4633 81260
47.469 81600
47.4747 81940
47.4813 82280
47.4892 82620
47.499 82960
47.5119 83300
47.5314 83640
47.5633 83980
47.6023 84320
47.6417 84660
47.706 85000
47.8022 85340
47.898 85680
47.9941 86020
48.0903 86360
48.1861 86700
48.3141 87040
48.442 87380
48.57 87720
48.7623 88060
48.9542 88400
49.178 88740
49.5301 89080
49.6718 71060
49.7131 71400
49.714 71740
49.7153 72080
49.7165 72420
49.7178 72760
49.7191 73100
49.7203 73440
49.7216 73780
49.7229 74120
49.7241 74460
49.7257 74800
49.7273 75140
49.7288 75480
49.7304 75820
49.732 76160
49.7339 76500
49.7358 76840
49.7377 77180
49.7396 77520
49.7418 77860
49.744 78200
49.7465 78540
49.749 78880
49.7519 79220
49.7547 79560
49.7578 79900
49.7613 80240
49.7651 80580
49.7695 80920
49.7742 81260
49.7799 81600
49.7856 81940
49.7922 82280
49.8001 82620
49.8098 82960
49.8228 83300
49.8423 83640
49.8741 83980
49.9132 84320
49.9526 84660
50.0163 85000
50.1121 85340
50.2083 85680
50.3041 86020
50.4002 86360
50.496 86700
50.624 87040
50.7523 87380
50.8803 87720
51.0722 88060
51.2642 88400
51.4883 88740
51.8722 89080
52.0139 71060
52.0552 71400
52.0561 71740
52.0574 72080
52.0586 72420
52.0599 72760
52.0612 73100
52.0624 73440
52.0637 73780
52.0649 74120
52.0662 74460
52.0678 74800
52.0694 75140
52.0709 75480
52.0725 75820
52.0741 76160
52.076 76500
52.0779 76840
52.0798 77180
52.0817 77520
52.0839 77860
52.0861 78200
52.0886 78540
52.0911 78880
52.0939 79220
52.0968 79560
52.0999 79900
52.1034 80240
52.1072 80580
52.1116 80920
52.1163 81260
52.122 81600
52.1277 81940
52.1343 82280
52.1422 82620
52.1519 82960
52.1649 83300
52.1844 83640
52.2162 83980
52.2553 84320
52.2947 84660
52.359 85000
52.4552 85340
52.5513 85680
52.6471 86020
52.7433 86360
52.8391 86700
52.967 87040
53.095 87380
53.2233 87720
53.4153 88060
53.6072 88400
53.831 88740
54.1831 89080
54.3248 71060
54.3661 71400
54.367 71740
54.3683 72080
54.3695 72420
54.3708 72760
54.3721 73100
54.3733 73440
54.3746 73780
54.3758 74120
54.3771 74460
54.3787 74800
54.3802 75140
54.3818 75480
54.3834 75820
54.385 76160
54.3869 76500
54.3888 76840
54.3907 77180
54.3925 77520
54.3947 77860
54.397 78200
54.3995 78540
54.402 78880
54.4048 79220
54.4077 79560
54.4108 79900
54.4143 80240
54.4181 80580
54.4225 80920
54.4272 81260
54.4329 81600
54.4386 81940
54.4452 82280
54.4531 82620
54.4628 82960
54.4758 83300
54.4953 83640
54.5271 83980
54.5662 84320
54.6056 84660
54.6693 85000
54.7651 85340
54.8612 85680
54.9571 86020
55.0532 86360
55.149 86700
55.2773 87040
55.4053 87380
55.5333 87720
55.7252 88060
55.9172 88400
56.1413 88740
56.5252 89080
56.6669 71060
56.7082 71400
56.7091 71740
56.7104 72080
56.7116 72420
56.7129 72760
56.7141 73100
56.7154 73440
56.7167 73780
56.7179 74120
56.7192 74460
56.7208 74800
56.7223 75140
56.7239 75480
56.7255 75820
56.7271 76160
56.729 76500
56.7309 76840
56.7327 77180
56.7346 77520
56.7368 77860
56.739 78200
56.7416 78540
56.7441 78880
56.7469 79220
56.7498 79560
56.7529 79900
56.7564 80240
56.7602 80580
56.7646 80920
56.7693 81260
56.775 81600
56.7807 81940
56.7873 82280
56.7952 82620
56.8049 82960
56.8178 83300
56.8374 83640
56.8692 83980
56.9083 84320
56.9477 84660
57.012 85000
57.1081 85340
57.2043 85680
57.3001 86020
57.3962 86360
57.4921 86700
57.62 87040
57.748 87380
57.8763 87720
58.0682 88060
58.2602 88400
58.4843 88740
58.8361 89080
58.9778 71060
59.019 71400
59.02 71740
59.0213 72080
59.0225 72420
59.0238 72760
59.025 73100
59.0263 73440
59.0276 73780
59.0288 74120
59.0301 74460
59.0317 74800
59.0332 75140
59.0348 75480
59.0364 75820
59.038 76160
59.0399 76500
59.0417 76840
59.0436 77180
59.0455 77520
59.0477 77860
59.0499 78200
59.0525 78540
59.055 78880
59.0578 79220
59.0607 79560
59.0638 79900
59.0673 80240
59.0711 80580
59.0755 80920
59.0802 81260
59.0859 81600
59.0915 81940
59.0982 82280
59.106 82620
59.1158 82960
59.1287 83300
59.1483 83640
59.1801 83980
59.2192 84320
59.2586 84660
59.3223 85000
59.4181 85340
59.5142 85680
59.61 86020
59.7062 86360
59.802 86700
59.9303 87040
60.0583 87380
60.1862 87720
60.3782 88060
60.5701 88400
60.7943 88740
61.1782 89080
61.3199 71060
61.3611 71400
61.3621 71740
61.3633 72080
61.3646 72420
61.3659 72760
61.3671 73100
61.3684 73440
61.3697 73780
61.3709 74120
61.3722 74460
61.3737 74800
61.3753 75140
61.3769 75480
61.3785 75820
61.3801 76160
61.3819 76500
61.3838 76840
61.3857 77180
61.3876 77520
61.3898 77860
61.392 78200
61.3946 78540
61.3971 78880
61.3999 79220
61.4027 79560
61.4059 79900
61.4094 80240
61.4131 80580
61.4176 80920
61.4223 81260
61.428 81600
61.4336 81940
61.4403 82280
61.4481 82620
61.4579 82960
61.4708 83300
61.4904 83640
61.5222 83980
61.5613 84320
61.6007 84660
61.6653 85000
61.7611 85340
61.8573 85680
61.9531 86020
62.0492 86360
62.145 86700
62.273 87040
62.4013 87380
62.5293 87720
62.7212 88060
62.9132 88400
63.1373 88740
63.4891 89080
63.6307 71060
63.672 71400
63.673 71740
63.6742 72080
63.6755 72420
63.6768 72760
63.678 73100
63.6793 73440
63.6805 73780
63.6818 74120
63.6831 74460
63.6846 74800
63.6862 75140
63.6878 75480
63.6894 75820
63.6909 76160
63.6928 76500
63.6947 76840
63.6966 77180
63.6985 77520
63.7007 77860
63.7029 78200
63.7054 78540
63.708 78880
63.7108 79220
63.7136 79560
63.7168 79900
63.7203 80240
63.724 80580
63.7285 80920
63.7332 81260
63.7389 81600
63.7445 81940
63.7511 82280
63.759 82620
63.7688 82960
63.7817 83300
63.8013 83640
63.8331 83980
63.8722 84320
63.9116 84660
63.9753 85000
64.0711 85340
64.1672 85680
64.263 86020
64.3592 86360
64.4553 86700
64.5833 87040
64.7112 87380
64.8392 87720
65.0312 88060
65.2231 88400
65.4472 88740
65.8311 89080
65.9728 71060
66.0141 71400
66.0151 71740
66.0163 72080
66.0176 72420
66.0189 72760
66.0201 73100
66.0214 73440
66.0226 73780
66.0239 74120
66.0252 74460
66.0267 74800
66.0283 75140
66.0299 75480
66.0315 75820
66.033 76160
66.0349 76500
66.0368 76840
66.0387 77180
66.0406 77520
66.0428 77860
66.045 78200
66.0475 78540
66.0501 78880
66.0529 79220
66.0557 79560
66.0589 79900
66.0623 80240
66.0661 80580
66.0705 80920
66.0753 81260
66.0809 81600
66.0866 81940
66.0932 82280
66.1011 82620
66.1109 82960
66.1238 83300
66.1434 83640
66.1752 83980
66.2143 84320
66.2537 84660
66.317 85000
66.4132 85340
66.5093 85680
66.6051 86020
66.7013 86360
66.7971 86700
66.9251 87040
67.053 87380
67.1813 87720
67.3733 88060
67.5652 88400
67.789 88740
68.1732 89080
68.3149 71060
68.3562 71400
68.3572 71740
68.3584 72080
68.3597 72420
68.3609 72760
68.3622 73100
68.3635 73440
68.3647 73780
68.366 74120
68.3672 74460
68.3688 74800
68.3704 75140
68.372 75480
68.3736 75820
68.3751 76160
68.377 76500
68.3789 76840
68.3808 77180
68.3827 77520
68.3849 77860
68.3871 78200
68.3896 78540
68.3921 78880
68.395 79220
68.3978 79560
68.401 79900
68.4044 80240
68.4082 80580
68.4126 80920
68.4174 81260
68.423 81600
68.4287 81940
68.4353 82280
68.4432 82620
68.453 82960
68.4659 83300
68.4854 83640
68.5173 83980
68.5564 84320
68.5958 84660
68.6601 85000
68.7562 85340
68.852 85680
68.9482 86020
69.0443 86360
69.1401 86700
69.2681 87040
69.3961 87380
69.524 87720
69.7163 88060
69.9083 88400
70.1321 88740
70.4841 89080
70.6258 71060
70.6671 71400
70.6681 71740
70.6693 72080
70.6706 72420
70.6718 72760
70.6731 73100
70.6744 73440
70.6756 73780
70.6769 74120
70.6781 74460
70.6797 74800
70.6813 75140
70.6829 75480
70.6844 75820
70.686 76160
70.6879 76500
70.6898 76840
70.6917 77180
70.6936 77520
70.6958 77860
70.698 78200
70.7005 78540
70.703 78880
70.7059 79220
70.7087 79560
70.7119 79900
70.7153 80240
70.7191 80580
70.7235 80920
70.7283 81260
70.7339 81600
70.7396 81940
70.7462 82280
70.7541 82620
70.7639 82960
70.7768 83300
70.7963 83640
70.8282 83980
70.8673 84320
70.9067 84660
70.97 85000
71.0661 85340
71.1623 85680
71.2581 86020
71.3542 86360
71.4501 86700
71.578 87040
71.706 87380
71.8343 87720
72.0262 88060
72.2182 88400
72.4423 88740
72.8262 89080
72.9679 71060
73.0092 71400
73.0101 71740
73.0114 72080
73.0127 72420
73.0139 72760
73.0152 73100
73.0164 73440
73.0177 73780
73.019 74120
73.0202 74460
73.0218 74800
73.0234 75140
73.025 75480
73.0265 75820
73.0281 76160
73.03 76500
73.0319 76840
73.0338 77180
73.0357 77520
73.0379 77860
73.0401 78200
73.0426 78540
73.0451 78880
73.048 79220
73.0508 79560
73.054 79900
73.0574 80240
73.0612 80580
73.0656 80920
73.0703 81260
73.076 81600
73.0817 81940
73.0883 82280
73.0962 82620
73.106 82960
73.1189 83300
73.1384 83640
73.1703 83980
73.2094 84320
73.2488 84660
73.3131 85000
73.4092 85340
73.505 85680
73.6011 86020
73.6973 86360
73.7931 86700
73.9211 87040
74.049 87380
74.177 87720
74.3693 88060
74.5612 88400
74.785 88740
75.1371 89080
75.2788 71060
75.3201 71400
75.321 71740
75.3223 72080
75.3236 72420
75.3248 72760
75.3261 73100
75.3273 73440
75.3286 73780
75.3299 74120
75.3311 74460
75.3327 74800
75.3343 75140
75.3358 75480
75.3374 75820
75.339 76160
75.3409 76500
75.3428 76840
75.3447 77180
75.3466 77520
75.3488 77860
75.351 78200
75.3535 78540
75.356 78880
75.3589 79220
75.3617 79560
75.3648 79900
75.3683 80240
75.3721 80580
75.3765 80920
75.3812 81260
75.3869 81600
75.3926 81940
75.3992 82280
75.4071 82620
75.4169 82960
75.4298 83300
75.4493 83640
75.4812 83980
75.5202 84320
75.5596 84660
75.6233 85000
75.7191 85340
75.8153 85680
75.9111 86020
76.0072 86360
76.103 86700
76.231 87040
76.3593 87380
76.4873 87720
76.6792 88060
76.8712 88400
77.0953 88740
77.4792 89080
77.6209 71060
77.6622 71400
77.6631 71740
77.6644 72080
77.6656 72420
77.6669 72760
77.6682 73100
77.6694 73440
77.6707 73780
77.672 74120
77.6732 74460
77.6748 74800
77.6764 75140
77.6779 75480
77.6795 75820
77.6811 76160
77.683 76500
77.6849 76840
77.6868 77180
77.6887 77520
77.6909 77860
77.6931 78200
77.6956 78540
77.6981 78880
77.701 79220
77.7038 79560
77.7069 79900
77.7104 80240
77.7142 80580
77.7186 80920
77.7233 81260
77.729 81600
77.7347 81940
77.7413 82280
77.7492 82620
77.7589 82960
77.7719 83300
77.7914 83640
77.8232 83980
77.8623 84320
77.9017 84660
77.966 85000
78.0622 85340
78.1583 85680
78.2541 86020
78.3503 86360
78.4461 86700
78.5741 87040
78.702 87380
78.8303 87720
79.0223 88060
79.2142 88400
79.438 88740
79.7901 89080
79.9318 71060
79.9731 71400
79.974 71740
79.9753 72080
79.9765 72420
79.9778 72760
79.9791 73100
79.9803 73440
79.9816 73780
79.9828 74120
79.9841 74460
79.9857 74800
79.9873 75140
79.9888 75480
79.9904 75820
79.992 76160
79.9939 76500
79.9958 76840
79.9977 77180
79.9995 77520
80.0018 77860
80.004 78200
80.0065 78540
80.009 78880
80.0118 79220
80.0147 79560
80.0178 79900
80.0213 80240
80.0251 80580
80.0295 80920
80.0342 81260
80.0399 81600
80.0456 81940
80.0522 82280
80.0601 82620
80.0698 82960
80.0828 83300
80.1023 83640
80.1341 83980
80.1732 84320
80.2126 84660
80.2763 85000
80.3721 85340
80.4682 85680
80.5641 86020
80.6602 86360
80.756 86700
80.8843 87040
81.0123 87380
81.1403 87720
81.3322 88060
81.5242 88400
81.7483 88740
82.1322 89080
82.2739 71060
82.3152 71400
82.3161 71740
82.3174 72080
82.3186 72420
82.3199 72760
82.3212 73100
82.3224 73440
82.3237 73780
82.3249 74120
82.3262 74460
82.3278 74800
82.3293 75140
82.3309 75480
82.3325 75820
82.3341 76160
82.336 76500
82.3379 76840
82.3397 77180
82.3416 77520
82.3438 77860
82.3461 78200
82.3486 78540
82.3511 78880
82.3539 79220
82.3568 79560
82.3599 79900
82.3634 80240
82.3672 80580
82.3716 80920
82.3763 81260
82.382 81600
82.3877 81940
82.3943 82280
82.4022 82620
82.4119 82960
82.4249 83300
82.4444 83640
82.4762 83980
82.5153 84320
82.5547 84660
82.619 85000
82.7152 85340
82.8113 85680
82.9071 86020
83.0032 86360
83.0991 86700
83.227 87040
83.355 87380
83.4833 87720
83.6753 88060
83.8672 88400
84.091 88740
84.4431 89080
84.5848 71060
84.6261 71400
84.627 71740
84.6283 72080
84.6295 72420
84.6308 72760
84.632 73100
84.6333 73440
84.6346 73780
84.6358 74120
84.6371 74460
84.6387 74800
84.6402 75140
84.6418 75480
84.6434 75820
84.645 76160
84.6469 76500
84.6487 76840
84.6506 77180
84.6525 77520
84.6547 77860
84.6569 78200
84.6595 78540
84.662 78880
84.6648 79220
84.6677 79560
84.6708 79900
84.6743 80240
84.6781 80580
84.6825 80920
84.6872 81260
84.6929 81600
84.6985 81940
84.7052 82280
84.713 82620
84.7228 82960
84.7357 83300
84.7553 83640
84.7871 83980
84.8262 84320
84.8656 84660
84.9293 85000
85.0251 85340
85.1212 85680
85.2171 86020
85.3132 86360
85.409 86700
85.5373 87040
85.6653 87380
85.7932 87720
85.9852 88060
86.1772 88400
86.4013 88740
86.7852 89080
86.9269 71060
86.9681 71400
86.9691 71740
86.9704 72080
86.9716 72420
86.9729 72760
86.9741 73100
86.9754 73440
86.9767 73780
86.9779 74120
86.9792 74460
86.9808 74800
86.9823 75140
86.9839 75480
86.9855 75820
86.9871 76160
86.9889 76500
86.9908 76840
86.9927 77180
86.9946 77520
86.9968 77860
86.999 78200
87.0016 78540
87.0041 78880
87.0069 79220
87.0098 79560
87.0129 79900
87.0164 80240
87.0202 80580
87.0246 80920
87.0293 81260
87.035 81600
87.0406 81940
87.0473 82280
87.0551 82620
87.0649 82960
87.0778 83300
87.0974 83640
87.1292 83980
87.1683 84320
87.2077 84660
87.2723 85000
87.3681 85340
87.4643 85680
87.5601 86020
87.6562 86360
87.752 86700
87.88 87040
88.0083 87380
88.1363 87720
88.3282 88060
88.5202 88400
88.7443 88740
89.0961 89080
89.2377 71060
89.279 71400
89.28 71740
89.2812 72080
89.2825 72420
89.2838 72760
89.285 73100
89.2863 73440
89.2875 73780
89.2888 74120
89.2901 74460
89.2916 74800
89.2932 75140
89.2948 75480
89.2964 75820
89.2979 76160
89.2998 76500
89.3017 76840
89.3036 77180
89.3055 77520
89.3077 77860
89.3099 78200
89.3124 78540
89.315 78880
89.3178 79220
89.3206 79560
89.3238 79900
89.3273 80240
89.331 80580
89.3355 80920
89.3402 81260
89.3459 81600
89.3515 81940
89.3582 82280
89.366 82620
89.3758 82960
89.3887 83300
89.4083 83640
89.4401 83980
89.4792 84320
89.5186 84660
89.5823 85000
89.6781 85340
89.7742 85680
89.87 86020
89.9662 86360
90.0623 86700
90.1903 87040
90.3182 87380
90.4462 87720
90.6382 88060
90.8301 88400
91.0542 88740
91.4382 89080
91.5798 71060
91.6211 71400
91.6221 71740
91.6233 72080
91.6246 72420
91.6259 72760
91.6271 73100
91.6284 73440
91.6296 73780
91.6309 74120
91.6322 74460
91.6337 74800
91.6353 75140
91.6369 75480
91.6385 75820
91.64 76160
91.6419 76500
91.6438 76840
91.6457 77180
91.6476 77520
91.6498 77860
91.652 78200
91.6545 78540
91.6571 78880
91.6599 79220
91.6627 79560
91.6659 79900
91.6694 80240
91.6731 80580
91.6775 80920
91.6823 81260
91.688 81600
91.6936 81940
91.7002 82280
91.7081 82620
91.7179 82960
91.7308 83300
91.7504 83640
91.7822 83980
91.8213 84320
91.8607 84660
91.924 85000
92.0202 85340
92.1163 85680
92.2121 86020
92.3083 86360
92.4041 86700
92.5321 87040
92.66 87380
92.7883 87720
92.9803 88060
93.1722 88400
93.396 88740
93.7802 89080
93.9219 71060
93.9632 71400
93.9642 71740
93.9654 72080
93.9667 72420
93.968 72760
93.9692 73100
93.9705 73440
93.9717 73780
93.973 74120
93.9743 74460
93.9758 74800
93.9774 75140
93.979 75480
93.9806 75820
93.9821 76160
93.984 76500
93.9859 76840
93.9878 77180
93.9897 77520
93.9919 77860
93.9941 78200
93.9966 78540
93.9992 78880
94.002 79220
94.0048 79560
94.008 79900
94.0114 80240
94.0152 80580
94.0196 80920
94.0244 81260
94.03 81600
94.0357 81940
94.0423 82280
94.0502 82620
94.06 82960
94.0729 83300
94.0925 83640
94.1243 83980
94.1634 84320
94.2028 84660
94.2671 85000
94.3632 85340
94.459 85680
94.5552 86020
94.6513 86360
94.7471 86700
94.8751 87040
95.0031 87380
95.131 87720
95.3233 88060
95.5153 88400
95.7391 88740
96.0911 89080
96.2328 71060
96.2741 71400
96.2751 71740
96.2763 72080
96.2776 72420
96.2788 72760
96.2801 73100
96.2814 73440
96.2826 73780
96.2839 74120
96.2851 74460
96.2867 74800
96.2883 75140
96.2899 75480
96.2914 75820
96.293 76160
96.2949 76500
96.2968 76840
96.2987 77180
96.3006 77520
96.3028 77860
96.305 78200
96.3075 78540
96.31 78880
96.3129 79220
96.3157 79560
96.3189 79900
96.3223 80240
96.3261 80580
96.3305 80920
96.3353 81260
96.3409 81600
96.3466 81940
96.3532 82280
96.3611 82620
96.3709 82960
96.3838 83300
96.4033 83640
96.4352 83980
96.4743 84320
96.5137 84660
96.577 85000
96.6732 85340
96.7693 85680
96.8651 86020
96.9612 86360
97.0571 86700
97.185 87040
97.313 87380
97.4413 87720
97.6333 88060
97.8252 88400
98.049 88740
98.4332 89080
98.5749 71060
98.6162 71400
98.6172 71740
98.6184 72080
98.6197 72420
98.6209 72760
98.6222 73100
98.6235 73440
98.6247 73780
98.626 74120
98.6272 74460
98.6288 74800
98.6304 75140
98.632 75480
98.6335 75820
98.6351 76160
98.637 76500
98.6389 76840
98.6408 77180
98.6427 77520
98.6449 77860
98.6471 78200
98.6496 78540
98.6521 78880
98.655 79220
98.6578 79560
98.661 79900
98.6644 80240
98.6682 80580
98.6726 80920
98.6774 81260
98.683 81600
98.6887 81940
98.6953 82280
98.7032 82620
98.713 82960
98.7259 83300
98.7454 83640
98.7773 83980
98.8164 84320
98.8558 84660
98.9201 85000
99.0162 85340
99.112 85680
99.2082 86020
99.3043 86360
99.4001 86700
99.5281 87040
99.656 87380
99.784 87720
99.9763 88060
100.168 88400
100.392 88740
100.744 89080
100.886 71060
100.927 71400
100.928 71740
100.929 72080
100.931 72420
100.932 72760
100.933 73100
100.934 73440
100.936 73780
100.937 74120
100.938 74460
100.94 74800
100.941 75140
100.943 75480
100.944 75820
100.946 76160
100.948 76500
100.95 76840
100.952 77180
100.954 77520
100.956 77860
100.958 78200
100.961 78540
100.963 78880
100.966 79220
100.969 79560
100.972 79900
100.975 80240
100.979 80580
100.984 80920
100.988 81260
100.994 81600
101 81940
101.006 82280
101.014 82620
101.024 82960
101.037 83300
101.056 83640
101.088 83980
101.127 84320
101.167 84660
101.23 85000
101.326 85340
101.422 85680
101.518 86020
101.614 86360
101.71 86700
101.838 87040
101.966 87380
102.094 87720
102.286 88060
102.478 88400
102.702 88740
103.086 89080
103.228 71060
103.269 71400
103.27 71740
103.271 72080
103.273 72420
103.274 72760
103.275 73100
103.276 73440
103.278 73780
103.279 74120
103.28 74460
103.282 74800
103.283 75140
103.285 75480
103.287 75820
103.288 76160
103.29 76500
103.292 76840
103.294 77180
103.296 77520
103.298 77860
103.3 78200
103.303 78540
103.305 78880
103.308 79220
103.311 79560
103.314 79900
103.317 80240
103.321 80580
103.326 80920
103.33 81260
103.336 81600
103.342 81940
103.348 82280
103.356 82620
103.366 82960
103.379 83300
103.398 83640
103.43 83980
103.469 84320
103.509 84660
103.573 85000
103.669 85340
103.765 85680
103.861 86020
103.957 86360
104.053 86700
104.181 87040
104.309 87380
104.437 87720
104.629 88060
104.821 88400
105.045 88740
105.397 89080
105.539 71060
105.58 71400
105.581 71740
105.582 72080
105.584 72420
105.585 72760
105.586 73100
105.587 73440
105.589 73780
105.59 74120
105.591 74460
105.593 74800
105.594 75140
105.596 75480
105.597 75820
105.599 76160
105.601 76500
105.603 76840
105.605 77180
105.607 77520
105.609 77860
105.611 78200
105.613 78540
105.616 78880
105.619 79220
105.622 79560
105.625 79900
105.628 80240
105.632 80580
105.636 80920
105.641 81260
105.647 81600
105.653 81940
105.659 82280
105.667 82620
105.677 82960
105.69 83300
105.709 83640
105.741 83980
105.78 84320
105.82 84660
105.883 85000
105.979 85340
106.075 85680
106.171 86020
106.267 86360
106.363 86700
106.491 87040
106.619 87380
106.747 87720
106.939 88060
107.131 88400
107.355 88740
107.739 89080
107.881 71060
107.922 71400
107.923 71740
107.924 72080
107.926 72420
107.927 72760
107.928 73100
107.929 73440
107.931 73780
107.932 74120
107.933 74460
107.935 74800
107.936 75140
107.938 75480
107.94 75820
107.941 76160
107.943 76500
107.945 76840
107.947 77180
107.949 77520
107.951 77860
107.953 78200
107.956 78540
107.958 78880
107.961 79220
107.964 79560
107.967 79900
107.97 80240
107.974 80580
107.979 80920
107.983 81260
107.989 81600
107.995 81940
108.001 82280
108.009 82620
108.019 82960
108.032 83300
108.051 83640
108.083 83980
108.122 84320
108.162 84660
108.226 85000
108.322 85340
108.418 85680
108.514 86020
108.61 86360
108.706 86700
108.834 87040
108.962 87380
109.09 87720
109.282 88060
109.474 88400
109.698 88740
110.05 89080
110.192 71060
110.233 71400
110.234 71740
110.235 72080
110.237 72420
110.238 72760
110.239 73100
110.24 73440
110.242 73780
110.243 74120
110.244 74460
110.246 74800
110.247 75140
110.249 75480
110.25 75820
110.252 76160
110.254 76500
110.256 76840
110.258 77180
110.26 77520
110.262 77860
110.264 78200
110.266 78540
110.269 78880
110.272 79220
110.275 79560
110.278 79900
110.281 80240
110.285 80580
110.289 80920
110.294 81260
110.3 81600
110.306 81940
110.312 82280
110.32 82620
110.33 82960
110.343 83300
110.362 83640
110.394 83980
110.433 84320
110.473 84660
110.536 85000
110.632 85340
110.728 85680
110.824 86020
110.92 86360
111.016 86700
111.144 87040
111.272 87380
111.4 87720
111.592 88060
111.784 88400
112.008 88740
112.392 89080
112.534 71060
112.575 71400
112.576 71740
112.577 72080
112.579 72420
112.58 72760
112.581 73100
112.582 73440
112.584 73780
112.585 74120
112.586 74460
112.588 74800
112.589 75140
112.591 75480
112.592 75820
112.594 76160
112.596 76500
112.598 76840
112.6 77180
112.602 77520
112.604 77860
112.606 78200
112.609 78540
112.611 78880
112.614 79220
112.617 79560
112.62 79900
112.623 80240
112.627 80580
112.632 80920
112.636 81260
112.642 81600
112.648 81940
112.654 82280
112.662 82620
112.672 82960
112.685 83300
112.704 83640
112.736 83980
112.775 84320
112.815 84660
112.879 85000
112.975 85340
113.071 85680
113.167 86020
113.263 86360
113.359 86700
113.487 87040
113.615 87380
113.743 87720
113.935 88060
114.127 88400
114.351 88740
114.703 89080
114.845 71060
114.886 71400
114.887 71740
114.888 72080
114.89 72420
114.891 72760
114.892 73100
114.893 73440
114.895 73780
114.896 74120
114.897 74460
114.899 74800
114.9 75140
114.902 75480
114.903 75820
114.905 76160
114.907 76500
114.909 76840
114.911 77180
114.913 77520
114.915 77860
114.917 78200
114.919 78540
114.922 78880
114.925 79220
114.928 79560
114.931 79900
114.934 80240
114.938 80580
114.942 80920
114.947 81260
114.953 81600
114.959 81940
114.965 82280
114.973 82620
114.983 82960
114.996 83300
115.015 83640
115.047 83980
115.086 84320
115.126 84660
115.189 85000
115.285 85340
115.381 85680
115.477 86020
115.573 86360
115.669 86700
115.797 87040
115.925 87380
116.053 87720
116.245 88060
116.437 88400
116.661 88740
117.045 89080
117.187 71060
117.228 71400
117.229 71740
117.23 72080
117.232 72420
117.233 72760
117.234 73100
117.235 73440
117.237 73780
117.238 74120
117.239 74460
117.241 74800
117.242 75140
117.244 75480
117.245 75820
117.247 76160
117.249 76500
117.251 76840
117.253 77180
117.255 77520
117.257 77860
117.259 78200
117.262 78540
117.264 78880
117.267 79220
117.27 79560
117.273 79900
117.276 80240
117.28 80580
117.285 80920
117.289 81260
117.295 81600
117.301 81940
117.307 82280
117.315 82620
117.325 82960
117.338 83300
117.357 83640
117.389 83980
117.428 84320
117.468 84660
117.532 85000
117.628 85340
117.724 85680
117.82 86020
117.916 86360
118.012 86700
118.14 87040
118.268 87380
118.396 87720
118.588 88060
118.78 88400
119.004 88740
119.356 89080
119.498 71060
119.539 71400
119.54 71740
119.541 72080
119.542 72420
119.544 72760
119.545 73100
119.546 73440
119.548 73780
119.549 74120
119.55 74460
119.552 74800
119.553 75140
119.555 75480
119.556 75820
119.558 76160
119.56 76500
119.562 76840
119.564 77180
119.566 77520
119.568 77860
119.57 78200
119.572 78540
119.575 78880
119.578 79220
119.581 79560
119.584 79900
119.587 80240
119.591 80580
119.595 80920
119.6 81260
119.606 81600
119.612 81940
119.618 82280
119.626 82620
119.636 82960
119.649 83300
119.668 83640
119.7 83980
119.739 84320
119.779 84660
119.842 85000
119.938 85340
120.034 85680
120.13 86020
120.226 86360
120.322 86700
120.45 87040
120.578 87380
120.706 87720
120.898 88060
121.09 88400
121.314 88740
121.698 89080
121.84 71060
121.881 71400
121.882 71740
121.883 72080
121.885 72420
121.886 72760
121.887 73100
121.888 73440
121.89 73780
121.891 74120
121.892 74460
121.894 74800
121.895 75140
121.897 75480
121.898 75820
121.9 76160
121.902 76500
121.904 76840
121.906 77180
121.908 77520
121.91 77860
121.912 78200
121.915 78540
121.917 78880
121.92 79220
121.923 79560
121.926 79900
121.929 80240
121.933 80580
121.938 80920
121.942 81260
121.948 81600
121.954 81940
121.96 82280
121.968 82620
121.978 82960
121.991 83300
122.01 83640
122.042 83980
122.081 84320
122.121 84660
122.184 85000
122.28 85340
122.376 85680
122.472 86020
122.568 86360
122.664 86700
122.792 87040
122.92 87380
123.048 87720
123.24 88060
123.432 88400
123.656 88740
124.04 89080
124.182 71060
124.223 71400
124.224 71740
124.225 72080
124.227 72420
124.228 72760
124.229 73100
124.23 73440
124.232 73780
124.233 74120
124.234 74460
124.236 74800
124.237 75140
124.239 75480
124.241 75820
124.242 76160
124.244 76500
124.246 76840
124.248 77180
124.25 77520
124.252 77860
124.254 78200
124.257 78540
124.259 78880
124.262 79220
124.265 79560
124.268 79900
124.271 80240
124.275 80580
124.28 80920
124.284 81260
124.29 81600
124.296 81940
124.302 82280
124.31 82620
124.32 82960
124.333 83300
124.352 83640
124.384 83980
124.423 84320
124.463 84660
124.527 85000
124.623 85340
124.719 85680
124.815 86020
124.911 86360
125.007 86700
125.135 87040
125.263 87380
125.391 87720
125.583 88060
125.775 88400
125.999 88740
126.351 89080
126.493 71060
126.534 71400
126.535 71740
126.536 72080
126.538 72420
126.539 72760
126.54 73100
126.541 73440
126.543 73780
126.544 74120
126.545 74460
126.547 74800
126.548 75140
126.55 75480
126.551 75820
126.553 76160
126.555 76500
126.557 76840
126.559 77180
126.561 77520
126.563 77860
126.565 78200
126.568 78540
126.57 78880
126.573 79220
126.576 79560
126.579 79900
126.582 80240
126.586 80580
126.591 80920
126.595 81260
126.601 81600
126.607 81940
126.613 82280
126.621 82620
126.631 82960
126.644 83300
126.663 83640
126.695 83980
126.734 84320
126.774 84660
126.837 85000
126.933 85340
127.029 85680
127.125 86020
127.221 86360
127.317 86700
127.445 87040
127.573 87380
127.701 87720
127.893 88060
128.085 88400
128.309 88740
128.693 89080
128.835 71060
128.876 71400
128.877 71740
128.878 72080
128.88 72420
128.881 72760
128.882 73100
128.883 73440
128.885 73780
128.886 74120
128.887 74460
128.889 74800
128.89 75140
128.892 75480
128.894 75820
128.895 76160
128.897 76500
128.899 76840
128.901 77180
128.903 77520
128.905 77860
128.907 78200
128.91 78540
128.912 78880
128.915 79220
128.918 79560
128.921 79900
128.924 80240
128.928 80580
128.933 80920
128.937 81260
128.943 81600
128.949 81940
128.955 82280
128.963 82620
128.973 82960
128.986 83300
129.005 83640
129.037 83980
129.076 84320
129.116 84660
129.18 85000
129.276 85340
129.372 85680
129.468 86020
129.564 86360
129.66 86700
129.788 87040
129.916 87380
130.044 87720
130.236 88060
130.428 88400
130.652 88740
131.004 89080
131.146 71060
131.187 71400
131.188 71740
131.189 72080
131.191 72420
131.192 72760
131.193 73100
131.194 73440
131.196 73780
131.197 74120
131.198 74460
131.2 74800
131.201 75140
131.203 75480
131.204 75820
131.206 76160
131.208 76500
131.21 76840
131.212 77180
131.214 77520
131.216 77860
131.218 78200
131.22 78540
131.223 78880
131.226 79220
131.229 79560
131.232 79900
131.235 80240
131.239 80580
131.244 80920
131.248 81260
131.254 81600
131.26 81940
131.266 82280
131.274 82620
131.284 82960
131.297 83300
131.316 83640
131.348 83980
131.387 84320
131.427 84660
131.49 85000
131.586 85340
131.682 85680
131.778 86020
131.874 86360
131.97 86700
132.098 87040
132.226 87380
132.354 87720
132.546 88060
132.738 88400
132.962 88740
133.346 89080
133.488 71060
133.529 71400
133.53 71740
133.531 72080
133.533 72420
133.534 72760
133.535 73100
133.536 73440
133.538 73780
133.539 74120
133.54 74460
133.542 74800
133.543 75140
133.545 75480
133.547 75820
133.548 76160
133.55 76500
133.552 76840
133.554 77180
133.556 77520
133.558 77860
133.56 78200
133.563 78540
133.565 78880
133.568 79220
133.571 79560
133.574 79900
133.577 80240
133.581 80580
133.586 80920
133.59 81260
133.596 81600
133.602 81940
133.608 82280
133.616 82620
133.626 82960
133.639 83300
133.658 83640
133.69 83980
133.729 84320
133.769 84660
133.833 85000
133.929 85340
134.025 85680
134.121 86020
134.217 86360
134.313 86700
134.441 87040
134.569 87380
134.697 87720
134.889 88060
135.081 88400
135.305 88740
135.657 89080
135.799 71060
135.84 71400
135.841 71740
135.842 72080
135.844 72420
135.845 72760
135.846 73100
135.847 73440
135.849 73780
135.85 74120
135.851 74460
135.853 74800
135.854 75140
135.856 75480
135.857 75820
135.859 76160
135.861 76500
135.863 76840
135.865 77180
135.867 77520
135.869 77860
135.871 78200
135.873 78540
135.876 78880
135.879 79220
135.882 79560
135.885 79900
135.888 80240
135.892 80580
135.896 80920
135.901 81260
135.907 81600
135.913 81940
135.919 82280
135.927 82620
135.937 82960
135.95 83300
135.969 83640
136.001 83980
136.04 84320
136.08 84660
136.143 85000
136.239 85340
136.335 85680
136.431 86020
136.527 86360
136.623 86700
136.751 87040
136.879 87380
137.007 87720
137.199 88060
137.391 88400
137.615 88740
137.999 89080
138.141 71060
138.182 71400
138.183 71740
138.184 72080
138.186 72420
138.187 72760
138.188 73100
138.189 73440
138.191 73780
138.192 74120
138.193 74460
138.195 74800
138.196 75140
138.198 75480
138.199 75820
138.201 76160
138.203 76500
138.205 76840
138.207 77180
138.209 77520
138.211 77860
138.213 78200
138.216 78540
138.218 78880
138.221 79220
138.224 79560
138.227 79900
138.23 80240
138.234 80580
138.239 80920
138.243 81260
138.249 81600
138.255 81940
138.261 82280
138.269 82620
138.279 82960
138.292 83300
138.311 83640
138.343 83980
138.382 84320
138.422 84660
138.486 85000
138.582 85340
138.678 85680
138.774 86020
138.87 86360
138.966 86700
139.094 87040
139.222 87380
139.35 87720
139.542 88060
139.734 88400
139.958 88740
140.31 89080
140.452 71060
140.493 71400
140.494 71740
140.495 72080
140.497 72420
140.498 72760
140.499 73100
140.5 73440
140.502 73780
140.503 74120
140.504 74460
140.506 74800
140.507 75140
140.509 75480
140.51 75820
140.512 76160
140.514 76500
140.516 76840
140.518 77180
140.52 77520
140.522 77860
140.524 78200
140.526 78540
140.529 78880
140.532 79220
140.535 79560
140.538 79900
140.541 80240
140.545 80580
140.549 80920
140.554 81260
140.56 81600
140.566 81940
140.572 82280
140.58 82620
140.59 82960
140.603 83300
140.622 83640
140.654 83980
140.693 84320
140.733 84660
140.796 85000
140.892 85340
140.988 85680
141.084 86020
141.18 86360
141.276 86700
141.404 87040
141.532 87380
141.66 87720
141.852 88060
142.044 88400
142.268 88740
142.652 89080
142.794 71060
142.835 71400
142.836 71740
142.837 72080
142.839 72420
142.84 72760
142.841 73100
142.842 73440
142.844 73780
142.845 74120
142.846 74460
142.848 74800
142.849 75140
142.851 75480
142.852 75820
142.854 76160
142.856 76500
142.858 76840
142.86 77180
142.862 77520
142.864 77860
142.866 78200
142.869 78540
142.871 78880
142.874 79220
142.877 79560
142.88 79900
142.883 80240
142.887 80580
142.892 80920
142.896 81260
142.902 81600
142.908 81940
142.914 82280
142.922 82620
142.932 82960
142.945 83300
142.964 83640
142.996 83980
143.035 84320
143.075 84660
143.139 85000
143.235 85340
143.331 85680
143.427 86020
143.523 86360
143.619 86700
143.747 87040
143.875 87380
144.003 87720
144.195 88060
144.387 88400
144.611 88740
144.963 89080
145.105 71060
145.146 71400
145.147 71740
145.148 72080
145.149 72420
145.151 72760
145.152 73100
145.153 73440
145.155 73780
145.156 74120
145.157 74460
145.159 74800
145.16 75140
145.162 75480
145.163 75820
145.165 76160
145.167 76500
145.169 76840
145.171 77180
145.173 77520
145.175 77860
145.177 78200
145.179 78540
145.182 78880
145.185 79220
145.188 79560
145.191 79900
145.194 80240
145.198 80580
145.202 80920
145.207 81260
145.213 81600
145.219 81940
145.225 82280
145.233 82620
145.243 82960
145.256 83300
145.275 83640
145.307 83980
145.346 84320
145.386 84660
145.449 85000
145.545 85340
145.641 85680
145.737 86020
145.833 86360
145.929 86700
146.057 87040
146.185 87380
146.313 87720
146.505 88060
146.697 88400
146.921 88740
147.305 89080
147.447 71060
147.488 71400
147.489 71740
147.49 72080
147.492 72420
147.493 72760
147.494 73100
147.495 73440
147.497 73780
147.498 74120
147.499 74460
147.501 74800
147.502 75140
147.504 75480
147.505 75820
147.507 76160
147.509 76500
147.511 76840
147.513 77180
147.515 77520
147.517 77860
147.519 78200
147.522 78540
147.524 78880
147.527 79220
147.53 79560
147.533 79900
147.536 80240
147.54 80580
147.545 80920
147.549 81260
147.555 81600
147.561 81940
147.567 82280
147.575 82620
147.585 82960
147.598 83300
147.617 83640
147.649 83980
147.688 84320
147.728 84660
147.791 85000
147.887 85340
147.983 85680
148.079 86020
148.175 86360
148.271 86700
148.399 87040
148.527 87380
148.655 87720
148.847 88060
149.039 88400
149.263 88740
149.647 89080
149.789 71060
149.83 71400
149.831 71740
149.832 72080
149.834 72420
149.835 72760
149.836 73100
149.837 73440
149.839 73780
149.84 74120
149.841 74460
149.843 74800
149.844 75140
149.846 75480
149.848 75820
149.849 76160
149.851 76500
149.853 76840
149.855 77180
149.857 77520
149.859 77860
149.861 78200
149.864 78540
149.866 78880
149.869 79220
149.872 79560
149.875 79900
149.878 80240
149.882 80580
149.887 80920
149.891 81260
149.897 81600
149.903 81940
149.909 82280
149.917 82620
149.927 82960
149.94 83300
149.959 83640
149.991 83980
150.03 84320
150.07 84660
150.134 85000
150.23 85340
150.326 85680
150.422 86020
150.518 86360
150.614 86700
150.742 87040
150.87 87380
150.998 87720
151.19 88060
151.382 88400
151.606 88740
151.958 89080
152.1 71060
152.141 71400
152.142 71740
152.143 72080
152.145 72420
152.146 72760
152.147 73100
152.148 73440
152.15 73780
152.151 74120
152.152 74460
152.154 74800
152.155 75140
152.157 75480
152.158 75820
152.16 76160
152.162 76500
152.164 76840
152.166 77180
152.168 77520
152.17 77860
152.172 78200
152.175 78540
152.177 78880
152.18 79220
152.183 79560
152.186 79900
152.189 80240
152.193 80580
152.198 80920
152.202 81260
152.208 81600
152.214 81940
152.22 82280
152.228 82620
152.238 82960
152.251 83300
152.27 83640
152.302 83980
152.341 84320
152.381 84660
152.444 85000
152.54 85340
152.636 85680
152.732 86020
152.828 86360
152.924 86700
153.052 87040
153.18 87380
153.308 87720
153.5 88060
153.692 88400
153.916 88740
154.3 89080
154.442 71060
154.483 71400
154.484 71740
154.485 72080
154.487 72420
154.488 72760
154.489 73100
154.49 73440
154.492 73780
154.493 74120
154.494 74460
154.496 74800
154.497 75140
154.499 75480
154.501 75820
154.502 76160
154.504 76500
154.506 76840
154.508 77180
154.51 77520
154.512 77860
154.514 78200
154.517 78540
154.519 78880
154.522 79220
154.525 79560
154.528 79900
154.531 80240
154.535 80580
154.54 80920
154.544 81260
154.55 81600
154.556 81940
154.562 82280
154.57 82620
154.58 82960
154.593 83300
154.612 83640
154.644 83980
154.683 84320
154.723 84660
154.787 85000
154.883 85340
154.979 85680
155.075 86020
155.171 86360
155.267 86700
155.395 87040
155.523 87380
155.651 87720
155.843 88060
156.035 88400
156.259 88740
156.611 89080
156.753 71060
156.794 71400
156.795 71740
156.796 72080
156.798 72420
156.799 72760
156.8 73100
156.801 73440
156.803 73780
156.804 74120
156.805 74460
156.807 74800
156.808 75140
156.81 75480
156.811 75820
156.813 76160
156.815 76500
156.817 76840
156.819 77180
156.821 77520
156.823 77860
156.825 78200
156.827 78540
156.83 78880
156.833 79220
156.836 79560
156.839 79900
156.842 80240
156.846 80580
156.851 80920
156.855 81260
156.861 81600
156.867 81940
156.873 82280
156.881 82620
156.891 82960
156.904 83300
156.923 83640
156.955 83980
156.994 84320
157.034 84660
157.097 85000
157.193 85340
157.289 85680
157.385 86020
157.481 86360
157.577 86700
157.705 87040
157.833 87380
157.961 87720
158.153 88060
158.345 88400
158.569 88740
158.953 89080
159.095 71060
159.136 71400
159.137 71740
159.138 72080
159.14 72420
159.141 72760
159.142 73100
159.143 73440
159.145 73780
159.146 74120
159.147 74460
159.149 74800
159.15 75140
159.152 75480
159.154 75820
159.155 76160
159.157 76500
159.159 76840
159.161 77180
159.163 77520
159.165 77860
159.167 78200
159.17 78540
159.172 78880
159.175 79220
159.178 79560
159.181 79900
159.184 80240
159.188 80580
159.193 80920
159.197 81260
159.203 81600
159.209 81940
159.215 82280
159.223 82620
159.233 82960
159.246 83300
159.265 83640
159.297 83980
159.336 84320
159.376 84660
159.44 85000
159.536 85340
159.632 85680
159.728 86020
159.824 86360
159.92 86700
160.048 87040
160.176 87380
160.304 87720
160.496 88060
160.688 88400
160.912 88740
161.264 89080
161.406 71060
161.447 71400
161.448 71740
161.449 72080
161.451 72420
161.452 72760
161.453 73100
161.454 73440
161.456 73780
161.457 74120
161.458 74460
161.46 74800
161.461 75140
161.463 75480
161.464 75820
161.466 76160
161.468 76500
161.47 76840
161.472 77180
161.474 77520
161.476 77860
161.478 78200
161.48 78540
161.483 78880
161.486 79220
161.489 79560
161.492 79900
161.495 80240
161.499 80580
161.503 80920
161.508 81260
161.514 81600
161.52 81940
161.526 82280
161.534 82620
161.544 82960
161.557 83300
161.576 83640
161.608 83980
161.647 84320
161.687 84660
161.75 85000
161.846 85340
161.942 85680
162.038 86020
162.134 86360
162.23 86700
162.358 87040
162.486 87380
162.614 87720
162.806 88060
162.998 88400
163.222 88740
163.606 89080
163.748 71060
163.789 71400
163.79 71740
163.791 72080
163.793 72420
163.794 72760
163.795 73100
163.796 73440
163.798 73780
163.799 74120
163.8 74460
163.802 74800
163.803 75140
163.805 75480
163.806 75820
163.808 76160
163.81 76500
163.812 76840
163.814 77180
163.816 77520
163.818 77860
163.82 78200
163.823 78540
163.825 78880
163.828 79220
163.831 79560
163.834 79900
163.837 80240
163.841 80580
163.846 80920
163.85 81260
163.856 81600
163.862 81940
163.868 82280
163.876 82620
163.886 82960
163.899 83300
163.918 83640
163.95 83980
163.989 84320
164.029 84660
164.093 85000
164.189 85340
164.285 85680
164.381 86020
164.477 86360
164.573 86700
164.701 87040
164.829 87380
164.957 87720
165.149 88060
165.341 88400
165.565 88740
165.917 89080
166.059 71060
166.1 71400
166.101 71740
166.102 72080
166.104 72420
166.105 72760
166.106 73100
166.107 73440
166.109 73780
166.11 74120
166.111 74460
166.113 74800
166.114 75140
166.116 75480
166.117 75820
166.119 76160
166.121 76500
166.123 76840
166.125 77180
166.127 77520
166.129 77860
166.131 78200
166.133 78540
166.136 78880
166.139 79220
166.142 79560
166.145 79900
166.148 80240
166.152 80580
166.156 80920
166.161 81260
166.167 81600
166.173 81940
166.179 82280
166.187 82620
166.197 82960
166.21 83300
166.229 83640
166.261 83980
166.3 84320
166.34 84660
166.403 85000
166.499 85340
166.595 85680
166.691 86020
166.787 86360
166.883 86700
167.011 87040
167.139 87380
167.267 87720
167.459 88060
167.651 88400
167.875 88740
168.259 89080
168.401 71060
168.442 71400
168.443 71740
168.444 72080
168.446 72420
168.447 72760
168.448 73100
168.449 73440
168.451 73780
168.452 74120
168.453 74460
168.455 74800
168.456 75140
168.458 75480
168.459 75820
168.461 76160
168.463 76500
168.465 76840
168.467 77180
168.469 77520
168.471 77860
168.473 78200
168.476 78540
168.478 78880
168.481 79220
168.484 79560
168.487 79900
168.49 80240
168.494 80580
168.499 80920
168.503 81260
168.509 81600
168.515 81940
168.521 82280
168.529 82620
168.539 82960
168.552 83300
168.571 83640
168.603 83980
168.642 84320
168.682 84660
168.746 85000
168.842 85340
168.938 85680
169.034 86020
169.13 86360
169.226 86700
169.354 87040
169.482 87380
169.61 87720
169.802 88060
169.994 88400
170.218 88740
170.57 89080
170.712 71060
170.753 71400
170.754 71740
170.755 72080
170.757 72420
170.758 72760
170.759 73100
170.76 73440
170.762 73780
170.763 74120
170.764 74460
170.766 74800
170.767 75140
170.769 75480
170.77 75820
170.772 76160
170.774 76500
170.776 76840
170.778 77180
170.78 77520
170.782 77860
170.784 78200
170.786 78540
170.789 78880
170.792 79220
170.795 79560
170.798 79900
170.801 80240
170.805 80580
170.809 80920
170.814 81260
170.82 81600
170.826 81940
170.832 82280
170.84 82620
170.85 82960
170.863 83300
170.882 83640
170.914 83980
170.953 84320
170.993 84660
171.056 85000
171.152 85340
171.248 85680
171.344 86020
171.44 86360
171.536 86700
171.664 87040
171.792 87380
171.92 87720
172.112 88060
172.304 88400
172.528 88740
172.912 89080
173.054 71060
173.095 71400
173.096 71740
173.097 72080
173.099 72420
173.1 72760
173.101 73100
173.102 73440
173.104 73780
173.105 74120
173.106 74460
173.108 74800
173.109 75140
173.111 75480
173.112 75820
173.114 76160
173.116 76500
173.118 76840
173.12 77180
173.122 77520
173.124 77860
173.126 78200
173.129 78540
173.131 78880
173.134 79220
173.137 79560
173.14 79900
173.143 80240
173.147 80580
173.152 80920
173.156 81260
173.162 81600
173.168 81940
173.174 82280
173.182 82620
173.192 82960
173.205 83300
173.224 83640
173.256 83980
173.295 84320
173.335 84660
173.398 85000
173.494 85340
173.59 85680
173.686 86020
173.782 86360
173.878 86700
174.006 87040
174.134 87380
174.262 87720
174.454 88060
174.646 88400
174.87 88740
175.254 89080
175.396 71060
175.437 71400
175.438 71740
175.439 72080
175.441 72420
175.442 72760
175.443 73100
175.444 73440
175.446 73780
175.447 74120
175.448 74460
175.45 74800
175.451 75140
175.453 75480
175.455 75820
175.456 76160
175.458 76500
175.46 76840
175.462 77180
175.464 77520
175.466 77860
175.468 78200
175.471 78540
175.473 78880
175.476 79220
175.479 79560
175.482 79900
175.485 80240
175.489 80580
175.494 80920
175.498 81260
175.504 81600
175.51 81940
175.516 82280
175.524 82620
175.534 82960
175.547 83300
175.566 83640
175.598 83980
175.637 84320
175.677 84660
175.741 85000
175.837 85340
175.933 85680
176.029 86020
176.125 86360
176.221 86700
176.349 87040
176.477 87380
176.605 87720
176.797 88060
176.989 88400
177.213 88740
177.565 89080
177.707 71060
177.748 71400
177.749 71740
177.75 72080
177.752 72420
177.753 72760
177.754 73100
177.755 73440
177.757 73780
177.758 74120
177.759 74460
177.761 74800
177.762 75140
177.764 75480
177.765 75820
177.767 76160
177.769 76500
177.771 76840
177.773 77180
177.775 77520
177.777 77860
177.779 78200
177.782 78540
177.784 78880
177.787 79220
177.79 79560
177.793 79900
177.796 80240
177.8 80580
177.805 80920
177.809 81260
177.815 81600
177.821 81940
177.827 82280
177.835 82620
177.845 82960
177.858 83300
177.877 83640
177.909 83980
177.948 84320
177.988 84660
178.051 85000
178.147 85340
178.243 85680
178.339 86020
178.435 86360
178.531 86700
178.659 87040
178.787 87380
178.915 87720
179.107 88060
179.299 88400
179.523 88740
179.907 89080
180.049 71060
180.09 71400
180.091 71740
180.092 72080
180.094 72420
180.095 72760
180.096 73100
180.097 73440
180.099 73780
180.1 74120
180.101 74460
180.103 74800
180.104 75140
180.106 75480
180.108 75820
180.109 76160
180.111 76500
180.113 76840
180.115 77180
180.117 77520
180.119 77860
180.121 78200
180.124 78540
180.126 78880
180.129 79220
180.132 79560
180.135 79900
180.138 80240
180.142 80580
180.147 80920
180.151 81260
180.157 81600
180.163 81940
180.169 82280
180.177 82620
180.187 82960
180.2 83300
180.219 83640
180.251 83980
180.29 84320
180.33 84660
180.394 85000
180.49 85340
180.586 85680
180.682 86020
180.778 86360
180.874 86700
181.002 87040
181.13 87380
181.258 87720
181.45 88060
181.642 88400
181.866 88740
182.218 89080
182.36 71060
182.401 71400
182.402 71740
182.403 72080
182.405 72420
182.406 72760
182.407 73100
182.408 73440
182.41 73780
182.411 74120
182.412 74460
182.414 74800
182.415 75140
182.417 75480
182.418 75820
182.42 76160
182.422 76500
182.424 76840
182.426 77180
182.428 77520
182.43 77860
182.432 78200
182.435 78540
182.437 78880
182.44 79220
182.443 79560
182.446 79900
182.449 80240
182.453 80580
182.458 80920
182.462 81260
182.468 81600
182.474 81940
182.48 82280
182.488 82620
182.498 82960
182.511 83300
182.53 83640
182.562 83980
182.601 84320
182.641 84660
182.704 85000
182.8 85340
182.896 85680
182.992 86020
183.088 86360
183.184 86700
183.312 87040
183.44 87380
183.568 87720
183.76 88060
183.952 88400
184.176 88740
184.56 89080
184.702 71060
184.743 71400
184.744 71740
184.745 72080
184.747 72420
184.748 72760
184.749 73100
184.75 73440
184.752 73780
184.753 74120
184.754 74460
184.756 74800
184.757 75140
184.759 75480
184.761 75820
184.762 76160
184.764 76500
184.766 76840
184.768 77180
184.77 77520
184.772 77860
184.774 78200
184.777 78540
184.779 78880
184.782 79220
184.785 79560
184.788 79900
184.791 80240
184.795 80580
184.8 80920
184.804 81260
184.81 81600
184.816 81940
184.822 82280
184.83 82620
184.84 82960
184.853 83300
184.872 83640
184.904 83980
184.943 84320
184.983 84660
185.047 85000
185.143 85340
185.239 85680
185.335 86020
185.431 86360
185.527 86700
185.655 87040
185.783 87380
185.911 87720
186.103 88060
186.295 88400
186.519 88740
186.871 89080
187.013 71060
187.054 71400
187.055 71740
187.056 72080
187.058 72420
187.059 72760
187.06 73100
187.061 73440
187.063 73780
187.064 74120
187.065 74460
187.067 74800
187.068 75140
187.07 75480
187.071 75820
187.073 76160
187.075 76500
187.077 76840
187.079 77180
187.081 77520
187.083 77860
187.085 78200
187.087 78540
187.09 78880
187.093 79220
187.096 79560
187.099 79900
187.102 80240
187.106 80580
187.11 80920
187.115 81260
187.121 81600
187.127 81940
187.133 82280
187.141 82620
187.151 82960
187.164 83300
187.183 83640
187.215 83980
187.254 84320
187.294 84660
187.357 85000
187.453 85340
187.549 85680
187.645 86020
187.741 86360
187.837 86700
187.965 87040
188.093 87380
188.221 87720
188.413 88060
188.605 88400
188.829 88740
189.213 89080
189.355 71060
189.396 71400
189.397 71740
189.398 72080
189.4 72420
189.401 72760
189.402 73100
189.403 73440
189.405 73780
189.406 74120
189.407 74460
189.409 74800
189.41 75140
189.412 75480
189.414 75820
189.415 76160
189.417 76500
189.419 76840
189.421 77180
189.423 77520
189.425 77860
189.427 78200
189.43 78540
189.432 78880
189.435 79220
189.438 79560
189.441 79900
189.444 80240
189.448 80580
189.453 80920
189.457 81260
189.463 81600
189.469 81940
189.475 82280
189.483 82620
189.493 82960
189.506 83300
189.525 83640
189.557 83980
189.596 84320
189.636 84660
189.7 85000
189.796 85340
189.892 85680
189.988 86020
190.084 86360
190.18 86700
190.308 87040
190.436 87380
190.564 87720
190.756 88060
190.948 88400
191.172 88740
191.524 89080
191.666 71060
191.707 71400
191.708 71740
191.709 72080
191.711 72420
191.712 72760
191.713 73100
191.714 73440
191.716 73780
191.717 74120
191.718 74460
191.72 74800
191.721 75140
191.723 75480
191.724 75820
191.726 76160
191.728 76500
191.73 76840
191.732 77180
191.734 77520
191.736 77860
191.738 78200
191.74 78540
191.743 78880
191.746 79220
191.749 79560
191.752 79900
191.755 80240
191.759 80580
191.763 80920
191.768 81260
191.774 81600
191.78 81940
191.786 82280
191.794 82620
191.804 82960
191.817 83300
191.836 83640
191.868 83980
191.907 84320
191.947 84660
192.01 85000
192.106 85340
192.202 85680
192.298 86020
192.394 86360
192.49 86700
192.618 87040
192.746 87380
192.874 87720
193.066 88060
193.258 88400
193.482 88740
193.866 89080
194.008 71060
194.049 71400
194.05 71740
194.051 72080
194.053 72420
194.054 72760
194.055 73100
194.056 73440
194.058 73780
194.059 74120
194.06 74460
194.062 74800
194.063 75140
194.065 75480
194.066 75820
194.068 76160
194.07 76500
194.072 76840
194.074 77180
194.076 77520
194.078 77860
194.08 78200
194.083 78540
194.085 78880
194.088 79220
194.091 79560
194.094 79900
194.097 80240
194.101 80580
194.106 80920
194.11 81260
194.116 81600
194.122 81940
194.128 82280
194.136 82620
194.146 82960
194.159 83300
194.178 83640
194.21 83980
194.249 84320
194.289 84660
194.353 85000
194.449 85340
194.545 85680
194.641 86020
194.737 86360
194.833 86700
194.961 87040
195.089 87380
195.217 87720
195.409 88060
195.601 88400
195.825 88740
196.177 89080
196.319 71060
196.36 71400
196.361 71740
196.362 72080
196.364 72420
196.365 72760
196.366 73100
196.367 73440
196.369 73780
196.37 74120
196.371 74460
196.373 74800
196.374 75140
196.376 75480
196.377 75820
196.379 76160
196.381 76500
196.383 76840
196.385 77180
196.387 77520
196.389 77860
196.391 78200
196.393 78540
196.396 78880
196.399 79220
196.402 79560
196.405 79900
196.408 80240
196.412 80580
196.416 80920
196.421 81260
196.427 81600
196.433 81940
196.439 82280
196.447 82620
196.457 82960
196.47 83300
196.489 83640
196.521 83980
196.56 84320
196.6 84660
196.663 85000
196.759 85340
196.855 85680
196.951 86020
197.047 86360
197.143 86700
197.271 87040
197.399 87380
197.527 87720
197.719 88060
197.911 88400
