0.0100654 34000
0.0203209 34340
0.0206361 34680
0.0209513 35020
0.0212665 35360
0.0215817 35700
0.0218969 36040
0.0222121 36380
0.0225273 36720
0.0228425 37060
0.0231577 37400
0.0234729 37740
0.0237881 38080
0.0241033 38420
0.0244185 38760
0.0247337 39100
0.0250489 39440
0.0253641 39780
0.0256793 40120
0.0259945 40460
0.0263097 40800
0.0266249 41140
0.0269401 41480
0.0272553 41820
0.0275705 42160
0.0278857 42500
0.0282009 42840
0.0285161 43180
0.0288313 43520
0.0291465 43860
0.0294617 44200
0.0297769 44540
0.0300921 44880
0.0304073 45220
0.0307225 45560
0.0310377 45900
0.0313529 46240
0.0316681 46580
0.0319833 46920
0.0322985 47260
0.0326137 47600
0.0329289 47940
0.0332441 48280
0.0335593 48620
0.0338745 48960
0.0341897 49300
0.0345049 49640
0.0348201 49980
0.0351353 50320
0.0354505 50660
0.0357657 51000
0.0360809 51340
0.0363961 51680
0.0367113 52020
0.0370265 52360
0.0373417 52700
0.0376569 53040
0.0379721 53380
0.0382873 53720
0.0386025 54060
0.0389177 54400
0.0392329 54740
0.0395481 55080
0.0398633 55420
0.0401785 55760
0.0404937 56100
0.0408089 56440
0.0411241 56780
0.0414393 57120
0.0417545 57460
0.0420697 57800
0.0423849 58140
0.0427001 58480
0.0430153 58820
0.0433305 59160
0.0436457 59500
0.0439609 59840
0.0442761 60180
0.0445913 60520
0.0449065 60860
0.0452217 61200
0.0455369 61540
0.0458521 61880
0.0461673 62220
0.0464825 62560
0.0467977 62900
0.0471129 63240
0.0474281 63580
0.0477433 63920
0.0480585 64260
0.0483737 64600
0.0486889 64940
0.0490041 65280
0.0493193 65620
0.0496345 65960
0.0499497 66300
0.0502649 66640
0.0505801 66980
0.0508953 67320
0.0512105 67660
0.0515257 68000
0.0518409 68340
0.0521561 68680
0.0524713 69020
0.0527865 69360
0.0531017 69700
0.0534169 70040
0.0537321 70380
0.0540473 70720
0.0543625 71060
0.0546777 71400
0.0549929 71740
0.0553081 72080
0.0556233 72420
0.0559385 72760
0.0562537 73100
0.0565689 73440
0.0568841 73780
0.0571993 74120
0.0575145 74460
0.0578297 74800
0.0581449 75140
0.0584601 75480
0.0587753 75820
0.0590905 76160
0.0594057 76500
0.0597209 76840
0.0600361 77180
0.0603513 77520
0.0606665 77860
0.0609817 78200
0.0612969 78540
0.0616121 78880
0.0619273 79220
0.0622425 79560
0.0625577 79900
0.0628729 80240
0.0631881 80580
0.0635033 80920
0.0638185 81260
0.0641337 81600
0.0644489 81940
0.0647641 82280
0.0650793 82620
0.0653945 82960
0.0657097 83300
0.0660249 83640
0.0663401 83980
0.0666553 84320
0.0669705 84660
0.0672857 85000
0.0676009 85340
0.0679161 85680
0.0682313 86020
0.0685465 86360
0.0688617 86700
0.0691769 87040
0.0694921 87380
0.0698073 87720
0.0701225 88060
0.0704377 88400
0.0707529 88740
0.0710681 89080
0.0713833 89420
0.0716985 89760
0.0720137 90100
0.0723289 90440
0.0726441 90780
0.0729593 91120
0.0732745 91460
0.0735897 91800
0.0739049 92140
0.0742201 92480
0.0745353 92820
0.0748505 93160
0.0751657 93500
0.0754809 93840
0.0757961 94180
0.0761113 94520
0.0764265 94860
0.0767417 95200
0.0770569 95540
0.0773721 95880
0.0776873 96220
0.0780025 96560
0.0783177 96900
0.0786329 97240
0.0789481 97580
0.0792633 97920
0.0795785 98260
0.0798937 98600
0.0802089 98940
0.0805241 99280
0.0808393 99620
0.0811545 99960
0.0814697 100300
0.0817849 100640
0.0821001 100980
0.0824153 101320
0.0827305 101660
0.0830457 102000
0.0833609 102340
0.0836761 102680
0.0839913 103020
0.0843065 103360
0.0846217 103700
0.0849369 104040
0.0852521 104380
0.0855673 104720
0.0858825 105060
0.0861977 105400
0.0865129 105740
0.0868281 106080
0.0871433 106420
0.0874585 106760
0.0877737 107100
0.0880889 107440
0.0884041 107780
0.0887193 108120
0.0890345 108460
0.0893497 108800
0.0896649 109140
0.0899801 109480
0.0902953 109820
0.0906105 110160
0.0909257 110500
0.0912409 110840
0.0915561 111180
0.0918713 111520
0.0921865 111860
0.0925017 112200
0.0928169 112540
0.0931321 112880
0.0934473 113220
0.0937625 113560
0.0940777 113900
0.0943929 114240
0.0947081 114580
0.0950233 114920
0.0953385 115260
0.0956537 115600
0.0959689 115940
0.0962841 116280
0.0965993 116620
0.0970811 93160
0.17494 74460
1.19149 340
1.20328 680
1.22014 1020
1.2203 1360
1.23041 1700
1.23057 2040
1.23088 2380
1.24067 2720
1.24083 3060
1.24099 3400
1.2413 3740
1.24146 4080
1.24162 4420
1.25094 4760
1.25125 5100
1.25141 5440
1.25157 5780
1.25173 6120
1.25204 6460
1.2522 6800
1.25236 7140
1.25251 7480
1.25283 7820
1.2612 8160
1.26136 8500
1.26152 8840
1.26183 9180
1.26199 9520
1.26215 9860
1.26231 10200
1.26262 10540
1.26278 10880
1.26294 11220
1.27508 11560
1.27539 11900
1.27571 12240
1.27602 12580
1.27634 12920
1.27665 13260
1.27697 13600
1.27728 13940
1.2776 14280
1.27791 14620
1.27823 14960
1.27855 15300
1.27886 15640
1.27918 15980
1.27949 16320
1.27981 16660
1.28533 17000
1.28564 17340
1.28596 17680
1.28627 18020
1.28659 18360
1.28691 18700
1.28722 19040
1.28754 19380
1.28785 19720
1.28817 20060
1.28848 20400
1.2888 20740
1.28911 21080
1.28943 21420
1.28974 21760
1.29006 22100
1.29037 22440
1.29069 22780
1.291 23120
1.29132 23460
1.29163 23800
1.29195 24140
1.29226 24480
1.29258 24820
1.29558 25160
1.2959 25500
1.29621 25840
1.29653 26180
1.29684 26520
1.29716 26860
1.29747 27200
1.29779 27540
1.2981 27880
1.29842 28220
1.29873 28560
1.29905 28900
1.29936 29240
1.29968 29580
1.29999 29920
1.30031 30260
1.30062 30600
1.30094 30940
1.30125 31280
1.30157 31620
1.30188 31960
1.3022 32300
1.30252 32640
1.30283 32980
1.30315 33320
1.30346 33660
1.30378 34000
1.30409 34340
1.30441 34680
1.30472 35020
1.30504 35360
1.30535 35700
1.30567 36040
1.30598 36380
1.3063 36720
1.30661 37060
1.30693 37400
1.30724 37740
1.30756 38080
1.30787 38420
1.30819 38760
1.3085 39100
1.30882 39440
1.30913 39780
1.30945 40120
1.30976 40460
1.31008 40800
1.3104 41140
1.31071 41480
1.31103 41820
1.31134 42160
1.31166 42500
1.31197 42840
1.31229 43180
1.3126 43520
1.31292 43860
1.31323 44200
1.31355 44540
1.31386 44880
1.31418 45220
1.31449 45560
1.31481 45900
1.31512 46240
1.31544 46580
1.31575 46920
1.31607 47260
1.31638 47600
1.3167 47940
1.31701 48280
1.31733 48620
1.31764 48960
1.31796 49300
1.31828 49640
1.31859 49980
1.31891 50320
1.31922 50660
1.31954 51000
1.31985 51340
1.32017 51680
1.32048 52020
1.3208 52360
1.32111 52700
1.32143 53040
1.32174 53380
1.32206 53720
1.32237 54060
1.32269 54400
1.323 54740
1.32332 55080
1.32363 55420
1.32395 55760
1.32426 56100
1.32458 56440
1.32489 56780
1.32521 57120
1.32552 57460
1.32584 57800
1.32616 58140
1.32647 58480
1.32679 58820
1.3271 59160
1.32742 59500
1.32805 59840
1.32931 60180
1.33057 60520
1.33183 60860
1.33309 61200
1.33435 61540
1.33593 61880
1.3375 62220
1.33908 62560
1.34065 62900
1.34255 63240
1.34444 63580
1.34633 63920
1.34853 64260
1.35074 64600
1.35326 64940
1.35578 65280
1.35862 65620
1.36177 65960
1.36524 66300
1.36934 66640
1.37407 66980
1.37879 67320
1.38415 67660
1.39046 68000
1.39865 68340
1.40937 68680
1.42544 69020
1.45728 69360
1.48974 69700
1.51039 55420
1.5427 55760
1.54396 56100
1.54522 56440
1.54648 56780
1.54774 57120
1.549 57460
1.55058 57800
1.55215 58140
1.55373 58480
1.55531 58820
1.5572 59160
1.55909 59500
1.56098 59840
1.56319 60180
1.56539 60520
1.56791 60860
1.57075 61200
1.5739 61540
1.57737 61880
1.58115 62220
1.58556 62560
1.59061 62900
1.59565 63240
1.60164 63580
1.6092 63920
1.61929 64260
1.63442 64600
1.66468 64940
1.6962 65280
1.76019 65620
1.85601 65960
1.92031 66300
2.01613 66640
2.1441 66980
2.24024 67320
2.36821 67660
2.37184 54060
2.40319 54400
2.40445 54740
2.40572 55080
2.40698 55420
2.40824 55760
2.4095 56100
2.41107 56440
2.41265 56780
2.41423 57120
2.4158 57460
2.41769 57800
2.41958 58140
2.42179 58480
2.424 58820
2.42652 59160
2.42904 59500
2.43188 59840
2.43503 60180
2.43881 60520
2.44291 60860
2.44764 61200
2.45268 61540
2.45867 61880
2.46592 62220
2.47569 62560
2.4905 62900
2.51982 63240
2.55228 63580
2.61627 63920
2.71209 64260
2.80823 64600
2.90405 64940
3.03202 65280
3.12815 65620
3.25612 65960
3.41625 66300
3.57605 66640
3.76801 66980
4.02427 67320
4.15587 53720
4.18707 54060
4.18833 54400
4.18959 54740
4.19085 55080
4.19211 55420
4.19337 55760
4.19495 56100
4.19652 56440
4.1981 56780
4.19968 57120
4.20157 57460
4.20346 57800
4.20566 58140
4.20787 58480
4.21039 58820
4.21307 59160
4.21591 59500
4.21906 59840
4.22284 60180
4.22694 60520
4.23167 60860
4.2364 61200
4.24239 61540
4.24964 61880
4.25941 62220
4.27391 62560
4.30322 62900
4.33505 63240
4.39904 63580
4.49518 63920
4.59131 64260
4.68713 64600
4.8151 64940
4.91124 65280
5.03921 65620
5.19902 65960
5.35914 66300
5.5511 66640
5.80704 66980
6.15912 67320
6.29072 53720
6.32192 54060
6.32318 54400
6.32444 54740
6.3257 55080
6.32696 55420
6.32822 55760
6.3298 56100
6.33137 56440
6.33295 56780
6.33453 57120
6.33642 57460
6.33831 57800
6.34051 58140
6.34272 58480
6.34524 58820
6.34792 59160
6.35076 59500
6.35391 59840
6.35769 60180
6.36179 60520
6.36652 60860
6.37125 61200
6.37724 61540
6.38448 61880
6.39426 62220
6.40876 62560
6.43807 62900
6.47022 63240
6.5342 63580
6.63003 63920
6.72616 64260
6.8223 64600
6.95027 64940
7.04609 65280
7.17406 65620
7.33418 65960
7.4943 66300
7.68626 66640
7.9422 66980
8.29428 67320
8.42588 53720
8.45708 54060
8.45834 54400
8.4596 54740
8.46086 55080
8.46213 55420
8.46339 55760
8.46496 56100
8.46654 56440
8.46811 56780
8.46969 57120
8.47158 57460
8.47347 57800
8.47568 58140
8.47789 58480
8.48041 58820
8.48309 59160
8.48592 59500
8.48908 59840
8.49286 60180
8.49696 60520
8.50168 60860
8.50641 61200
8.5124 61540
8.51965 61880
8.52942 62220
8.54392 62560
8.57323 62900
8.60507 63240
8.66905 63580
8.76519 63920
8.86101 64260
8.95715 64600
9.08512 64940
9.18125 65280
9.30923 65620
9.46903 65960
9.62915 66300
9.82111 66640
10.0771 66980
10.4291 67320
10.5607 53720
10.5919 54060
10.5932 54400
10.5945 54740
10.5957 55080
10.597 55420
10.5982 55760
10.5998 56100
10.6014 56440
10.603 56780
10.6045 57120
10.6064 57460
10.6083 57800
10.6105 58140
10.6127 58480
10.6153 58820
10.6179 59160
10.6208 59500
10.6239 59840
10.6277 60180
10.6318 60520
10.6365 60860
10.6413 61200
10.6472 61540
10.6545 61880
10.6643 62220
10.6788 62560
10.7081 62900
10.7402 63240
10.8042 63580
10.9 63920
10.9962 64260
11.0923 64600
11.2203 64940
11.3161 65280
11.4441 65620
11.6042 65960
11.764 66300
11.9563 66640
12.2122 66980
12.5643 67320
12.6959 53720
12.7271 54060
12.7284 54400
12.7296 54740
12.7309 55080
12.7321 55420
12.7334 55760
12.735 56100
12.7366 56440
12.7381 56780
12.7397 57120
12.7416 57460
12.7435 57800
12.7457 58140
12.7479 58480
12.7504 58820
12.7531 59160
12.7559 59500
12.7591 59840
12.7629 60180
12.767 60520
12.7717 60860
12.7764 61200
12.7824 61540
12.7897 61880
12.7994 62220
12.8139 62560
12.8432 62900
12.8751 63240
12.9391 63580
13.0352 63920
13.131 64260
13.2272 64600
13.3551 64940
13.4513 65280
13.5792 65620
13.739 65960
13.8992 66300
14.0911 66640
14.3471 66980
14.6991 67320
14.8307 53720
14.8619 54060
14.8632 54400
14.8645 54740
14.8657 55080
14.867 55420
14.8683 55760
14.8698 56100
14.8714 56440
14.873 56780
14.8746 57120
14.8764 57460
14.8783 57800
14.8805 58140
14.8827 58480
14.8853 58820
14.888 59160
14.8908 59500
14.8939 59840
14.8977 60180
14.9018 60520
14.9065 60860
14.9113 61200
14.9173 61540
14.9245 61880
14.9343 62220
14.9488 62560
14.9781 62900
15.0102 63240
15.0742 63580
15.1701 63920
15.2662 64260
15.362 64600
15.4903 64940
15.5861 65280
15.7141 65620
15.8742 65960
16.034 66300
16.2263 66640
16.4822 66980
16.8343 67320
16.9659 53720
16.9971 54060
16.9984 54400
16.9996 54740
17.0009 55080
17.0022 55420
17.0034 55760
17.005 56100
17.0066 56440
17.0081 56780
17.0097 57120
17.0116 57460
17.0135 57800
17.0157 58140
17.0179 58480
17.0204 58820
17.0231 59160
17.026 59500
17.0291 59840
17.0329 60180
17.037 60520
17.0417 60860
17.0464 61200
17.0524 61540
17.0597 61880
17.0694 62220
17.0839 62560
17.1133 62900
17.1451 63240
17.2091 63580
17.3052 63920
17.401 64260
17.4972 64600
17.6251 64940
17.7213 65280
17.8493 65620
18.0091 65960
18.1692 66300
18.3611 66640
18.6171 66980
18.9692 67320
19.1008 53720
19.132 54060
19.1332 54400
19.1345 54740
19.1357 55080
19.137 55420
19.1383 55760
19.1398 56100
19.1414 56440
19.143 56780
19.1446 57120
19.1465 57460
19.1484 57800
19.1506 58140
19.1528 58480
19.1553 58820
19.158 59160
19.1608 59500
19.164 59840
19.1677 60180
19.1718 60520
19.1766 60860
19.1813 61200
19.1873 61540
19.1945 61880
19.2043 62220
19.2188 62560
19.2481 62900
19.2803 63240
19.3442 63580
19.4401 63920
19.5362 64260
19.632 64600
19.7603 64940
19.8561 65280
19.9841 65620
20.1442 65960
20.304 66300
20.4963 66640
20.7522 66980
21.104 67320
21.2356 53720
21.2668 54060
21.2681 54400
21.2693 54740
21.2706 55080
21.2719 55420
21.2731 55760
21.2747 56100
21.2763 56440
21.2778 56780
21.2794 57120
21.2813 57460
21.2832 57800
21.2854 58140
21.2876 58480
21.2901 58820
21.2928 59160
21.2957 59500
21.2988 59840
21.3026 60180
21.3067 60520
21.3114 60860
21.3161 61200
21.3221 61540
21.3294 61880
21.3391 62220
21.3536 62560
21.383 62900
21.4151 63240
21.4791 63580
21.5752 63920
21.6711 64260
21.7672 64600
21.8952 64940
21.9913 65280
22.1193 65620
22.2791 65960
22.4392 66300
22.6312 66640
22.8871 66980
23.2392 67320
23.3708 53720
23.402 54060
23.4032 54400
23.4045 54740
23.4058 55080
23.407 55420
23.4083 55760
23.4099 56100
23.4114 56440
23.413 56780
23.4146 57120
23.4165 57460
23.4184 57800
23.4206 58140
23.4228 58480
23.4253 58820
23.428 59160
23.4308 59500
23.434 59840
23.4378 60180
23.4418 60520
23.4466 60860
23.4513 61200
23.4573 61540
23.4645 61880
23.4743 62220
23.4888 62560
23.5181 62900
23.5503 63240
23.6143 63580
23.7101 63920
23.8062 64260
23.902 64600
24.03 64940
24.1261 65280
24.2541 65620
24.4142 65960
24.574 66300
24.766 66640
25.0223 66980
25.374 67320
25.5056 53720
25.5368 54060
25.5381 54400
25.5393 54740
25.5406 55080
25.5419 55420
25.5431 55760
25.5447 56100
25.5463 56440
25.5479 56780
25.5494 57120
25.5513 57460
25.5532 57800
25.5554 58140
25.5576 58480
25.5601 58820
25.5628 59160
25.5657 59500
25.5688 59840
25.5726 60180
25.5767 60520
25.5814 60860
25.5862 61200
25.5921 61540
25.5994 61880
25.6092 62220
25.6237 62560
25.653 62900
25.6851 63240
25.7491 63580
25.8452 63920
25.9411 64260
26.0372 64600
26.1652 64940
26.2613 65280
26.3893 65620
26.5491 65960
26.7092 66300
26.9012 66640
27.1571 66980
27.5092 67320
27.6408 53720
27.672 54060
27.6733 54400
27.6745 54740
27.6758 55080
27.677 55420
27.6783 55760
27.6799 56100
27.6814 56440
27.683 56780
27.6846 57120
27.6865 57460
27.6884 57800
27.6906 58140
27.6928 58480
27.6953 58820
27.698 59160
27.7008 59500
27.704 59840
27.7078 60180
27.7119 60520
27.7166 60860
27.7213 61200
27.7273 61540
27.7346 61880
27.7443 62220
27.7588 62560
27.7881 62900
27.8203 63240
27.8843 63580
27.9801 63920
28.0762 64260
28.1721 64600
28.3 64940
28.3962 65280
28.5241 65620
28.6843 65960
28.8441 66300
29.036 66640
29.2923 66980
29.644 67320
29.7756 53720
29.8068 54060
29.8081 54400
29.8094 54740
29.8106 55080
29.8119 55420
29.8131 55760
29.8147 56100
29.8163 56440
29.8179 56780
29.8194 57120
29.8213 57460
29.8232 57800
29.8254 58140
29.8276 58480
29.8302 58820
29.8328 59160
29.8357 59500
29.8388 59840
29.8426 60180
29.8467 60520
29.8514 60860
29.8562 61200
29.8622 61540
29.8694 61880
29.8792 62220
29.8937 62560
29.923 62900
29.9551 63240
30.0191 63580
30.1153 63920
30.2111 64260
30.3072 64600
30.4352 64940
30.531 65280
30.6593 65620
30.8191 65960
30.9792 66300
31.1712 66640
31.4271 66980
31.7792 67320
31.9108 53720
31.942 54060
31.9433 54400
31.9445 54740
31.9458 55080
31.947 55420
31.9483 55760
31.9499 56100
31.9515 56440
31.953 56780
31.9546 57120
31.9565 57460
31.9584 57800
31.9606 58140
31.9628 58480
31.9653 58820
31.968 59160
31.9708 59500
31.974 59840
31.9778 60180
31.9819 60520
31.9866 60860
31.9913 61200
31.9973 61540
32.0046 61880
32.0143 62220
32.0288 62560
32.0582 62900
32.0903 63240
32.1543 63580
32.2501 63920
32.3462 64260
32.4421 64600
32.57 64940
32.6662 65280
32.7941 65620
32.9543 65960
33.1141 66300
33.306 66640
33.5623 66980
33.9141 67320
34.0457 53720
34.0769 54060
34.0781 54400
34.0794 54740
34.0806 55080
34.0819 55420
34.0832 55760
34.0847 56100
34.0863 56440
34.0879 56780
34.0895 57120
34.0914 57460
34.0932 57800
34.0955 58140
34.0977 58480
34.1002 58820
34.1029 59160
34.1057 59500
34.1088 59840
34.1126 60180
34.1167 60520
34.1215 60860
34.1262 61200
34.1322 61540
34.1394 61880
34.1492 62220
34.1637 62560
34.193 62900
34.2252 63240
34.2891 63580
34.3853 63920
34.4811 64260
34.5772 64600
34.7052 64940
34.801 65280
34.9293 65620
35.0891 65960
35.2492 66300
35.4412 66640
35.6971 66980
36.0492 67320
36.1808 53720
36.212 54060
36.2133 54400
36.2145 54740
36.2158 55080
36.2171 55420
36.2183 55760
36.2199 56100
36.2215 56440
36.2231 56780
36.2246 57120
36.2265 57460
36.2284 57800
36.2306 58140
36.2328 58480
36.2353 58820
36.238 59160
36.2409 59500
36.244 59840
36.2478 60180
36.2519 60520
36.2566 60860
36.2613 61200
36.2673 61540
36.2746 61880
36.2844 62220
36.2989 62560
36.3282 62900
36.36 63240
36.4243 63580
36.5201 63920
36.6163 64260
36.7121 64600
36.8401 64940
36.9362 65280
37.0642 65620
37.2243 65960
37.3841 66300
37.576 66640
37.8323 66980
38.1841 67320
38.3157 53720
38.3469 54060
38.3481 54400
38.3494 54740
38.3507 55080
38.3519 55420
38.3532 55760
38.3547 56100
38.3563 56440
38.3579 56780
38.3595 57120
38.3614 57460
38.3633 57800
38.3655 58140
38.3677 58480
38.3702 58820
38.3729 59160
38.3757 59500
38.3789 59840
38.3826 60180
38.3867 60520
38.3915 60860
38.3962 61200
38.4022 61540
38.4094 61880
38.4192 62220
38.4337 62560
38.463 62900
38.4952 63240
38.5592 63580
38.6553 63920
38.7511 64260
38.8472 64600
38.9752 64940
39.071 65280
39.199 65620
39.3591 65960
39.5193 66300
39.7112 66640
39.9672 66980
40.3192 67320
40.4508 53720
40.482 54060
40.4833 54400
40.4846 54740
40.4858 55080
40.4871 55420
40.4883 55760
40.4899 56100
40.4915 56440
40.4931 56780
40.4946 57120
40.4965 57460
40.4984 57800
40.5006 58140
40.5028 58480
40.5054 58820
40.508 59160
40.5109 59500
40.514 59840
40.5178 60180
40.5219 60520
40.5266 60860
40.5314 61200
40.5374 61540
40.5446 61880
40.5544 62220
40.5689 62560
40.5982 62900
40.63 63240
40.694 63580
40.7901 63920
40.8863 64260
40.9821 64600
41.1101 64940
41.2062 65280
41.3342 65620
41.4943 65960
41.6541 66300
41.8461 66640
42.102 66980
42.4541 67320
42.5857 53720
42.6169 54060
42.6181 54400
42.6194 54740
42.6207 55080
42.6219 55420
42.6232 55760
42.6248 56100
42.6263 56440
42.6279 56780
42.6295 57120
42.6314 57460
42.6333 57800
42.6355 58140
42.6377 58480
42.6402 58820
42.6429 59160
42.6457 59500
42.6489 59840
42.6527 60180
42.6568 60520
42.6615 60860
42.6662 61200
42.6722 61540
42.6794 61880
42.6892 62220
42.7037 62560
42.733 62900
42.7652 63240
42.8292 63580
42.9253 63920
43.0211 64260
43.1173 64600
43.2452 64940
43.3411 65280
43.469 65620
43.6291 65960
43.7893 66300
43.9812 66640
44.2372 66980
44.5892 67320
44.7208 53720
44.752 54060
44.7533 54400
44.7546 54740
44.7558 55080
44.7571 55420
44.7584 55760
44.7599 56100
44.7615 56440
44.7631 56780
44.7647 57120
44.7665 57460
44.7684 57800
44.7706 58140
44.7729 58480
44.7754 58820
44.7781 59160
44.7809 59500
44.784 59840
44.7878 60180
44.7919 60520
44.7966 60860
44.8014 61200
44.8074 61540
44.8146 61880
44.8244 62220
44.8389 62560
44.8682 62900
44.9 63240
44.964 63580
45.0602 63920
45.1563 64260
45.2521 64600
45.3801 64940
45.4762 65280
45.6042 65620
45.7643 65960
45.9241 66300
46.1161 66640
46.372 66980
46.7241 67320
46.8557 53720
46.8869 54060
46.8882 54400
46.8894 54740
46.8907 55080
46.8919 55420
46.8932 55760
46.8948 56100
46.8964 56440
46.8979 56780
46.8995 57120
46.9014 57460
46.9033 57800
46.9055 58140
46.9077 58480
46.9102 58820
46.9129 59160
46.9157 59500
46.9189 59840
46.9227 60180
46.9268 60520
46.9315 60860
46.9362 61200
46.9422 61540
46.9495 61880
46.9592 62220
46.9737 62560
47.003 62900
47.0352 63240
47.0992 63580
47.195 63920
47.2911 64260
47.3873 64600
47.5152 64940
47.6111 65280
47.739 65620
47.8992 65960
48.0593 66300
48.2512 66640
48.5072 66980
48.8593 67320
48.9909 53720
49.0221 54060
49.0233 54400
49.0246 54740
49.0258 55080
49.0271 55420
49.0284 55760
49.0299 56100
49.0315 56440
49.0331 56780
49.0347 57120
49.0366 57460
49.0385 57800
49.0407 58140
49.0429 58480
49.0454 58820
49.0481 59160
49.0509 59500
49.0541 59840
49.0578 60180
49.0619 60520
49.0667 60860
49.0714 61200
49.0774 61540
49.0846 61880
49.0944 62220
49.1089 62560
49.1382 62900
49.17 63240
49.234 63580
49.3302 63920
49.4263 64260
49.5221 64600
49.6501 64940
49.7462 65280
49.8742 65620
50.034 65960
50.1941 66300
50.3861 66640
50.642 66980
50.9941 67320
51.1257 53720
51.1569 54060
51.1582 54400
51.1594 54740
51.1607 55080
51.162 55420
51.1632 55760
51.1648 56100
51.1664 56440
51.1679 56780
51.1695 57120
51.1714 57460
51.1733 57800
51.1755 58140
51.1777 58480
51.1802 58820
51.1829 59160
51.1858 59500
51.1889 59840
51.1927 60180
51.1968 60520
51.2015 60860
51.2062 61200
51.2122 61540
51.2195 61880
51.2292 62220
51.2437 62560
51.2731 62900
51.3052 63240
51.3692 63580
51.465 63920
51.5612 64260
51.6573 64600
51.7853 64940
51.8811 65280
52.0091 65620
52.1692 65960
52.3293 66300
52.5213 66640
52.7772 66980
53.1293 67320
53.2609 53720
53.2921 54060
53.2933 54400
53.2946 54740
53.2959 55080
53.2971 55420
53.2984 55760
53.3 56100
53.3015 56440
53.3031 56780
53.3047 57120
53.3066 57460
53.3085 57800
53.3107 58140
53.3129 58480
53.3154 58820
53.3181 59160
53.3209 59500
53.3241 59840
53.3279 60180
53.3319 60520
53.3367 60860
53.3414 61200
53.3474 61540
53.3546 61880
53.3644 62220
53.3789 62560
53.4082 62900
53.4401 63240
53.504 63580
53.6002 63920
53.696 64260
53.7921 64600
53.9201 64940
54.0162 65280
54.1442 65620
54.304 65960
54.4641 66300
54.6561 66640
54.912 66980
55.2641 67320
55.3957 53720
55.4269 54060
55.4282 54400
55.4294 54740
55.4307 55080
55.432 55420
55.4332 55760
55.4348 56100
55.4364 56440
55.438 56780
55.4395 57120
55.4414 57460
55.4433 57800
55.4455 58140
55.4477 58480
55.4503 58820
55.4529 59160
55.4558 59500
55.4589 59840
55.4627 60180
55.4668 60520
55.4715 60860
55.4763 61200
55.4822 61540
55.4895 61880
55.4993 62220
55.5138 62560
55.5431 62900
55.5752 63240
55.6392 63580
55.735 63920
55.8312 64260
55.9273 64600
56.0553 64940
56.1511 65280
56.2791 65620
56.4392 65960
56.5993 66300
56.7913 66640
57.0472 66980
57.3993 67320
57.5309 53720
57.5621 54060
57.5634 54400
57.5646 54740
57.5659 55080
57.5671 55420
57.5684 55760
57.57 56100
57.5715 56440
57.5731 56780
57.5747 57120
57.5766 57460
57.5785 57800
57.5807 58140
57.5829 58480
57.5854 58820
57.5881 59160
57.5909 59500
57.5941 59840
57.5979 60180
57.602 60520
57.6067 60860
57.6114 61200
57.6174 61540
57.6247 61880
57.6344 62220
57.6489 62560
57.6782 62900
57.7101 63240
57.7741 63580
57.8702 63920
57.966 64260
58.0622 64600
58.1901 64940
58.2863 65280
58.4142 65620
58.574 65960
58.7342 66300
58.9261 66640
59.1821 66980
59.5341 67320
59.6657 53720
59.6969 54060
59.6982 54400
59.6995 54740
59.7007 55080
59.702 55420
59.7032 55760
59.7048 56100
59.7064 56440
59.708 56780
59.7095 57120
59.7114 57460
59.7133 57800
59.7155 58140
59.7177 58480
59.7203 58820
59.7229 59160
59.7258 59500
59.7289 59840
59.7327 60180
59.7368 60520
59.7415 60860
59.7463 61200
59.7523 61540
59.7595 61880
59.7693 62220
59.7838 62560
59.8131 62900
59.8452 63240
59.9092 63580
60.005 63920
60.1012 64260
60.197 64600
60.3253 64940
60.4211 65280
60.5491 65620
60.7092 65960
60.869 66300
61.0613 66640
61.3172 66980
61.6693 67320
61.8009 53720
61.8321 54060
61.8334 54400
61.8346 54740
61.8359 55080
61.8371 55420
61.8384 55760
61.84 56100
61.8416 56440
61.8431 56780
61.8447 57120
61.8466 57460
61.8485 57800
61.8507 58140
61.8529 58480
61.8554 58820
61.8581 59160
61.8609 59500
61.8641 59840
61.8679 60180
61.872 60520
61.8767 60860
61.8814 61200
61.8874 61540
61.8947 61880
61.9044 62220
61.9189 62560
61.9483 62900
61.9801 63240
62.0441 63580
62.1402 63920
62.236 64260
62.3322 64600
62.4601 64940
62.5563 65280
62.6842 65620
62.8441 65960
63.0042 66300
63.1961 66640
63.4521 66980
63.8042 67320
63.9358 53720
63.967 54060
63.9682 54400
63.9695 54740
63.9707 55080
63.972 55420
63.9733 55760
63.9748 56100
63.9764 56440
63.978 56780
63.9796 57120
63.9815 57460
63.9833 57800
63.9856 58140
63.9878 58480
63.9903 58820
63.993 59160
63.9958 59500
63.9989 59840
64.0027 60180
64.0068 60520
64.0116 60860
64.0163 61200
64.0223 61540
64.0295 61880
64.0393 62220
64.0538 62560
64.0831 62900
64.1153 63240
64.1792 63580
64.2751 63920
64.3712 64260
64.467 64600
64.5953 64940
64.6911 65280
64.8191 65620
64.9792 65960
65.139 66300
65.3313 66640
65.5872 66980
65.939 67320
66.0706 53720
66.1018 54060
66.1031 54400
66.1043 54740
66.1056 55080
66.1068 55420
66.1081 55760
66.1097 56100
66.1113 56440
66.1128 56780
66.1144 57120
66.1163 57460
66.1182 57800
66.1204 58140
66.1226 58480
66.1251 58820
66.1278 59160
66.1306 59500
66.1338 59840
66.1376 60180
66.1417 60520
66.1464 60860
66.1511 61200
66.1571 61540
66.1644 61880
66.1741 62220
66.1886 62560
66.218 62900
66.2501 63240
66.3141 63580
66.4102 63920
66.506 64260
66.6022 64600
66.7302 64940
66.8263 65280
66.9543 65620
67.1141 65960
67.2742 66300
67.4661 66640
67.7221 66980
68.0742 67320
68.2058 53720
68.237 54060
68.2382 54400
68.2395 54740
68.2408 55080
68.242 55420
68.2433 55760
68.2448 56100
68.2464 56440
68.248 56780
68.2496 57120
68.2515 57460
68.2534 57800
68.2556 58140
68.2578 58480
68.2603 58820
68.263 59160
68.2658 59500
68.269 59840
68.2727 60180
68.2768 60520
68.2816 60860
68.2863 61200
68.2923 61540
68.2995 61880
68.3093 62220
68.3238 62560
68.3531 62900
68.3853 63240
68.4493 63580
68.5451 63920
68.6412 64260
68.737 64600
68.865 64940
68.9611 65280
69.0891 65620
69.2492 65960
69.409 66300
69.6013 66640
69.8573 66980
70.209 67320
70.3406 53720
70.3718 54060
70.3731 54400
70.3743 54740
70.3756 55080
70.3769 55420
70.3781 55760
70.3797 56100
70.3813 56440
70.3829 56780
70.3844 57120
70.3863 57460
70.3882 57800
70.3904 58140
70.3926 58480
70.3951 58820
70.3978 59160
70.4007 59500
70.4038 59840
70.4076 60180
70.4117 60520
70.4164 60860
70.4211 61200
70.4271 61540
70.4344 61880
70.4442 62220
70.4587 62560
70.488 62900
70.5201 63240
70.5841 63580
70.6802 63920
70.7761 64260
70.8722 64600
71.0002 64940
71.0963 65280
71.2243 65620
71.3841 65960
71.5442 66300
71.7362 66640
71.9921 66980
72.3442 67320
72.4758 53720
72.507 54060
72.5082 54400
72.5095 54740
72.5108 55080
72.512 55420
72.5133 55760
72.5149 56100
72.5164 56440
72.518 56780
72.5196 57120
72.5215 57460
72.5234 57800
72.5256 58140
72.5278 58480
72.5303 58820
72.533 59160
72.5358 59500
72.539 59840
72.5428 60180
72.5469 60520
72.5516 60860
72.5563 61200
72.5623 61540
72.5696 61880
72.5793 62220
72.5938 62560
72.6231 62900
72.6553 63240
72.7193 63580
72.8151 63920
72.9112 64260
73.007 64600
73.135 64940
73.2312 65280
73.3591 65620
73.5192 65960
73.6791 66300
73.871 66640
74.1273 66980
74.479 67320
74.6106 53720
74.6418 54060
74.6431 54400
74.6444 54740
74.6456 55080
74.6469 55420
74.6481 55760
74.6497 56100
74.6513 56440
74.6529 56780
74.6544 57120
74.6563 57460
74.6582 57800
74.6604 58140
74.6626 58480
74.6652 58820
74.6678 59160
74.6707 59500
74.6738 59840
74.6776 60180
74.6817 60520
74.6864 60860
74.6912 61200
74.6972 61540
74.7044 61880
74.7142 62220
74.7287 62560
74.758 62900
74.7901 63240
74.8541 63580
74.9503 63920
75.0461 64260
75.1422 64600
75.2702 64940
75.366 65280
75.4943 65620
75.6541 65960
75.8142 66300
76.0062 66640
76.2621 66980
76.6142 67320
76.7458 53720
76.777 54060
76.7783 54400
76.7795 54740
76.7808 55080
76.782 55420
76.7833 55760
76.7849 56100
76.7865 56440
76.788 56780
76.7896 57120
76.7915 57460
76.7934 57800
76.7956 58140
76.7978 58480
76.8003 58820
76.803 59160
76.8058 59500
76.809 59840
76.8128 60180
76.8169 60520
76.8216 60860
76.8263 61200
76.8323 61540
76.8396 61880
76.8493 62220
76.8638 62560
76.8931 62900
76.9253 63240
76.9893 63580
77.0851 63920
77.1812 64260
77.2771 64600
77.405 64940
77.5012 65280
77.6291 65620
77.7893 65960
77.9491 66300
78.141 66640
78.3973 66980
78.749 67320
78.8806 53720
78.9118 54060
78.9131 54400
78.9144 54740
78.9156 55080
78.9169 55420
78.9182 55760
78.9197 56100
78.9213 56440
78.9229 56780
78.9245 57120
78.9263 57460
78.9282 57800
78.9304 58140
78.9327 58480
78.9352 58820
78.9379 59160
78.9407 59500
78.9438 59840
78.9476 60180
78.9517 60520
78.9564 60860
78.9612 61200
78.9672 61540
78.9744 61880
78.9842 62220
78.9987 62560
79.028 62900
79.0601 63240
79.1241 63580
79.2203 63920
79.3161 64260
79.4122 64600
79.5402 64940
79.636 65280
79.7643 65620
79.9241 65960
80.0842 66300
80.2762 66640
80.5321 66980
80.8842 67320
81.0158 53720
81.047 54060
81.0483 54400
81.0495 54740
81.0508 55080
81.0521 55420
81.0533 55760
81.0549 56100
81.0565 56440
81.058 56780
81.0596 57120
81.0615 57460
81.0634 57800
81.0656 58140
81.0678 58480
81.0703 58820
81.073 59160
81.0759 59500
81.079 59840
81.0828 60180
81.0869 60520
81.0916 60860
81.0963 61200
81.1023 61540
81.1096 61880
81.1194 62220
81.1338 62560
81.1632 62900
81.1953 63240
81.2593 63580
81.3551 63920
81.4513 64260
81.5471 64600
81.675 64940
81.7712 65280
81.8992 65620
82.0593 65960
82.2191 66300
82.411 66640
82.6673 66980
83.0191 67320
83.1507 53720
83.1819 54060
83.1831 54400
83.1844 54740
83.1856 55080
83.1869 55420
83.1882 55760
83.1897 56100
83.1913 56440
83.1929 56780
83.1945 57120
83.1964 57460
83.1983 57800
83.2005 58140
83.2027 58480
83.2052 58820
83.2079 59160
83.2107 59500
83.2139 59840
83.2176 60180
83.2217 60520
83.2265 60860
83.2312 61200
83.2372 61540
83.2444 61880
83.2542 62220
83.2687 62560
83.298 62900
83.3302 63240
83.3941 63580
83.4903 63920
83.5861 64260
83.6822 64600
83.8102 64940
83.906 65280
84.034 65620
84.1941 65960
84.3542 66300
84.5462 66640
84.8021 66980
85.1542 67320
85.2858 53720
85.317 54060
85.3183 54400
85.3195 54740
85.3208 55080
85.3221 55420
85.3233 55760
85.3249 56100
85.3265 56440
85.3281 56780
85.3296 57120
85.3315 57460
85.3334 57800
85.3356 58140
85.3378 58480
85.3404 58820
85.343 59160
85.3459 59500
85.349 59840
85.3528 60180
85.3569 60520
85.3616 60860
85.3664 61200
85.3723 61540
85.3796 61880
85.3894 62220
85.4039 62560
85.4332 62900
85.465 63240
85.5293 63580
85.6251 63920
85.7213 64260
85.8171 64600
85.9451 64940
86.0412 65280
86.1692 65620
86.3293 65960
86.4891 66300
86.6811 66640
86.9373 66980
87.2891 67320
87.4207 53720
87.4519 54060
87.4531 54400
87.4544 54740
87.4557 55080
87.4569 55420
87.4582 55760
87.4598 56100
87.4613 56440
87.4629 56780
87.4645 57120
87.4664 57460
87.4683 57800
87.4705 58140
87.4727 58480
87.4752 58820
87.4779 59160
87.4807 59500
87.4839 59840
87.4877 60180
87.4917 60520
87.4965 60860
87.5012 61200
87.5072 61540
87.5144 61880
87.5242 62220
87.5387 62560
87.568 62900
87.6002 63240
87.6642 63580
87.7603 63920
87.8561 64260
87.9523 64600
88.0802 64940
88.176 65280
88.304 65620
88.4641 65960
88.6243 66300
88.8162 66640
89.0722 66980
89.4242 67320
89.5558 53720
89.587 54060
89.5883 54400
89.5896 54740
89.5908 55080
89.5921 55420
89.5933 55760
89.5949 56100
89.5965 56440
89.5981 56780
89.5996 57120
89.6015 57460
89.6034 57800
89.6056 58140
89.6078 58480
89.6104 58820
89.613 59160
89.6159 59500
89.619 59840
89.6228 60180
89.6269 60520
89.6316 60860
89.6364 61200
89.6424 61540
89.6496 61880
89.6594 62220
89.6739 62560
89.7032 62900
89.735 63240
89.799 63580
89.8951 63920
89.9913 64260
90.0871 64600
90.2151 64940
90.3112 65280
90.4392 65620
90.5993 65960
90.7591 66300
90.9511 66640
91.207 66980
91.5591 67320
91.6907 53720
91.7219 54060
91.7232 54400
91.7244 54740
91.7257 55080
91.7269 55420
91.7282 55760
91.7298 56100
91.7313 56440
91.7329 56780
91.7345 57120
91.7364 57460
91.7383 57800
91.7405 58140
91.7427 58480
91.7452 58820
91.7479 59160
91.7507 59500
91.7539 59840
91.7577 60180
91.7618 60520
91.7665 60860
91.7712 61200
91.7772 61540
91.7845 61880
91.7942 62220
91.8087 62560
91.838 62900
91.8702 63240
91.9342 63580
92.0303 63920
92.1261 64260
92.2223 64600
92.3502 64940
92.4461 65280
92.574 65620
92.7342 65960
92.8943 66300
93.0862 66640
93.3422 66980
93.6943 67320
93.8259 53720
93.8571 54060
93.8583 54400
93.8596 54740
93.8608 55080
93.8621 55420
93.8634 55760
93.8649 56100
93.8665 56440
93.8681 56780
93.8697 57120
93.8716 57460
93.8734 57800
93.8757 58140
93.8779 58480
93.8804 58820
93.8831 59160
93.8859 59500
93.889 59840
93.8928 60180
93.8969 60520
93.9017 60860
93.9064 61200
93.9124 61540
93.9196 61880
93.9294 62220
93.9439 62560
93.9732 62900
94.005 63240
94.069 63580
94.1652 63920
94.2613 64260
94.3571 64600
94.4851 64940
94.5812 65280
94.7092 65620
94.869 65960
95.0291 66300
95.2211 66640
95.477 66980
95.8291 67320
95.9607 53720
95.9919 54060
95.9932 54400
95.9944 54740
95.9957 55080
95.9969 55420
95.9982 55760
95.9998 56100
96.0014 56440
96.0029 56780
96.0045 57120
96.0064 57460
96.0083 57800
96.0105 58140
96.0127 58480
96.0152 58820
96.0179 59160
96.0207 59500
96.0239 59840
96.0277 60180
96.0318 60520
96.0365 60860
96.0412 61200
96.0472 61540
96.0545 61880
96.0642 62220
96.0787 62560
96.1081 62900
96.1402 63240
96.2042 63580
96.3 63920
96.3961 64260
96.4923 64600
96.6203 64940
96.7161 65280
96.844 65620
97.0042 65960
97.1643 66300
97.3562 66640
97.6122 66980
97.9643 67320
98.0959 53720
98.1271 54060
98.1283 54400
98.1296 54740
98.1309 55080
98.1321 55420
98.1334 55760
98.1349 56100
98.1365 56440
98.1381 56780
98.1397 57120
98.1416 57460
98.1435 57800
98.1457 58140
98.1479 58480
98.1504 58820
98.1531 59160
98.1559 59500
98.1591 59840
98.1628 60180
98.1669 60520
98.1717 60860
98.1764 61200
98.1824 61540
98.1896 61880
98.1994 62220
98.2139 62560
98.2432 62900
98.2751 63240
98.339 63580
98.4352 63920
98.5313 64260
98.6271 64600
98.7551 64940
98.8512 65280
98.9792 65620
99.139 65960
99.2991 66300
99.4911 66640
99.747 66980
100.099 67320
100.231 53720
100.262 54060
100.263 54400
100.264 54740
100.266 55080
100.267 55420
100.268 55760
100.27 56100
100.271 56440
100.273 56780
100.275 57120
100.276 57460
100.278 57800
100.281 58140
100.283 58480
100.285 58820
100.288 59160
100.291 59500
100.294 59840
100.298 60180
100.302 60520
100.307 60860
100.311 61200
100.317 61540
100.324 61880
100.334 62220
100.349 62560
100.378 62900
100.41 63240
100.474 63580
100.57 63920
100.666 64260
100.762 64600
100.89 64940
100.986 65280
101.114 65620
101.274 65960
101.434 66300
101.626 66640
101.882 66980
102.234 67320
102.366 53720
102.397 54060
102.398 54400
102.4 54740
102.401 55080
102.402 55420
102.403 55760
102.405 56100
102.407 56440
102.408 56780
102.41 57120
102.412 57460
102.413 57800
102.416 58140
102.418 58480
102.42 58820
102.423 59160
102.426 59500
102.429 59840
102.433 60180
102.437 60520
102.442 60860
102.446 61200
102.452 61540
102.46 61880
102.469 62220
102.484 62560
102.513 62900
102.545 63240
102.609 63580
102.705 63920
102.801 64260
102.897 64600
103.025 64940
103.121 65280
103.249 65620
103.409 65960
103.569 66300
103.761 66640
104.017 66980
104.369 67320
104.501 53720
104.532 54060
104.533 54400
104.534 54740
104.536 55080
104.537 55420
104.538 55760
104.54 56100
104.541 56440
104.543 56780
104.545 57120
104.546 57460
104.548 57800
104.551 58140
104.553 58480
104.555 58820
104.558 59160
104.561 59500
104.564 59840
104.568 60180
104.572 60520
104.577 60860
104.581 61200
104.587 61540
104.595 61880
104.604 62220
104.619 62560
104.648 62900
104.68 63240
104.744 63580
104.84 63920
104.936 64260
105.032 64600
105.16 64940
105.256 65280
105.384 65620
105.544 65960
105.704 66300
105.896 66640
106.152 66980
106.504 67320
106.636 53720
106.667 54060
106.668 54400
106.67 54740
106.671 55080
106.672 55420
106.673 55760
106.675 56100
106.677 56440
106.678 56780
106.68 57120
106.682 57460
106.683 57800
106.686 58140
106.688 58480
106.69 58820
106.693 59160
106.696 59500
106.699 59840
106.703 60180
106.707 60520
106.712 60860
106.716 61200
106.722 61540
106.73 61880
106.739 62220
106.754 62560
106.783 62900
106.815 63240
106.879 63580
106.975 63920
107.071 64260
107.167 64600
107.295 64940
107.391 65280
107.519 65620
107.679 65960
107.839 66300
108.031 66640
108.287 66980
108.639 67320
108.771 53720
108.802 54060
108.803 54400
108.804 54740
108.806 55080
108.807 55420
108.808 55760
108.81 56100
108.811 56440
108.813 56780
108.815 57120
108.816 57460
108.818 57800
108.821 58140
108.823 58480
108.825 58820
108.828 59160
108.831 59500
108.834 59840
108.838 60180
108.842 60520
108.847 60860
108.851 61200
108.857 61540
108.865 61880
108.874 62220
108.889 62560
108.918 62900
108.95 63240
109.014 63580
109.11 63920
109.206 64260
109.302 64600
109.43 64940
109.526 65280
109.654 65620
109.814 65960
109.974 66300
110.166 66640
110.422 66980
110.774 67320
110.906 53720
110.937 54060
110.938 54400
110.94 54740
110.941 55080
110.942 55420
110.943 55760
110.945 56100
110.947 56440
110.948 56780
110.95 57120
110.952 57460
110.954 57800
110.956 58140
110.958 58480
110.96 58820
110.963 59160
110.966 59500
110.969 59840
110.973 60180
110.977 60520
110.982 60860
110.986 61200
110.992 61540
111 61880
111.009 62220
111.024 62560
111.053 62900
111.085 63240
111.149 63580
111.245 63920
111.341 64260
111.437 64600
111.565 64940
111.661 65280
111.789 65620
111.949 65960
112.109 66300
112.301 66640
112.557 66980
112.909 67320
113.041 53720
113.072 54060
113.073 54400
113.074 54740
113.076 55080
113.077 55420
113.078 55760
113.08 56100
113.081 56440
113.083 56780
113.085 57120
113.086 57460
113.088 57800
113.091 58140
113.093 58480
113.095 58820
113.098 59160
113.101 59500
113.104 59840
113.108 60180
113.112 60520
113.117 60860
113.121 61200
113.127 61540
113.135 61880
113.144 62220
113.159 62560
113.188 62900
113.22 63240
113.284 63580
113.38 63920
113.476 64260
113.572 64600
113.7 64940
113.796 65280
113.924 65620
114.084 65960
114.244 66300
114.436 66640
114.692 66980
115.044 67320
115.176 53720
115.207 54060
115.208 54400
115.209 54740
115.211 55080
115.212 55420
115.213 55760
115.215 56100
115.216 56440
115.218 56780
115.219 57120
115.221 57460
115.223 57800
115.225 58140
115.228 58480
115.23 58820
115.233 59160
115.236 59500
115.239 59840
115.243 60180
115.247 60520
115.251 60860
115.256 61200
115.262 61540
115.269 61880
115.279 62220
115.294 62560
115.323 62900
115.355 63240
115.419 63580
115.515 63920
115.611 64260
115.707 64600
115.835 64940
115.931 65280
116.059 65620
116.219 65960
116.379 66300
116.571 66640
116.827 66980
117.179 67320
117.311 53720
117.342 54060
117.343 54400
117.344 54740
117.346 55080
117.347 55420
117.348 55760
117.35 56100
117.351 56440
117.353 56780
117.355 57120
117.356 57460
117.358 57800
117.361 58140
117.363 58480
117.365 58820
117.368 59160
117.371 59500
117.374 59840
117.378 60180
117.382 60520
117.387 60860
117.391 61200
117.397 61540
117.405 61880
117.414 62220
117.429 62560
117.458 62900
117.49 63240
117.554 63580
117.65 63920
117.746 64260
117.842 64600
117.97 64940
118.066 65280
118.194 65620
118.354 65960
118.514 66300
118.706 66640
118.962 66980
119.314 67320
119.446 53720
119.477 54060
119.478 54400
119.479 54740
119.481 55080
119.482 55420
119.483 55760
119.485 56100
119.486 56440
119.488 56780
119.489 57120
119.491 57460
119.493 57800
119.495 58140
119.498 58480
119.5 58820
119.503 59160
119.506 59500
119.509 59840
119.513 60180
119.517 60520
119.521 60860
119.526 61200
119.532 61540
119.539 61880
119.549 62220
119.564 62560
119.593 62900
119.625 63240
119.689 63580
119.785 63920
119.881 64260
119.977 64600
120.105 64940
120.201 65280
120.329 65620
120.489 65960
120.649 66300
120.841 66640
121.097 66980
121.449 67320
121.581 53720
121.612 54060
121.613 54400
121.615 54740
121.616 55080
121.617 55420
121.618 55760
121.62 56100
121.621 56440
121.623 56780
121.625 57120
121.626 57460
121.628 57800
121.631 58140
121.633 58480
121.635 58820
121.638 59160
121.641 59500
121.644 59840
121.648 60180
121.652 60520
121.657 60860
121.661 61200
121.667 61540
121.675 61880
121.684 62220
121.699 62560
121.728 62900
121.76 63240
121.824 63580
121.92 63920
122.016 64260
122.112 64600
122.24 64940
122.336 65280
122.464 65620
122.624 65960
122.784 66300
122.976 66640
123.232 66980
123.584 67320
123.716 53720
123.747 54060
123.748 54400
123.749 54740
123.751 55080
123.752 55420
123.753 55760
123.755 56100
123.756 56440
123.758 56780
123.759 57120
123.761 57460
123.763 57800
123.765 58140
123.768 58480
123.77 58820
123.773 59160
123.776 59500
123.779 59840
123.783 60180
123.787 60520
123.791 60860
123.796 61200
123.802 61540
123.809 61880
123.819 62220
123.834 62560
123.863 62900
123.895 63240
123.959 63580
124.055 63920
124.151 64260
124.247 64600
124.375 64940
124.471 65280
124.599 65620
124.759 65960
124.919 66300
125.111 66640
125.367 66980
125.719 67320
125.851 53720
125.882 54060
125.883 54400
125.885 54740
125.886 55080
125.887 55420
125.888 55760
125.89 56100
125.891 56440
125.893 56780
125.895 57120
125.897 57460
125.898 57800
125.901 58140
125.903 58480
125.905 58820
125.908 59160
125.911 59500
125.914 59840
125.918 60180
125.922 60520
125.927 60860
125.931 61200
125.937 61540
125.945 61880
125.954 62220
125.969 62560
125.998 62900
126.03 63240
126.094 63580
126.19 63920
126.286 64260
126.382 64600
126.51 64940
126.606 65280
126.734 65620
126.894 65960
127.054 66300
127.246 66640
127.502 66980
127.854 67320
127.986 53720
128.017 54060
128.018 54400
128.019 54740
128.021 55080
128.022 55420
128.023 55760
128.025 56100
128.026 56440
128.028 56780
128.029 57120
128.031 57460
128.033 57800
128.035 58140
128.038 58480
128.04 58820
128.043 59160
128.046 59500
128.049 59840
128.053 60180
128.057 60520
128.061 60860
128.066 61200
128.072 61540
128.079 61880
128.089 62220
128.104 62560
128.133 62900
128.165 63240
128.229 63580
128.325 63920
128.421 64260
128.517 64600
128.645 64940
128.741 65280
128.869 65620
129.029 65960
129.189 66300
129.381 66640
129.637 66980
129.989 67320
130.121 53720
130.152 54060
130.153 54400
130.155 54740
130.156 55080
130.157 55420
130.158 55760
130.16 56100
130.161 56440
130.163 56780
130.165 57120
130.167 57460
130.168 57800
130.171 58140
130.173 58480
130.175 58820
130.178 59160
130.181 59500
130.184 59840
130.188 60180
130.192 60520
130.197 60860
130.201 61200
130.207 61540
130.215 61880
130.224 62220
130.239 62560
130.268 62900
130.3 63240
130.364 63580
130.46 63920
130.556 64260
130.652 64600
130.78 64940
130.876 65280
131.004 65620
131.164 65960
131.324 66300
131.516 66640
131.772 66980
132.124 67320
132.256 53720
132.287 54060
132.288 54400
132.289 54740
132.291 55080
132.292 55420
132.293 55760
132.295 56100
132.296 56440
132.298 56780
132.299 57120
132.301 57460
132.303 57800
132.305 58140
132.308 58480
132.31 58820
132.313 59160
132.316 59500
132.319 59840
132.323 60180
132.327 60520
132.331 60860
132.336 61200
132.342 61540
132.349 61880
132.359 62220
132.374 62560
132.403 62900
132.435 63240
132.499 63580
132.595 63920
132.691 64260
132.787 64600
132.915 64940
133.011 65280
133.139 65620
133.299 65960
133.459 66300
133.651 66640
133.907 66980
134.259 67320
134.391 53720
134.422 54060
134.423 54400
134.425 54740
134.426 55080
134.427 55420
134.428 55760
134.43 56100
134.431 56440
134.433 56780
134.435 57120
134.437 57460
134.438 57800
134.441 58140
134.443 58480
134.445 58820
134.448 59160
134.451 59500
134.454 59840
134.458 60180
134.462 60520
134.467 60860
134.471 61200
134.477 61540
134.485 61880
134.494 62220
134.509 62560
134.538 62900
134.57 63240
134.634 63580
134.73 63920
134.826 64260
134.922 64600
135.05 64940
135.146 65280
135.274 65620
135.434 65960
135.594 66300
135.786 66640
136.042 66980
136.394 67320
136.526 53720
136.557 54060
136.558 54400
136.559 54740
136.561 55080
136.562 55420
136.563 55760
136.565 56100
136.566 56440
136.568 56780
136.569 57120
136.571 57460
136.573 57800
136.575 58140
136.578 58480
136.58 58820
136.583 59160
136.586 59500
136.589 59840
136.593 60180
136.597 60520
136.601 60860
136.606 61200
136.612 61540
136.619 61880
136.629 62220
136.644 62560
136.673 62900
136.705 63240
136.769 63580
136.865 63920
136.961 64260
137.057 64600
137.185 64940
137.281 65280
137.409 65620
137.569 65960
137.729 66300
137.921 66640
138.177 66980
138.529 67320
138.661 53720
138.692 54060
138.693 54400
138.695 54740
138.696 55080
138.697 55420
138.698 55760
138.7 56100
138.702 56440
138.703 56780
138.705 57120
138.707 57460
138.708 57800
138.711 58140
138.713 58480
138.715 58820
138.718 59160
138.721 59500
138.724 59840
138.728 60180
138.732 60520
138.737 60860
138.741 61200
138.747 61540
138.755 61880
138.764 62220
138.779 62560
138.808 62900
138.84 63240
138.904 63580
139 63920
139.096 64260
139.192 64600
139.32 64940
139.416 65280
139.544 65620
139.704 65960
139.864 66300
140.056 66640
140.312 66980
140.664 67320
140.796 53720
140.827 54060
140.828 54400
140.829 54740
140.831 55080
140.832 55420
140.833 55760
140.835 56100
140.836 56440
140.838 56780
140.84 57120
140.841 57460
140.843 57800
140.845 58140
140.848 58480
140.85 58820
140.853 59160
140.856 59500
140.859 59840
140.863 60180
140.867 60520
140.871 60860
140.876 61200
140.882 61540
140.889 61880
140.899 62220
140.914 62560
140.943 62900
140.975 63240
141.039 63580
141.135 63920
141.231 64260
141.327 64600
141.455 64940
141.551 65280
141.679 65620
141.839 65960
141.999 66300
142.191 66640
142.447 66980
142.799 67320
142.931 53720
142.962 54060
142.963 54400
142.965 54740
142.966 55080
142.967 55420
142.968 55760
142.97 56100
142.972 56440
142.973 56780
142.975 57120
142.977 57460
142.978 57800
142.981 58140
142.983 58480
142.985 58820
142.988 59160
142.991 59500
142.994 59840
142.998 60180
143.002 60520
143.007 60860
143.011 61200
143.017 61540
143.025 61880
143.034 62220
143.049 62560
143.078 62900
143.11 63240
143.174 63580
143.27 63920
143.366 64260
143.462 64600
143.59 64940
143.686 65280
143.814 65620
143.974 65960
144.134 66300
144.326 66640
144.582 66980
144.934 67320
145.066 53720
145.097 54060
145.098 54400
145.099 54740
145.101 55080
145.102 55420
145.103 55760
145.105 56100
145.106 56440
145.108 56780
145.11 57120
145.111 57460
145.113 57800
145.116 58140
145.118 58480
145.12 58820
145.123 59160
145.126 59500
145.129 59840
145.133 60180
145.137 60520
145.142 60860
145.146 61200
145.152 61540
145.159 61880
145.169 62220
145.184 62560
145.213 62900
145.245 63240
145.309 63580
145.405 63920
145.501 64260
145.597 64600
145.725 64940
145.821 65280
145.949 65620
146.109 65960
146.269 66300
146.461 66640
146.717 66980
147.069 67320
147.201 53720
147.232 54060
147.233 54400
147.235 54740
147.236 55080
147.237 55420
147.238 55760
147.24 56100
147.242 56440
147.243 56780
147.245 57120
147.247 57460
147.248 57800
147.251 58140
147.253 58480
147.255 58820
147.258 59160
147.261 59500
147.264 59840
147.268 60180
147.272 60520
147.277 60860
147.281 61200
147.287 61540
147.295 61880
147.304 62220
147.319 62560
147.348 62900
147.38 63240
147.444 63580
147.54 63920
147.636 64260
147.732 64600
147.86 64940
147.956 65280
148.084 65620
148.244 65960
148.404 66300
148.596 66640
148.852 66980
149.204 67320
149.336 53720
149.367 54060
149.368 54400
149.369 54740
149.371 55080
149.372 55420
149.373 55760
149.375 56100
149.376 56440
149.378 56780
149.38 57120
149.381 57460
149.383 57800
149.386 58140
149.388 58480
149.39 58820
149.393 59160
149.396 59500
149.399 59840
149.403 60180
149.407 60520
149.412 60860
149.416 61200
149.422 61540
149.429 61880
149.439 62220
149.454 62560
149.483 62900
149.515 63240
149.579 63580
149.675 63920
149.771 64260
149.867 64600
149.995 64940
150.091 65280
150.219 65620
150.379 65960
150.539 66300
150.731 66640
150.987 66980
151.339 67320
151.471 53720
151.502 54060
151.503 54400
151.505 54740
151.506 55080
151.507 55420
151.508 55760
151.51 56100
151.512 56440
151.513 56780
151.515 57120
151.517 57460
151.518 57800
151.521 58140
151.523 58480
151.525 58820
151.528 59160
151.531 59500
151.534 59840
151.538 60180
151.542 60520
151.547 60860
151.551 61200
151.557 61540
151.565 61880
151.574 62220
151.589 62560
151.618 62900
151.65 63240
151.714 63580
151.81 63920
151.906 64260
152.002 64600
152.13 64940
152.226 65280
152.354 65620
152.514 65960
152.674 66300
152.866 66640
153.122 66980
153.474 67320
153.606 53720
153.637 54060
153.638 54400
153.639 54740
153.641 55080
153.642 55420
153.643 55760
153.645 56100
153.646 56440
153.648 56780
153.65 57120
153.651 57460
153.653 57800
153.656 58140
153.658 58480
153.66 58820
153.663 59160
153.666 59500
153.669 59840
153.673 60180
153.677 60520
153.682 60860
153.686 61200
153.692 61540
153.7 61880
153.709 62220
153.724 62560
153.753 62900
153.785 63240
153.849 63580
153.945 63920
154.041 64260
154.137 64600
154.265 64940
154.361 65280
154.489 65620
154.649 65960
154.809 66300
155.001 66640
155.257 66980
155.609 67320
155.741 53720
155.772 54060
155.773 54400
155.775 54740
155.776 55080
155.777 55420
155.778 55760
155.78 56100
155.782 56440
155.783 56780
155.785 57120
155.787 57460
155.788 57800
155.791 58140
155.793 58480
155.795 58820
155.798 59160
155.801 59500
155.804 59840
155.808 60180
155.812 60520
155.817 60860
155.821 61200
155.827 61540
155.835 61880
155.844 62220
155.859 62560
155.888 62900
155.92 63240
155.984 63580
156.08 63920
156.176 64260
156.272 64600
156.4 64940
156.496 65280
156.624 65620
156.784 65960
156.944 66300
157.136 66640
157.392 66980
157.744 67320
157.876 53720
157.907 54060
157.908 54400
157.909 54740
157.911 55080
157.912 55420
157.913 55760
157.915 56100
157.916 56440
157.918 56780
157.92 57120
157.921 57460
157.923 57800
157.926 58140
157.928 58480
157.93 58820
157.933 59160
157.936 59500
157.939 59840
157.943 60180
157.947 60520
157.952 60860
157.956 61200
157.962 61540
157.97 61880
157.979 62220
157.994 62560
158.023 62900
158.055 63240
158.119 63580
158.215 63920
158.311 64260
158.407 64600
158.535 64940
158.631 65280
158.759 65620
158.919 65960
159.079 66300
159.271 66640
159.527 66980
159.879 67320
160.011 53720
160.042 54060
160.043 54400
160.044 54740
160.046 55080
160.047 55420
160.048 55760
160.05 56100
160.051 56440
160.053 56780
160.054 57120
160.056 57460
160.058 57800
160.06 58140
160.063 58480
160.065 58820
160.068 59160
160.071 59500
160.074 59840
160.078 60180
160.082 60520
160.086 60860
160.091 61200
160.097 61540
160.104 61880
160.114 62220
160.129 62560
160.158 62900
160.19 63240
160.254 63580
160.35 63920
160.446 64260
160.542 64600
160.67 64940
160.766 65280
160.894 65620
161.054 65960
161.214 66300
161.406 66640
161.662 66980
162.014 67320
162.146 53720
162.177 54060
162.178 54400
162.179 54740
162.181 55080
162.182 55420
162.183 55760
162.185 56100
162.186 56440
162.188 56780
162.19 57120
162.191 57460
162.193 57800
162.196 58140
162.198 58480
162.2 58820
162.203 59160
162.206 59500
162.209 59840
162.213 60180
162.217 60520
162.222 60860
162.226 61200
162.232 61540
162.24 61880
162.249 62220
162.264 62560
162.293 62900
162.325 63240
162.389 63580
162.485 63920
162.581 64260
162.677 64600
162.805 64940
162.901 65280
163.029 65620
163.189 65960
163.349 66300
163.541 66640
163.797 66980
164.149 67320
164.281 53720
164.312 54060
164.313 54400
164.314 54740
164.316 55080
164.317 55420
164.318 55760
164.32 56100
164.321 56440
164.323 56780
164.324 57120
164.326 57460
164.328 57800
164.33 58140
164.333 58480
164.335 58820
164.338 59160
164.341 59500
164.344 59840
164.348 60180
164.352 60520
164.356 60860
164.361 61200
164.367 61540
164.374 61880
164.384 62220
164.399 62560
164.428 62900
164.46 63240
164.524 63580
164.62 63920
164.716 64260
164.812 64600
164.94 64940
165.036 65280
165.164 65620
165.324 65960
165.484 66300
165.676 66640
165.932 66980
166.284 67320
166.416 53720
166.447 54060
166.448 54400
166.45 54740
166.451 55080
166.452 55420
166.453 55760
166.455 56100
166.456 56440
166.458 56780
166.46 57120
166.461 57460
166.463 57800
166.466 58140
166.468 58480
166.47 58820
166.473 59160
166.476 59500
166.479 59840
166.483 60180
166.487 60520
166.492 60860
166.496 61200
166.502 61540
166.51 61880
166.519 62220
166.534 62560
166.563 62900
166.595 63240
166.659 63580
166.755 63920
166.851 64260
166.947 64600
167.075 64940
167.171 65280
167.299 65620
167.459 65960
167.619 66300
167.811 66640
168.067 66980
168.419 67320
168.551 53720
168.582 54060
168.583 54400
168.584 54740
168.586 55080
168.587 55420
168.588 55760
168.59 56100
168.591 56440
168.593 56780
168.594 57120
168.596 57460
168.598 57800
168.6 58140
168.603 58480
168.605 58820
168.608 59160
168.611 59500
168.614 59840
168.618 60180
168.622 60520
168.626 60860
168.631 61200
168.637 61540
168.644 61880
168.654 62220
168.669 62560
168.698 62900
168.73 63240
168.794 63580
168.89 63920
168.986 64260
169.082 64600
169.21 64940
169.306 65280
169.434 65620
169.594 65960
169.754 66300
169.946 66640
170.202 66980
170.554 67320
170.686 53720
170.717 54060
170.718 54400
170.72 54740
170.721 55080
170.722 55420
170.723 55760
170.725 56100
170.726 56440
170.728 56780
170.73 57120
170.731 57460
170.733 57800
170.736 58140
170.738 58480
170.74 58820
170.743 59160
170.746 59500
170.749 59840
170.753 60180
170.757 60520
170.762 60860
170.766 61200
170.772 61540
170.78 61880
170.789 62220
170.804 62560
170.833 62900
170.865 63240
170.929 63580
171.025 63920
171.121 64260
171.217 64600
171.345 64940
171.441 65280
171.569 65620
171.729 65960
171.889 66300
172.081 66640
172.337 66980
172.689 67320
172.821 53720
172.852 54060
172.853 54400
172.854 54740
172.856 55080
172.857 55420
172.858 55760
172.86 56100
172.861 56440
172.863 56780
172.864 57120
172.866 57460
172.868 57800
172.87 58140
172.873 58480
172.875 58820
172.878 59160
172.881 59500
172.884 59840
172.888 60180
172.892 60520
172.896 60860
172.901 61200
172.907 61540
172.914 61880
172.924 62220
172.939 62560
172.968 62900
173 63240
173.064 63580
173.16 63920
173.256 64260
173.352 64600
173.48 64940
173.576 65280
173.704 65620
173.864 65960
174.024 66300
174.216 66640
174.472 66980
174.824 67320
174.956 53720
174.987 54060
174.988 54400
174.99 54740
174.991 55080
174.992 55420
174.993 55760
174.995 56100
174.996 56440
174.998 56780
175 57120
175.002 57460
175.003 57800
175.006 58140
175.008 58480
175.01 58820
175.013 59160
175.016 59500
175.019 59840
175.023 60180
175.027 60520
175.032 60860
175.036 61200
175.042 61540
175.05 61880
175.059 62220
175.074 62560
175.103 62900
175.135 63240
175.199 63580
175.295 63920
175.391 64260
175.487 64600
175.615 64940
175.711 65280
175.839 65620
175.999 65960
176.159 66300
176.351 66640
176.607 66980
176.959 67320
177.091 53720
177.122 54060
177.123 54400
177.124 54740
177.126 55080
177.127 55420
177.128 55760
177.13 56100
177.131 56440
177.133 56780
177.134 57120
177.136 57460
177.138 57800
177.14 58140
177.143 58480
177.145 58820
177.148 59160
177.151 59500
177.154 59840
177.158 60180
177.162 60520
177.166 60860
177.171 61200
177.177 61540
177.184 61880
177.194 62220
177.209 62560
177.238 62900
177.27 63240
177.334 63580
177.43 63920
177.526 64260
177.622 64600
177.75 64940
177.846 65280
177.974 65620
178.134 65960
178.294 66300
178.486 66640
178.742 66980
179.094 67320
179.226 53720
179.257 54060
179.258 54400
179.26 54740
179.261 55080
179.262 55420
179.263 55760
179.265 56100
179.266 56440
179.268 56780
179.27 57120
179.272 57460
179.273 57800
179.276 58140
179.278 58480
179.28 58820
179.283 59160
179.286 59500
179.289 59840
179.293 60180
179.297 60520
179.302 60860
179.306 61200
179.312 61540
179.32 61880
179.329 62220
179.344 62560
179.373 62900
179.405 63240
179.469 63580
179.565 63920
179.661 64260
179.757 64600
179.885 64940
179.981 65280
180.109 65620
180.269 65960
180.429 66300
180.621 66640
180.877 66980
181.229 67320
181.361 53720
181.392 54060
181.393 54400
181.394 54740
181.396 55080
181.397 55420
181.398 55760
181.4 56100
181.401 56440
181.403 56780
181.404 57120
181.406 57460
181.408 57800
181.41 58140
181.413 58480
181.415 58820
181.418 59160
181.421 59500
181.424 59840
181.428 60180
181.432 60520
181.436 60860
181.441 61200
181.447 61540
181.454 61880
181.464 62220
181.479 62560
181.508 62900
181.54 63240
181.604 63580
181.7 63920
181.796 64260
181.892 64600
182.02 64940
182.116 65280
182.244 65620
182.404 65960
182.564 66300
182.756 66640
183.012 66980
183.364 67320
183.496 53720
183.527 54060
183.528 54400
183.53 54740
183.531 55080
183.532 55420
183.533 55760
183.535 56100
183.536 56440
183.538 56780
183.54 57120
183.542 57460
183.543 57800
183.546 58140
183.548 58480
183.55 58820
183.553 59160
183.556 59500
183.559 59840
183.563 60180
183.567 60520
183.572 60860
183.576 61200
183.582 61540
183.59 61880
183.599 62220
183.614 62560
183.643 62900
183.675 63240
183.739 63580
183.835 63920
183.931 64260
184.027 64600
184.155 64940
184.251 65280
184.379 65620
184.539 65960
184.699 66300
184.891 66640
185.147 66980
185.499 67320
185.631 53720
185.662 54060
185.663 54400
185.664 54740
185.666 55080
185.667 55420
185.668 55760
185.67 56100
185.671 56440
185.673 56780
185.674 57120
185.676 57460
185.678 57800
185.68 58140
185.683 58480
185.685 58820
185.688 59160
185.691 59500
185.694 59840
185.698 60180
185.702 60520
185.706 60860
185.711 61200
185.717 61540
185.724 61880
185.734 62220
185.749 62560
185.778 62900
185.81 63240
185.874 63580
185.97 63920
186.066 64260
186.162 64600
186.29 64940
186.386 65280
186.514 65620
186.674 65960
186.834 66300
187.026 66640
187.282 66980
187.634 67320
187.766 53720
187.797 54060
187.798 54400
187.8 54740
187.801 55080
187.802 55420
187.803 55760
187.805 56100
187.807 56440
187.808 56780
187.81 57120
187.812 57460
187.813 57800
187.816 58140
187.818 58480
187.82 58820
187.823 59160
187.826 59500
187.829 59840
187.833 60180
187.837 60520
187.842 60860
187.846 61200
187.852 61540
187.86 61880
187.869 62220
187.884 62560
187.913 62900
187.945 63240
188.009 63580
188.105 63920
188.201 64260
188.297 64600
188.425 64940
188.521 65280
188.649 65620
188.809 65960
188.969 66300
189.161 66640
189.417 66980
189.769 67320
189.901 53720
189.932 54060
189.933 54400
189.934 54740
189.936 55080
189.937 55420
189.938 55760
189.94 56100
189.941 56440
189.943 56780
189.945 57120
189.946 57460
189.948 57800
189.951 58140
189.953 58480
189.955 58820
189.958 59160
189.961 59500
189.964 59840
189.968 60180
189.972 60520
189.977 60860
189.981 61200
189.987 61540
189.994 61880
190.004 62220
190.019 62560
190.048 62900
190.08 63240
190.144 63580
190.24 63920
190.336 64260
190.432 64600
190.56 64940
190.656 65280
190.784 65620
190.944 65960
191.104 66300
191.296 66640
191.552 66980
191.904 67320
192.036 53720
192.067 54060
192.068 54400
192.07 54740
192.071 55080
192.072 55420
192.073 55760
192.075 56100
192.077 56440
192.078 56780
192.08 57120
192.082 57460
192.083 57800
192.086 58140
192.088 58480
192.09 58820
192.093 59160
192.096 59500
192.099 59840
192.103 60180
192.107 60520
192.112 60860
192.116 61200
192.122 61540
192.13 61880
192.139 62220
192.154 62560
192.183 62900
192.215 63240
192.279 63580
192.375 63920
192.471 64260
192.567 64600
192.695 64940
192.791 65280
192.919 65620
193.079 65960
193.239 66300
193.431 66640
193.687 66980
194.039 67320
194.171 53720
194.202 54060
194.203 54400
194.204 54740
194.206 55080
194.207 55420
194.208 55760
194.21 56100
194.211 56440
194.213 56780
194.215 57120
194.216 57460
194.218 57800
194.221 58140
194.223 58480
194.225 58820
194.228 59160
194.231 59500
194.234 59840
194.238 60180
194.242 60520
194.247 60860
194.251 61200
194.257 61540
194.264 61880
194.274 62220
194.289 62560
194.318 62900
194.35 63240
194.414 63580
194.51 63920
194.606 64260
194.702 64600
194.83 64940
194.926 65280
195.054 65620
195.214 65960
195.374 66300
195.566 66640
195.822 66980
196.174 67320
196.306 53720
196.337 54060
196.338 54400
196.34 54740
196.341 55080
196.342 55420
196.343 55760
196.345 56100
196.347 56440
196.348 56780
196.35 57120
196.352 57460
196.353 57800
196.356 58140
196.358 58480
196.36 58820
196.363 59160
196.366 59500
196.369 59840
196.373 60180
196.377 60520
196.382 60860
196.386 61200
196.392 61540
196.4 61880
196.409 62220
196.424 62560
196.453 62900
196.485 63240
196.549 63580
196.645 63920
196.741 64260
196.837 64600
196.965 64940
197.061 65280
197.189 65620
197.349 65960
197.509 66300
197.701 66640
197.957 66980
