0.001 0
0.101 2.77386e+06
0.201 8.1194e+06
0.301 1.11601e+07
0.401 1.08461e+07
0.501 8.87122e+06
0.601 7.4223e+06
0.701 6.3984e+06
0.801 5.61998e+06
0.901 5.0234e+06
1.001 4.53786e+06
1.101 4.14794e+06
1.201 3.81615e+06
1.301 3.54164e+06
1.401 3.3005e+06
1.501 3.09149e+06
1.601 2.91368e+06
1.701 2.75198e+06
1.801 2.62636e+06
1.901 2.50538e+06
2.001 2.40464e+06
2.101 2.31349e+06
2.201 2.24174e+06
2.301 2.1656e+06
2.401 2.10939e+06
2.501 2.05115e+06
2.601 2.00993e+06
2.701 1.95969e+06
2.801 1.93051e+06
2.901 1.89209e+06
3.001 1.86983e+06
3.101 1.83585e+06
3.201 1.82183e+06
3.301 1.79878e+06
3.401 1.77468e+06
3.501 1.76827e+06
3.601 1.75089e+06
3.701 1.74988e+06
3.801 1.7339e+06
3.901 1.73756e+06
4.001 1.72813e+06
4.101 1.73175e+06
4.201 1.72226e+06
4.301 1.72964e+06
4.401 1.7231e+06
4.501 1.73558e+06
4.601 1.73155e+06
4.701 1.74564e+06
4.801 1.74554e+06
4.901 1.75598e+06
5.001 1.76493e+06
5.101 1.77139e+06
5.201 1.7891e+06
5.301 1.79486e+06
5.401 1.81703e+06
5.501 1.82405e+06
5.601 1.8483e+06
5.701 1.85596e+06
5.801 1.88304e+06
5.901 1.89123e+06
6.001 1.92045e+06
6.101 1.92999e+06
6.201 1.96028e+06
6.301 1.97104e+06
6.401 2.00271e+06
6.501 2.01416e+06
6.601 2.0467e+06
6.701 2.05877e+06
6.801 2.09169e+06
6.901 2.10592e+06
7.001 2.13528e+06
7.101 2.15463e+06
7.201 2.18023e+06
7.301 2.20439e+06
7.401 2.22642e+06
7.501 2.25585e+06
7.601 2.27448e+06
7.701 2.30817e+06
7.801 2.32495e+06
7.901 2.36231e+06
8.001 2.37936e+06
8.101 2.41748e+06
8.201 2.43344e+06
8.301 2.47326e+06
8.401 2.48948e+06
8.501 2.52962e+06
8.601 2.54607e+06
8.701 2.58652e+06
8.801 2.6038e+06
8.901 2.6433e+06
9.001 2.66198e+06
9.101 2.69818e+06
9.201 2.72148e+06
9.301 2.75451e+06
9.401 2.78163e+06
9.501 2.8119e+06
9.601 2.8421e+06
9.701 2.87001e+06
9.801 2.90344e+06
9.901 2.92824e+06
10.001 2.9645e+06
10.101 2.98659e+06
10.201 3.02584e+06
10.301 3.04637e+06
10.401 3.08743e+06
10.501 3.10802e+06
10.601 3.14926e+06
10.701 3.16787e+06
10.801 3.21132e+06
10.901 3.23051e+06
11.001 3.27359e+06
11.101 3.29335e+06
11.201 3.33365e+06
11.301 3.35686e+06
11.401 3.39421e+06
11.501 3.42075e+06
11.601 3.45551e+06
11.701 3.48502e+06
11.801 3.51749e+06
11.901 3.54942e+06
12.001 3.57968e+06
12.101 3.6146e+06
12.201 3.64272e+06
12.301 3.6801e+06
12.401 3.7057e+06
12.501 3.74547e+06
12.601 3.76863e+06
12.701 3.8107e+06
12.801 3.83341e+06
12.901 3.87602e+06
13.001 3.89704e+06
13.101 3.93996e+06
13.201 3.9606e+06
13.301 4.00219e+06
13.401 4.0253e+06
13.501 4.06439e+06
13.601 4.0897e+06
13.701 4.12655e+06
13.801 4.1542e+06
13.901 4.18869e+06
14.001 4.21881e+06
14.101 4.25081e+06
14.201 4.28312e+06
14.301 4.31309e+06
14.401 4.34735e+06
14.501 4.37552e+06
14.601 4.41187e+06
14.701 4.43792e+06
14.801 4.47649e+06
14.901 4.50048e+06
15.001 4.54119e+06
15.101 4.56353e+06
15.201 4.60509e+06
15.301 4.62779e+06
15.401 4.66785e+06
15.501 4.69091e+06
15.601 4.73075e+06
15.701 4.75571e+06
15.801 4.79395e+06
15.901 4.82094e+06
16.001 4.85745e+06
16.101 4.8864e+06
16.201 4.92105e+06
16.301 4.95227e+06
16.401 4.98509e+06
16.501 5.01818e+06
16.601 5.04923e+06
16.701 5.08463e+06
16.801 5.11378e+06
16.901 5.15096e+06
17.001 5.17858e+06
17.101 5.21764e+06
17.201 5.24376e+06
17.301 5.28388e+06
17.401 5.30948e+06
17.501 5.34955e+06
17.601 5.37602e+06
17.701 5.41541e+06
17.801 5.44229e+06
17.901 5.48148e+06
18.001 5.5089e+06
18.101 5.54714e+06
18.201 5.57584e+06
18.301 5.61226e+06
18.401 5.64251e+06
18.501 5.67699e+06
18.601 5.70862e+06
18.701 5.74137e+06
18.801 5.77434e+06
18.901 5.80524e+06
19.001 5.83968e+06
19.101 5.86877e+06
19.201 5.9045e+06
19.301 5.93183e+06
19.401 5.96855e+06
19.501 5.99443e+06
19.601 6.03101e+06
19.701 6.05687e+06
19.801 6.09304e+06
19.901 6.11887e+06
20.001 6.15464e+06
20.101 6.18072e+06
20.201 6.2161e+06
20.301 6.24203e+06
20.401 6.27716e+06
20.501 6.30399e+06
20.601 6.33795e+06
20.701 6.36594e+06
20.801 6.39849e+06
20.901 6.42761e+06
21.001 6.45866e+06
21.101 6.48928e+06
21.201 6.51871e+06
21.301 6.55055e+06
21.401 6.57841e+06
21.501 6.61157e+06
21.601 6.63788e+06
21.701 6.67146e+06
21.801 6.69726e+06
21.901 6.73051e+06
22.001 6.7563e+06
22.101 6.78948e+06
22.201 6.81538e+06
22.301 6.84824e+06
22.401 6.87413e+06
22.501 6.90692e+06
22.601 6.9328e+06
22.701 6.96529e+06
22.801 6.99129e+06
22.901 7.02371e+06
23.001 7.05088e+06
23.101 7.08182e+06
23.201 7.11027e+06
23.301 7.13999e+06
23.401 7.16945e+06
23.501 7.19786e+06
23.601 7.22867e+06
23.701 7.25578e+06
23.801 7.28735e+06
23.901 7.31353e+06
24.001 7.34494e+06
24.101 7.37123e+06
24.201 7.40248e+06
24.301 7.42888e+06
24.401 7.45996e+06
24.501 7.48636e+06
24.601 7.51729e+06
24.701 7.54379e+06
24.801 7.57457e+06
24.901 7.60117e+06
25.001 7.63191e+06
25.101 7.65861e+06
25.201 7.6892e+06
25.301 7.71611e+06
25.401 7.74645e+06
25.501 7.77452e+06
25.601 7.80376e+06
25.701 7.83298e+06
25.801 7.86102e+06
25.901 7.89116e+06
26.001 7.91824e+06
26.101 7.94835e+06
26.201 7.97552e+06
26.301 8.00549e+06
26.401 8.03276e+06
26.501 8.0626e+06
26.601 8.08996e+06
26.701 8.11976e+06
26.801 8.14721e+06
26.901 8.17689e+06
27.001 8.20443e+06
27.101 8.23397e+06
27.201 8.2616e+06
27.301 8.29111e+06
27.401 8.31883e+06
27.501 8.34832e+06
27.601 8.37621e+06
27.701 8.40558e+06
27.801 8.43375e+06
27.901 8.4628e+06
28.001 8.49202e+06
28.101 8.52017e+06
28.201 8.54937e+06
28.301 8.5776e+06
28.401 8.60668e+06
28.501 8.63508e+06
28.601 8.66413e+06
28.701 8.69261e+06
28.801 8.72155e+06
28.901 8.75019e+06
29.001 8.77911e+06
29.101 8.80782e+06
29.201 8.83672e+06
29.301 8.8655e+06
29.401 8.894e+06
29.501 8.9224e+06
29.601 8.95052e+06
29.701 8.97854e+06
29.801 9.00627e+06
29.901 9.03392e+06
30.001 9.06129e+06
30.101 9.08856e+06
30.201 9.11557e+06
30.301 9.14249e+06
30.401 9.16914e+06
30.501 9.19571e+06
30.601 9.22201e+06
30.701 9.24823e+06
30.801 9.27419e+06
30.901 9.30007e+06
31.001 9.3257e+06
31.101 9.35125e+06
31.201 9.37655e+06
31.301 9.40178e+06
31.401 9.42675e+06
31.501 9.45166e+06
31.601 9.47632e+06
31.701 9.50091e+06
31.801 9.52535e+06
31.901 9.54954e+06
32.001 9.57368e+06
32.101 9.59757e+06
32.201 9.62141e+06
32.301 9.64501e+06
32.401 9.66855e+06
32.501 9.69186e+06
32.601 9.71511e+06
32.701 9.73813e+06
32.801 9.7611e+06
32.901 9.78385e+06
33.001 9.80654e+06
33.101 9.82901e+06
33.201 9.85143e+06
33.301 9.87363e+06
33.401 9.89578e+06
33.501 9.91772e+06
33.601 9.9396e+06
33.701 9.96128e+06
33.801 9.98291e+06
33.901 1.00043e+07
34.001 1.00257e+07
34.101 1.00469e+07
34.201 1.0068e+07
34.301 1.00889e+07
34.401 1.01098e+07
34.501 1.01305e+07
34.601 1.01511e+07
34.701 1.01716e+07
34.801 1.0192e+07
34.901 1.02123e+07
35.001 1.02323e+07
35.101 1.02524e+07
35.201 1.02723e+07
35.301 1.02921e+07
35.401 1.03117e+07
35.501 1.03313e+07
35.601 1.03508e+07
35.701 1.03701e+07
35.801 1.03894e+07
35.901 1.04085e+07
36.001 1.04275e+07
36.101 1.04465e+07
36.201 1.04652e+07
36.301 1.0484e+07
36.401 1.05026e+07
36.501 1.05211e+07
36.601 1.05395e+07
36.701 1.05578e+07
36.801 1.0576e+07
36.901 1.05941e+07
37.001 1.06121e+07
37.101 1.06301e+07
37.201 1.06479e+07
37.301 1.06656e+07
37.401 1.06832e+07
37.501 1.07008e+07
37.601 1.07183e+07
37.701 1.07356e+07
37.801 1.07529e+07
37.901 1.077e+07
38.001 1.07871e+07
38.101 1.0804e+07
38.201 1.0821e+07
38.301 1.08377e+07
38.401 1.08545e+07
38.501 1.08711e+07
38.601 1.08877e+07
38.701 1.09041e+07
38.801 1.09205e+07
38.901 1.09368e+07
39.001 1.0953e+07
39.101 1.09691e+07
39.201 1.09852e+07
39.301 1.10011e+07
39.401 1.1017e+07
39.501 1.10328e+07
39.601 1.10486e+07
39.701 1.10642e+07
39.801 1.10798e+07
39.901 1.10952e+07
40.001 1.11107e+07
40.101 1.11259e+07
40.201 1.11412e+07
40.301 1.11564e+07
40.401 1.11715e+07
40.501 1.11866e+07
40.601 1.12015e+07
40.701 1.12164e+07
40.801 1.12312e+07
40.901 1.1246e+07
41.001 1.12606e+07
41.101 1.12752e+07
41.201 1.12897e+07
41.301 1.13042e+07
41.401 1.13185e+07
41.501 1.13329e+07
41.601 1.13471e+07
41.701 1.13613e+07
41.801 1.13754e+07
41.901 1.13895e+07
42.001 1.14034e+07
42.101 1.14173e+07
42.201 1.14311e+07
42.301 1.14449e+07
42.401 1.14586e+07
42.501 1.14723e+07
42.601 1.14859e+07
42.701 1.14994e+07
42.801 1.15128e+07
42.901 1.15263e+07
43.001 1.15396e+07
43.101 1.15529e+07
43.201 1.15661e+07
43.301 1.15792e+07
43.401 1.15923e+07
43.501 1.15934e+07
43.601 1.15914e+07
43.701 1.15653e+07
43.801 1.15391e+07
43.901 1.15135e+07
44.001 1.14879e+07
44.101 1.1463e+07
44.201 1.14378e+07
44.301 1.14134e+07
44.401 1.13887e+07
44.501 1.13646e+07
44.601 1.13407e+07
44.701 1.13169e+07
44.801 1.12939e+07
44.901 1.12705e+07
45.001 1.12482e+07
45.101 1.12252e+07
45.201 1.12034e+07
45.301 1.11809e+07
45.401 1.11599e+07
45.501 1.11378e+07
45.601 1.11174e+07
45.701 1.10958e+07
45.801 1.10759e+07
45.901 1.10548e+07
46.001 1.10355e+07
46.101 1.10148e+07
46.201 1.0996e+07
46.301 1.09759e+07
46.401 1.09577e+07
46.501 1.09379e+07
46.601 1.09197e+07
46.701 1.0901e+07
46.801 1.08825e+07
46.901 1.0865e+07
47.001 1.08464e+07
47.101 1.08299e+07
47.201 1.08117e+07
47.301 1.07959e+07
47.401 1.0778e+07
47.501 1.07628e+07
47.601 1.07453e+07
47.701 1.07306e+07
47.801 1.07134e+07
47.901 1.06993e+07
48.001 1.06825e+07
48.101 1.06689e+07
48.201 1.06525e+07
48.301 1.06393e+07
48.401 1.06233e+07
48.501 1.06105e+07
48.601 1.05951e+07
48.701 1.0582e+07
48.801 1.05678e+07
48.901 1.05544e+07
49.001 1.05412e+07
49.101 1.05276e+07
49.201 1.05154e+07
49.301 1.05016e+07
49.401 1.04905e+07
49.501 1.04766e+07
49.601 1.04664e+07
49.701 1.04528e+07
49.801 1.0443e+07
49.901 1.04298e+07
50.001 1.04205e+07
50.101 1.04076e+07
50.201 1.03987e+07
50.301 1.03861e+07
50.401 1.03776e+07
50.501 1.03653e+07
50.601 1.0357e+07
50.701 1.03453e+07
50.801 1.03368e+07
50.901 1.03261e+07
51.001 1.03173e+07
51.101 1.03077e+07
51.201 1.02987e+07
51.301 1.029e+07
51.401 1.02808e+07
51.501 1.0273e+07
51.601 1.02634e+07
51.701 1.02566e+07
51.801 1.02467e+07
51.901 1.02409e+07
52.001 1.02309e+07
52.101 1.02258e+07
52.201 1.02161e+07
52.301 1.02114e+07
52.401 1.02019e+07
52.501 1.01975e+07
52.601 1.01883e+07
52.701 1.01839e+07
52.801 1.01755e+07
52.901 1.01707e+07
53.001 1.01633e+07
53.101 1.01583e+07
53.201 1.01518e+07
53.301 1.01465e+07
53.401 1.0141e+07
53.501 1.01354e+07
53.601 1.01309e+07
53.701 1.0125e+07
53.801 1.01214e+07
53.901 1.01153e+07
54.001 1.01126e+07
54.101 1.01061e+07
54.201 1.01041e+07
54.301 1.00974e+07
54.401 1.00962e+07
54.501 1.00895e+07
54.601 1.00886e+07
54.701 1.00822e+07
54.801 1.0081e+07
54.901 1.00755e+07
55.001 1.0074e+07
55.101 1.00692e+07
55.201 1.00674e+07
55.301 1.00635e+07
55.401 1.00613e+07
55.501 1.00582e+07
55.601 1.00557e+07
55.701 1.00534e+07
55.801 1.00506e+07
55.901 1.00492e+07
56.001 1.0046e+07
56.101 1.00454e+07
56.201 1.00419e+07
56.301 1.00421e+07
56.401 1.00384e+07
56.501 1.00393e+07
56.601 1.00353e+07
56.701 1.00368e+07
56.801 1.00327e+07
56.901 1.00344e+07
57.001 1.00311e+07
57.101 1.00325e+07
57.201 1.00301e+07
57.301 1.00312e+07
57.401 1.00296e+07
57.501 1.00303e+07
57.601 1.00295e+07
57.701 1.003e+07
57.801 1.003e+07
57.901 1.00302e+07
58.001 1.0031e+07
58.101 1.00309e+07
58.201 1.00325e+07
58.301 1.00321e+07
58.401 1.00345e+07
58.501 1.00339e+07
58.601 1.00371e+07
58.701 1.00363e+07
58.801 1.00398e+07
58.901 1.0039e+07
59.001 1.00428e+07
59.101 1.00424e+07
59.201 1.00463e+07
59.301 1.00464e+07
59.401 1.00504e+07
59.501 1.00513e+07
59.601 1.00549e+07
59.701 1.00564e+07
59.801 1.00597e+07
59.901 1.00618e+07
60.001 1.00647e+07
60.101 1.00674e+07
60.201 1.00699e+07
60.301 1.00733e+07
60.401 1.00755e+07
60.501 1.00794e+07
60.601 1.00812e+07
60.701 1.00857e+07
60.801 1.00872e+07
60.901 1.00921e+07
61.001 1.00935e+07
61.101 1.00984e+07
61.201 1.01e+07
61.301 1.0105e+07
61.401 1.01068e+07
61.501 1.01119e+07
61.601 1.01138e+07
61.701 1.0119e+07
61.801 1.01213e+07
61.901 1.01263e+07
62.001 1.01292e+07
62.101 1.0134e+07
62.201 1.01374e+07
62.301 1.01418e+07
62.401 1.0146e+07
62.501 1.01499e+07
62.601 1.01547e+07
62.701 1.01583e+07
62.801 1.01637e+07
62.901 1.01669e+07
63.001 1.01727e+07
63.101 1.01758e+07
63.201 1.01816e+07
63.301 1.01849e+07
63.401 1.01909e+07
63.501 1.01943e+07
63.601 1.02003e+07
63.701 1.02039e+07
63.801 1.021e+07
63.901 1.02138e+07
64.001 1.022e+07
64.101 1.02239e+07
64.201 1.02302e+07
64.301 1.02347e+07
64.401 1.02406e+07
64.501 1.02457e+07
64.601 1.02513e+07
64.701 1.0257e+07
64.801 1.02623e+07
64.901 1.02685e+07
65.001 1.02734e+07
65.101 1.02801e+07
65.201 1.02849e+07
65.301 1.02917e+07
65.401 1.02966e+07
65.501 1.03035e+07
65.601 1.03085e+07
65.701 1.03155e+07
65.801 1.03207e+07
65.901 1.03278e+07
66.001 1.03331e+07
66.101 1.03403e+07
66.201 1.03458e+07
66.301 1.03531e+07
66.401 1.03588e+07
66.501 1.03661e+07
66.601 1.03721e+07
66.701 1.03794e+07
66.801 1.03859e+07
66.901 1.03929e+07
67.001 1.04e+07
67.101 1.04067e+07
67.201 1.04143e+07
67.301 1.04207e+07
67.401 1.04284e+07
67.501 1.04349e+07
67.601 1.04428e+07
67.701 1.04495e+07
67.801 1.04574e+07
67.901 1.04642e+07
68.001 1.04722e+07
68.101 1.04792e+07
68.201 1.04873e+07
68.301 1.04945e+07
68.401 1.05027e+07
68.501 1.051e+07
68.601 1.05183e+07
68.701 1.05259e+07
68.801 1.05342e+07
68.901 1.05419e+07
69.001 1.05503e+07
69.101 1.05584e+07
69.201 1.05667e+07
69.301 1.05752e+07
69.401 1.05834e+07
69.501 1.0592e+07
69.601 1.06002e+07
69.701 1.0609e+07
69.801 1.06174e+07
69.901 1.06262e+07
70.001 1.06348e+07
70.101 1.06437e+07
70.201 1.06524e+07
70.301 1.06614e+07
70.401 1.06703e+07
70.501 1.06794e+07
70.601 1.06885e+07
70.701 1.06977e+07
70.801 1.07069e+07
70.901 1.07162e+07
71.001 1.07253e+07
71.101 1.07346e+07
71.201 1.07437e+07
71.301 1.07529e+07
71.401 1.07619e+07
71.501 1.0771e+07
71.601 1.07801e+07
71.701 1.07891e+07
71.801 1.07981e+07
71.901 1.08071e+07
72.001 1.08161e+07
72.101 1.0825e+07
72.201 1.08339e+07
72.301 1.08428e+07
72.401 1.08517e+07
72.501 1.08605e+07
72.601 1.08693e+07
72.701 1.08781e+07
72.801 1.08869e+07
72.901 1.08956e+07
73.001 1.09043e+07
73.101 1.0913e+07
73.201 1.09217e+07
73.301 1.09304e+07
73.401 1.0939e+07
73.501 1.09476e+07
73.601 1.09562e+07
73.701 1.09647e+07
73.801 1.09732e+07
73.901 1.09817e+07
74.001 1.09902e+07
74.101 1.09987e+07
74.201 1.10071e+07
74.301 1.10155e+07
74.401 1.10239e+07
74.501 1.10323e+07
74.601 1.10406e+07
74.701 1.1049e+07
74.801 1.10573e+07
74.901 1.10655e+07
75.001 1.10738e+07
75.101 1.1082e+07
75.201 1.10903e+07
75.301 1.10984e+07
75.401 1.11066e+07
75.501 1.11147e+07
75.601 1.11229e+07
75.701 1.1131e+07
75.801 1.11391e+07
75.901 1.11471e+07
76.001 1.11552e+07
76.101 1.11632e+07
76.201 1.11712e+07
76.301 1.11792e+07
76.401 1.11871e+07
76.501 1.11951e+07
76.601 1.1203e+07
76.701 1.12109e+07
76.801 1.12188e+07
76.901 1.12266e+07
77.001 1.12344e+07
77.101 1.12423e+07
77.201 1.125e+07
77.301 1.12578e+07
77.401 1.12656e+07
77.501 1.12733e+07
77.601 1.1281e+07
77.701 1.12887e+07
77.801 1.12964e+07
77.901 1.13041e+07
78.001 1.13117e+07
78.101 1.13193e+07
78.201 1.13269e+07
78.301 1.13345e+07
78.401 1.1342e+07
78.501 1.13496e+07
78.601 1.13571e+07
78.701 1.13646e+07
78.801 1.1372e+07
78.901 1.13795e+07
79.001 1.13869e+07
79.101 1.13944e+07
79.201 1.14018e+07
79.301 1.14092e+07
79.401 1.14166e+07
79.501 1.14239e+07
79.601 1.14312e+07
79.701 1.14385e+07
79.801 1.14458e+07
79.901 1.14531e+07
80.001 1.14604e+07
80.101 1.14676e+07
80.201 1.14748e+07
80.301 1.1482e+07
80.401 1.14892e+07
80.501 1.14964e+07
80.601 1.15035e+07
80.701 1.15106e+07
80.801 1.15178e+07
80.901 1.15249e+07
81.001 1.1532e+07
81.101 1.1539e+07
81.201 1.15461e+07
81.301 1.15531e+07
81.401 1.15601e+07
81.501 1.15671e+07
81.601 1.15741e+07
81.701 1.1581e+07
81.801 1.1588e+07
81.901 1.15949e+07
82.001 1.16018e+07
82.101 1.16087e+07
82.201 1.16155e+07
82.301 1.16224e+07
82.401 1.16292e+07
82.501 1.16361e+07
82.601 1.16429e+07
82.701 1.16497e+07
82.801 1.16564e+07
82.901 1.16632e+07
83.001 1.16699e+07
83.101 1.16767e+07
83.201 1.16834e+07
83.301 1.16901e+07
83.401 1.16967e+07
83.501 1.17034e+07
83.601 1.171e+07
83.701 1.17167e+07
83.801 1.17233e+07
83.901 1.17299e+07
84.001 1.17365e+07
84.101 1.1743e+07
84.201 1.17496e+07
84.301 1.17561e+07
84.401 1.17626e+07
84.501 1.17692e+07
84.601 1.17756e+07
84.701 1.17821e+07
84.801 1.17886e+07
84.901 1.1795e+07
85.001 1.18015e+07
85.101 1.18018e+07
85.201 1.18005e+07
85.301 1.17869e+07
85.401 1.17733e+07
85.501 1.17598e+07
85.601 1.17464e+07
85.701 1.17333e+07
85.801 1.172e+07
85.901 1.17071e+07
86.001 1.1694e+07
86.101 1.16811e+07
86.201 1.16684e+07
86.301 1.16557e+07
86.401 1.16434e+07
86.501 1.16308e+07
86.601 1.16188e+07
86.701 1.16065e+07
86.801 1.15947e+07
86.901 1.15825e+07
87.001 1.15711e+07
87.101 1.15591e+07
87.201 1.15479e+07
87.301 1.15361e+07
87.401 1.15251e+07
87.501 1.15136e+07
87.601 1.15029e+07
87.701 1.14915e+07
87.801 1.14811e+07
87.901 1.14699e+07
88.001 1.14598e+07
88.101 1.14488e+07
88.201 1.14385e+07
88.301 1.14281e+07
88.401 1.14176e+07
88.501 1.14078e+07
88.601 1.13973e+07
88.701 1.1388e+07
88.801 1.13776e+07
88.901 1.13686e+07
89.001 1.13584e+07
89.101 1.13497e+07
89.201 1.13397e+07
89.301 1.13312e+07
89.401 1.13213e+07
89.501 1.13131e+07
89.601 1.13034e+07
89.701 1.12954e+07
89.801 1.12859e+07
89.901 1.12781e+07
90.001 1.12688e+07
90.101 1.12611e+07
90.201 1.12522e+07
90.301 1.12443e+07
90.401 1.12359e+07
90.501 1.12279e+07
90.601 1.12201e+07
90.701 1.12119e+07
90.801 1.12046e+07
90.901 1.11963e+07
91.001 1.11896e+07
91.101 1.11813e+07
91.201 1.11749e+07
91.301 1.11668e+07
91.401 1.11607e+07
91.501 1.11527e+07
91.601 1.11468e+07
91.701 1.11389e+07
91.801 1.11333e+07
91.901 1.11256e+07
92.001 1.11202e+07
92.101 1.11126e+07
92.201 1.11072e+07
92.301 1.11e+07
92.401 1.10944e+07
92.501 1.10878e+07
92.601 1.10821e+07
92.701 1.1076e+07
92.801 1.10702e+07
92.901 1.10646e+07
93.001 1.10586e+07
93.101 1.10535e+07
93.201 1.10473e+07
93.301 1.10428e+07
93.401 1.10364e+07
93.501 1.10323e+07
93.601 1.10259e+07
93.701 1.10223e+07
93.801 1.1016e+07
93.901 1.10125e+07
94.001 1.10064e+07
94.101 1.10031e+07
94.201 1.09971e+07
94.301 1.09937e+07
94.401 1.09882e+07
94.501 1.09846e+07
94.601 1.09797e+07
94.701 1.09759e+07
94.801 1.09715e+07
94.901 1.09676e+07
95.001 1.09637e+07
95.101 1.09596e+07
95.201 1.09563e+07
95.301 1.09521e+07
95.401 1.09492e+07
95.501 1.09449e+07
95.601 1.09425e+07
95.701 1.09379e+07
95.801 1.0936e+07
95.901 1.09312e+07
96.001 1.09297e+07
96.101 1.09251e+07
96.201 1.09236e+07
96.301 1.09192e+07
96.401 1.09176e+07
96.501 1.09136e+07
96.601 1.09118e+07
96.701 1.09083e+07
96.801 1.09064e+07
96.901 1.09033e+07
97.001 1.09012e+07
97.101 1.08986e+07
97.201 1.08962e+07
97.301 1.08941e+07
97.401 1.08916e+07
97.501 1.089e+07
97.601 1.08872e+07
97.701 1.08861e+07
97.801 1.08832e+07
97.901 1.08824e+07
98.001 1.08794e+07
98.101 1.08791e+07
98.201 1.08759e+07
98.301 1.08759e+07
98.401 1.08727e+07
98.501 1.08728e+07
98.601 1.08702e+07
98.701 1.08701e+07
98.801 1.08679e+07
98.901 1.08676e+07
99.001 1.08659e+07
99.101 1.08654e+07
99.201 1.08642e+07
99.301 1.08635e+07
99.401 1.08628e+07
99.501 1.0862e+07
99.601 1.08616e+07
99.701 1.08607e+07
99.801 1.08609e+07
99.901 1.08598e+07
100.001 1.08604e+07
100.101 1.08592e+07
100.201 1.08603e+07
100.301 1.08589e+07
100.401 1.08601e+07
100.501 1.08589e+07
100.601 1.08602e+07
100.701 1.08592e+07
100.801 1.08607e+07
100.901 1.086e+07
101.001 1.08615e+07
101.101 1.08612e+07
101.201 1.08626e+07
101.301 1.08627e+07
101.401 1.08638e+07
101.501 1.08643e+07
101.601 1.08651e+07
101.701 1.0866e+07
101.801 1.08667e+07
101.901 1.08679e+07
102.001 1.08684e+07
102.101 1.087e+07
102.201 1.08702e+07
102.301 1.08722e+07
102.401 1.08722e+07
102.501 1.08743e+07
102.601 1.08745e+07
102.701 1.08766e+07
102.801 1.08768e+07
102.901 1.0879e+07
103.001 1.08793e+07
103.101 1.08816e+07
103.201 1.0882e+07
103.301 1.08844e+07
103.401 1.08851e+07
103.501 1.08873e+07
103.601 1.08884e+07
103.701 1.08904e+07
103.801 1.08918e+07
103.901 1.08937e+07
104.001 1.08955e+07
104.101 1.08971e+07
104.201 1.08993e+07
104.301 1.09007e+07
104.401 1.09033e+07
104.501 1.09044e+07
104.601 1.09072e+07
104.701 1.09084e+07
104.801 1.09112e+07
104.901 1.09125e+07
105.001 1.09154e+07
105.101 1.09168e+07
105.201 1.09197e+07
105.301 1.09212e+07
105.401 1.09243e+07
105.501 1.09258e+07
105.601 1.09289e+07
105.701 1.09307e+07
105.801 1.09338e+07
105.901 1.09359e+07
106.001 1.09388e+07
106.101 1.09413e+07
106.201 1.0944e+07
106.301 1.09468e+07
106.401 1.09494e+07
106.501 1.09526e+07
106.601 1.09549e+07
106.701 1.09583e+07
106.801 1.09606e+07
106.901 1.09641e+07
107.001 1.09665e+07
107.101 1.09701e+07
107.201 1.09725e+07
107.301 1.09762e+07
107.401 1.09788e+07
107.501 1.09825e+07
107.601 1.09852e+07
107.701 1.0989e+07
107.801 1.09918e+07
107.901 1.09956e+07
108.001 1.09985e+07
108.101 1.10024e+07
108.201 1.10056e+07
108.301 1.10094e+07
108.401 1.10129e+07
108.501 1.10166e+07
108.601 1.10205e+07
108.701 1.1024e+07
108.801 1.10281e+07
108.901 1.10315e+07
109.001 1.10357e+07
109.101 1.10392e+07
109.201 1.10435e+07
109.301 1.10471e+07
109.401 1.10514e+07
109.501 1.10551e+07
109.601 1.10596e+07
109.701 1.10634e+07
109.801 1.10679e+07
109.901 1.10718e+07
110.001 1.10764e+07
110.101 1.10804e+07
110.201 1.10851e+07
110.301 1.10892e+07
110.401 1.10939e+07
110.501 1.10982e+07
110.601 1.1103e+07
110.701 1.11076e+07
110.801 1.11122e+07
110.901 1.1117e+07
111.001 1.11216e+07
111.101 1.11265e+07
111.201 1.11312e+07
111.301 1.11362e+07
111.401 1.1141e+07
111.501 1.11461e+07
111.601 1.1151e+07
111.701 1.11561e+07
111.801 1.11611e+07
111.901 1.11664e+07
112.001 1.11715e+07
112.101 1.11768e+07
112.201 1.1182e+07
112.301 1.11874e+07
112.401 1.11927e+07
112.501 1.11982e+07
112.601 1.12035e+07
112.701 1.12089e+07
112.801 1.12143e+07
112.901 1.12196e+07
113.001 1.1225e+07
113.101 1.12303e+07
113.201 1.12356e+07
113.301 1.12409e+07
113.401 1.12462e+07
113.501 1.12515e+07
113.601 1.12568e+07
113.701 1.12621e+07
113.801 1.12674e+07
113.901 1.12726e+07
114.001 1.12779e+07
114.101 1.12831e+07
114.201 1.12884e+07
114.301 1.12936e+07
114.401 1.12988e+07
114.501 1.1304e+07
114.601 1.13092e+07
114.701 1.13144e+07
114.801 1.13196e+07
114.901 1.13247e+07
115.001 1.13299e+07
115.101 1.1335e+07
115.201 1.13402e+07
115.301 1.13453e+07
115.401 1.13505e+07
115.501 1.13556e+07
115.601 1.13607e+07
115.701 1.13658e+07
115.801 1.13709e+07
115.901 1.13759e+07
116.001 1.1381e+07
116.101 1.13861e+07
116.201 1.13911e+07
116.301 1.13962e+07
116.401 1.14012e+07
116.501 1.14062e+07
116.601 1.14113e+07
116.701 1.14163e+07
116.801 1.14213e+07
116.901 1.14263e+07
117.001 1.14312e+07
117.101 1.14362e+07
117.201 1.14412e+07
117.301 1.14461e+07
117.401 1.14511e+07
117.501 1.1456e+07
117.601 1.1461e+07
117.701 1.14659e+07
117.801 1.14708e+07
117.901 1.14757e+07
118.001 1.14806e+07
118.101 1.14855e+07
118.201 1.14904e+07
118.301 1.14953e+07
118.401 1.15002e+07
118.501 1.1505e+07
118.601 1.15099e+07
118.701 1.15147e+07
118.801 1.15195e+07
118.901 1.15244e+07
119.001 1.15292e+07
119.101 1.1534e+07
119.201 1.15388e+07
119.301 1.15436e+07
119.401 1.15484e+07
119.501 1.15532e+07
119.601 1.15579e+07
119.701 1.15627e+07
119.801 1.15674e+07
119.901 1.15722e+07
120.001 1.15769e+07
120.101 1.15817e+07
120.201 1.15864e+07
120.301 1.15911e+07
120.401 1.15958e+07
120.501 1.16005e+07
120.601 1.16052e+07
120.701 1.16099e+07
120.801 1.16146e+07
120.901 1.16192e+07
121.001 1.16239e+07
121.101 1.16285e+07
121.201 1.16332e+07
121.301 1.16378e+07
121.401 1.16425e+07
121.501 1.16471e+07
121.601 1.16517e+07
121.701 1.16563e+07
121.801 1.16609e+07
121.901 1.16655e+07
122.001 1.16701e+07
122.101 1.16747e+07
122.201 1.16792e+07
122.301 1.16838e+07
122.401 1.16883e+07
122.501 1.16929e+07
122.601 1.16974e+07
122.701 1.1702e+07
122.801 1.17065e+07
122.901 1.1711e+07
123.001 1.17155e+07
123.101 1.172e+07
123.201 1.17245e+07
123.301 1.1729e+07
123.401 1.17335e+07
123.501 1.17379e+07
123.601 1.17424e+07
123.701 1.17469e+07
123.801 1.17513e+07
123.901 1.17558e+07
124.001 1.17602e+07
124.101 1.17647e+07
124.201 1.17691e+07
124.301 1.17735e+07
124.401 1.17779e+07
124.501 1.17823e+07
124.601 1.17867e+07
124.701 1.17911e+07
124.801 1.17955e+07
124.901 1.17998e+07
125.001 1.18042e+07
125.101 1.18086e+07
125.201 1.18129e+07
125.301 1.18173e+07
125.401 1.18216e+07
125.501 1.18259e+07
125.601 1.18303e+07
125.701 1.18346e+07
125.801 1.18389e+07
125.901 1.18432e+07
126.001 1.18475e+07
126.101 1.18518e+07
126.201 1.18561e+07
126.301 1.18604e+07
126.401 1.18646e+07
126.501 1.18689e+07
126.601 1.18732e+07
126.701 1.18734e+07
126.801 1.18725e+07
126.901 1.18633e+07
127.001 1.1854e+07
127.101 1.18449e+07
127.201 1.18358e+07
127.301 1.18269e+07
127.401 1.18179e+07
127.501 1.18091e+07
127.601 1.18002e+07
127.701 1.17914e+07
127.801 1.17828e+07
127.901 1.17741e+07
128.001 1.17657e+07
128.101 1.17571e+07
128.201 1.17489e+07
128.301 1.17405e+07
128.401 1.17324e+07
128.501 1.17241e+07
128.601 1.17162e+07
128.701 1.1708e+07
128.801 1.17003e+07
128.901 1.16922e+07
129.001 1.16846e+07
129.101 1.16767e+07
129.201 1.16693e+07
129.301 1.16615e+07
129.401 1.16543e+07
129.501 1.16466e+07
129.601 1.16395e+07
129.701 1.16319e+07
129.801 1.16247e+07
129.901 1.16176e+07
130.001 1.16103e+07
130.101 1.16035e+07
130.201 1.15962e+07
130.301 1.15897e+07
130.401 1.15825e+07
130.501 1.15762e+07
130.601 1.15691e+07
130.701 1.15629e+07
130.801 1.1556e+07
130.901 1.155e+07
131.001 1.15431e+07
131.101 1.15373e+07
131.201 1.15305e+07
131.301 1.15249e+07
131.401 1.15182e+07
131.501 1.15127e+07
131.601 1.15062e+07
131.701 1.15007e+07
131.801 1.14945e+07
131.901 1.14889e+07
132.001 1.1483e+07
132.101 1.14772e+07
132.201 1.14717e+07
132.301 1.14659e+07
132.401 1.14607e+07
132.501 1.14548e+07
132.601 1.145e+07
132.701 1.14441e+07
132.801 1.14396e+07
132.901 1.14338e+07
133.001 1.14294e+07
133.101 1.14237e+07
133.201 1.14194e+07
133.301 1.14138e+07
133.401 1.14097e+07
133.501 1.14042e+07
133.601 1.14003e+07
133.701 1.13949e+07
133.801 1.13908e+07
133.901 1.13858e+07
134.001 1.13817e+07
134.101 1.13769e+07
134.201 1.13727e+07
134.301 1.13684e+07
134.401 1.13641e+07
134.501 1.136e+07
134.601 1.13556e+07
134.701 1.13519e+07
134.801 1.13474e+07
134.901 1.1344e+07
135.001 1.13394e+07
135.101 1.13364e+07
135.201 1.13317e+07
135.301 1.1329e+07
135.401 1.13244e+07
135.501 1.13218e+07
135.601 1.13173e+07
135.701 1.13147e+07
135.801 1.13104e+07
135.901 1.13077e+07
136.001 1.13038e+07
136.101 1.1301e+07
136.201 1.12974e+07
136.301 1.12945e+07
136.401 1.12912e+07
136.501 1.12882e+07
136.601 1.12853e+07
136.701 1.12822e+07
136.801 1.12797e+07
136.901 1.12765e+07
137.001 1.12743e+07
137.101 1.1271e+07
137.201 1.12691e+07
137.301 1.12657e+07
137.401 1.12641e+07
137.501 1.12605e+07
137.601 1.12593e+07
137.701 1.12558e+07
137.801 1.12545e+07
137.901 1.12512e+07
138.001 1.12498e+07
138.101 1.12468e+07
138.201 1.12453e+07
138.301 1.12426e+07
138.401 1.1241e+07
138.501 1.12387e+07
138.601 1.12369e+07
138.701 1.12349e+07
138.801 1.12329e+07
138.901 1.12312e+07
139.001 1.12292e+07
139.101 1.12278e+07
139.201 1.12257e+07
139.301 1.12246e+07
139.401 1.12223e+07
139.501 1.12216e+07
139.601 1.12192e+07
139.701 1.12188e+07
139.801 1.12162e+07
139.901 1.1216e+07
140.001 1.12136e+07
140.101 1.12133e+07
140.201 1.12113e+07
140.301 1.12109e+07
140.401 1.12092e+07
140.501 1.12087e+07
140.601 1.12073e+07
140.701 1.12067e+07
140.801 1.12056e+07
140.901 1.12049e+07
141.001 1.12041e+07
141.101 1.12033e+07
141.201 1.12029e+07
141.301 1.12019e+07
141.401 1.12018e+07
141.501 1.12008e+07
141.601 1.1201e+07
141.701 1.11999e+07
141.801 1.12004e+07
141.901 1.11992e+07
142.001 1.11998e+07
142.101 1.11987e+07
142.201 1.11994e+07
142.301 1.11984e+07
142.401 1.11993e+07
142.501 1.11986e+07
142.601 1.11994e+07
142.701 1.1199e+07
142.801 1.11996e+07
142.901 1.11995e+07
143.001 1.12e+07
143.101 1.12002e+07
143.201 1.12005e+07
143.301 1.1201e+07
143.401 1.12011e+07
143.501 1.12018e+07
143.601 1.12019e+07
143.701 1.12029e+07
143.801 1.12027e+07
143.901 1.12039e+07
144.001 1.12037e+07
144.101 1.1205e+07
144.201 1.12048e+07
144.301 1.12061e+07
144.401 1.12061e+07
144.501 1.12074e+07
144.601 1.12074e+07
144.701 1.12088e+07
144.801 1.12089e+07
144.901 1.12103e+07
145.001 1.12106e+07
145.101 1.12119e+07
145.201 1.12125e+07
145.301 1.12137e+07
145.401 1.12145e+07
145.501 1.12156e+07
145.601 1.12167e+07
145.701 1.12176e+07
145.801 1.1219e+07
145.901 1.12197e+07
146.001 1.12214e+07
146.101 1.1222e+07
146.201 1.12237e+07
146.301 1.12244e+07
146.401 1.12262e+07
146.501 1.12269e+07
146.601 1.12288e+07
146.701 1.12295e+07
146.801 1.12314e+07
146.901 1.12323e+07
147.001 1.12342e+07
147.101 1.12352e+07
147.201 1.12372e+07
147.301 1.12383e+07
147.401 1.12402e+07
147.501 1.12416e+07
147.601 1.12434e+07
147.701 1.12451e+07
147.801 1.12468e+07
147.901 1.12486e+07
148.001 1.12502e+07
148.101 1.12523e+07
148.201 1.12538e+07
148.301 1.1256e+07
148.401 1.12575e+07
148.501 1.12598e+07
148.601 1.12613e+07
148.701 1.12637e+07
148.801 1.12653e+07
148.901 1.12677e+07
149.001 1.12694e+07
149.101 1.12719e+07
149.201 1.12736e+07
149.301 1.12761e+07
149.401 1.1278e+07
149.501 1.12806e+07
149.601 1.12825e+07
149.701 1.12851e+07
149.801 1.12872e+07
149.901 1.12898e+07
150.001 1.12921e+07
150.101 1.12946e+07
150.201 1.12972e+07
150.301 1.12995e+07
150.401 1.13023e+07
150.501 1.13046e+07
150.601 1.13075e+07
150.701 1.13098e+07
150.801 1.13128e+07
150.901 1.13152e+07
151.001 1.13182e+07
151.101 1.13207e+07
151.201 1.13237e+07
151.301 1.13263e+07
151.401 1.13294e+07
151.501 1.13321e+07
151.601 1.13352e+07
151.701 1.1338e+07
151.801 1.13412e+07
151.901 1.1344e+07
152.001 1.13473e+07
152.101 1.13502e+07
152.201 1.13535e+07
152.301 1.13567e+07
152.401 1.13599e+07
152.501 1.13633e+07
152.601 1.13664e+07
152.701 1.13698e+07
152.801 1.13731e+07
152.901 1.13766e+07
153.001 1.13799e+07
153.101 1.13835e+07
153.201 1.13869e+07
153.301 1.13905e+07
153.401 1.1394e+07
153.501 1.13976e+07
153.601 1.14012e+07
153.701 1.14049e+07
153.801 1.14086e+07
153.901 1.14123e+07
154.001 1.14161e+07
154.101 1.14199e+07
154.201 1.14237e+07
154.301 1.14275e+07
154.401 1.14313e+07
154.501 1.1435e+07
154.601 1.14388e+07
154.701 1.14426e+07
154.801 1.14463e+07
154.901 1.14501e+07
155.001 1.14538e+07
155.101 1.14576e+07
155.201 1.14613e+07
155.301 1.1465e+07
155.401 1.14688e+07
155.501 1.14725e+07
155.601 1.14762e+07
155.701 1.14799e+07
155.801 1.14836e+07
155.901 1.14873e+07
156.001 1.1491e+07
156.101 1.14947e+07
156.201 1.14984e+07
156.301 1.15021e+07
156.401 1.15058e+07
156.501 1.15095e+07
156.601 1.15131e+07
156.701 1.15168e+07
156.801 1.15204e+07
156.901 1.15241e+07
157.001 1.15278e+07
157.101 1.15314e+07
157.201 1.15351e+07
157.301 1.15387e+07
157.401 1.15423e+07
157.501 1.1546e+07
157.601 1.15496e+07
157.701 1.15532e+07
157.801 1.15568e+07
157.901 1.15604e+07
158.001 1.1564e+07
158.101 1.15676e+07
158.201 1.15712e+07
158.301 1.15748e+07
158.401 1.15784e+07
158.501 1.1582e+07
158.601 1.15856e+07
158.701 1.15891e+07
158.801 1.15927e+07
158.901 1.15963e+07
159.001 1.15999e+07
159.101 1.16034e+07
159.201 1.1607e+07
159.301 1.16105e+07
159.401 1.16141e+07
159.501 1.16176e+07
159.601 1.16211e+07
159.701 1.16246e+07
159.801 1.16282e+07
159.901 1.16317e+07
160.001 1.16352e+07
160.101 1.16387e+07
160.201 1.16422e+07
160.301 1.16458e+07
160.401 1.16492e+07
160.501 1.16527e+07
160.601 1.16562e+07
160.701 1.16597e+07
160.801 1.16632e+07
160.901 1.16667e+07
161.001 1.16701e+07
161.101 1.16736e+07
161.201 1.16771e+07
161.301 1.16805e+07
161.401 1.1684e+07
161.501 1.16875e+07
161.601 1.16909e+07
161.701 1.16943e+07
161.801 1.16978e+07
161.901 1.17012e+07
162.001 1.17046e+07
162.101 1.17081e+07
162.201 1.17115e+07
162.301 1.17149e+07
162.401 1.17183e+07
162.501 1.17217e+07
162.601 1.17251e+07
162.701 1.17285e+07
162.801 1.17319e+07
162.901 1.17353e+07
163.001 1.17387e+07
163.101 1.17421e+07
163.201 1.17455e+07
163.301 1.17489e+07
163.401 1.17522e+07
163.501 1.17556e+07
163.601 1.1759e+07
163.701 1.17623e+07
163.801 1.17657e+07
163.901 1.1769e+07
164.001 1.17724e+07
164.101 1.17757e+07
164.201 1.17791e+07
164.301 1.17824e+07
164.401 1.17857e+07
164.501 1.17891e+07
164.601 1.17924e+07
164.701 1.17957e+07
164.801 1.1799e+07
164.901 1.18023e+07
165.001 1.18056e+07
165.101 1.18089e+07
165.201 1.18122e+07
165.301 1.18155e+07
165.401 1.18188e+07
165.501 1.18221e+07
165.601 1.18254e+07
165.701 1.18287e+07
165.801 1.18319e+07
165.901 1.18352e+07
166.001 1.18385e+07
166.101 1.18418e+07
166.201 1.1845e+07
166.301 1.18483e+07
166.401 1.18515e+07
166.501 1.18548e+07
166.601 1.1858e+07
166.701 1.18613e+07
166.801 1.18645e+07
166.901 1.18677e+07
167.001 1.18709e+07
167.101 1.18742e+07
167.201 1.18774e+07
167.301 1.18806e+07
167.401 1.18838e+07
167.501 1.1887e+07
167.601 1.18902e+07
167.701 1.18934e+07
167.801 1.18966e+07
167.901 1.18998e+07
168.001 1.1903e+07
168.101 1.19062e+07
168.201 1.19094e+07
168.301 1.19096e+07
168.401 1.19089e+07
168.501 1.19019e+07
168.601 1.18949e+07
168.701 1.1888e+07
168.801 1.18811e+07
168.901 1.18744e+07
169.001 1.18676e+07
169.101 1.18609e+07
169.201 1.18542e+07
169.301 1.18475e+07
169.401 1.1841e+07
169.501 1.18344e+07
169.601 1.1828e+07
169.701 1.18215e+07
169.801 1.18153e+07
169.901 1.18089e+07
170.001 1.18027e+07
170.101 1.17964e+07
170.201 1.17904e+07
170.301 1.17841e+07
170.401 1.17783e+07
170.501 1.17721e+07
170.601 1.17664e+07
170.701 1.17603e+07
170.801 1.17547e+07
170.901 1.17487e+07
171.001 1.17432e+07
171.101 1.17373e+07
171.201 1.17318e+07
171.301 1.17261e+07
171.401 1.17206e+07
171.501 1.17151e+07
171.601 1.17095e+07
171.701 1.17043e+07
171.801 1.16988e+07
171.901 1.16938e+07
172.001 1.16882e+07
172.101 1.16834e+07
172.201 1.1678e+07
172.301 1.16732e+07
172.401 1.16679e+07
172.501 1.16633e+07
172.601 1.1658e+07
172.701 1.16535e+07
172.801 1.16483e+07
172.901 1.1644e+07
173.001 1.16388e+07
173.101 1.16346e+07
173.201 1.16296e+07
173.301 1.16253e+07
173.401 1.16205e+07
173.501 1.16161e+07
173.601 1.16116e+07
173.701 1.16071e+07
173.801 1.16029e+07
173.901 1.15984e+07
174.001 1.15944e+07
174.101 1.15898e+07
174.201 1.15861e+07
174.301 1.15815e+07
174.401 1.1578e+07
174.501 1.15735e+07
174.601 1.157e+07
174.701 1.15656e+07
174.801 1.15623e+07
174.901 1.1558e+07
175.001 1.15548e+07
175.101 1.15505e+07
175.201 1.15474e+07
175.301 1.15432e+07
175.401 1.154e+07
175.501 1.15361e+07
175.601 1.15328e+07
175.701 1.15291e+07
175.801 1.15258e+07
175.901 1.15224e+07
176.001 1.1519e+07
176.101 1.15159e+07
176.201 1.15124e+07
176.301 1.15095e+07
176.401 1.15059e+07
176.501 1.15033e+07
176.601 1.14996e+07
176.701 1.14973e+07
176.801 1.14936e+07
176.901 1.14914e+07
177.001 1.14878e+07
177.101 1.14857e+07
177.201 1.14822e+07
177.301 1.14801e+07
177.401 1.14767e+07
177.501 1.14746e+07
177.601 1.14715e+07
177.701 1.14692e+07
177.801 1.14664e+07
177.901 1.14641e+07
178.001 1.14615e+07
178.101 1.14591e+07
178.201 1.14568e+07
178.301 1.14543e+07
178.401 1.14523e+07
178.501 1.14497e+07
178.601 1.14479e+07
178.701 1.14453e+07
178.801 1.14438e+07
178.901 1.1441e+07
179.001 1.14397e+07
179.101 1.14369e+07
179.201 1.14358e+07
179.301 1.1433e+07
179.401 1.14319e+07
179.501 1.14293e+07
179.601 1.14281e+07
179.701 1.14258e+07
179.801 1.14245e+07
179.901 1.14223e+07
180.001 1.14209e+07
180.101 1.14191e+07
180.201 1.14176e+07
180.301 1.1416e+07
180.401 1.14143e+07
180.501 1.1413e+07
180.601 1.14113e+07
180.701 1.14102e+07
180.801 1.14084e+07
180.901 1.14075e+07
181.001 1.14056e+07
181.101 1.1405e+07
181.201 1.1403e+07
181.301 1.14026e+07
181.401 1.14005e+07
181.501 1.14002e+07
181.601 1.13983e+07
181.701 1.13979e+07
181.801 1.13963e+07
181.901 1.13959e+07
182.001 1.13945e+07
182.101 1.13939e+07
182.201 1.13928e+07
182.301 1.13922e+07
182.401 1.13913e+07
182.501 1.13906e+07
182.601 1.13899e+07
182.701 1.13892e+07
182.801 1.13888e+07
182.901 1.13879e+07
183.001 1.13878e+07
183.101 1.13868e+07
183.201 1.13869e+07
183.301 1.13859e+07
183.401 1.13862e+07
183.501 1.13852e+07
183.601 1.13856e+07
183.701 1.13846e+07
183.801 1.1385e+07
183.901 1.13842e+07
184.001 1.13847e+07
184.101 1.13841e+07
184.201 1.13846e+07
184.301 1.13843e+07
184.401 1.13846e+07
184.501 1.13845e+07
184.601 1.13847e+07
184.701 1.13848e+07
184.801 1.13849e+07
184.901 1.13852e+07
185.001 1.13852e+07
185.101 1.13857e+07
185.201 1.13856e+07
185.301 1.13863e+07
185.401 1.1386e+07
185.501 1.13869e+07
185.601 1.13866e+07
185.701 1.13875e+07
185.801 1.13873e+07
185.901 1.13882e+07
186.001 1.1388e+07
186.101 1.1389e+07
186.201 1.13889e+07
186.301 1.13899e+07
186.401 1.13898e+07
186.501 1.13908e+07
186.601 1.1391e+07
186.701 1.13919e+07
186.801 1.13923e+07
186.901 1.13931e+07
187.001 1.13937e+07
187.101 1.13944e+07
187.201 1.13952e+07
187.301 1.13957e+07
187.401 1.13968e+07
187.501 1.13972e+07
187.601 1.13984e+07
187.701 1.13988e+07
187.801 1.14e+07
187.901 1.14004e+07
188.001 1.14017e+07
188.101 1.14022e+07
188.201 1.14036e+07
188.301 1.14041e+07
188.401 1.14055e+07
188.501 1.1406e+07
188.601 1.14075e+07
188.701 1.14081e+07
188.801 1.14096e+07
188.901 1.14104e+07
189.001 1.14118e+07
189.101 1.14128e+07
189.201 1.14141e+07
189.301 1.14153e+07
189.401 1.14165e+07
189.501 1.14179e+07
189.601 1.1419e+07
189.701 1.14206e+07
189.801 1.14216e+07
189.901 1.14233e+07
190.001 1.14244e+07
190.101 1.14261e+07
190.201 1.14272e+07
190.301 1.14289e+07
190.401 1.14301e+07
190.501 1.14319e+07
190.601 1.14331e+07
190.701 1.1435e+07
190.801 1.14363e+07
190.901 1.14382e+07
191.001 1.14395e+07
191.101 1.14414e+07
191.201 1.14429e+07
191.301 1.14448e+07
191.401 1.14464e+07
191.501 1.14483e+07
191.601 1.14501e+07
191.701 1.14519e+07
191.801 1.14539e+07
191.901 1.14556e+07
192.001 1.14578e+07
192.101 1.14595e+07
192.201 1.14616e+07
192.301 1.14634e+07
192.401 1.14656e+07
192.501 1.14674e+07
192.601 1.14697e+07
192.701 1.14716e+07
192.801 1.14739e+07
192.901 1.14758e+07
193.001 1.14782e+07
193.101 1.14802e+07
193.201 1.14826e+07
193.301 1.14847e+07
193.401 1.14871e+07
193.501 1.14893e+07
193.601 1.14918e+07
193.701 1.1494e+07
193.801 1.14965e+07
193.901 1.1499e+07
194.001 1.15014e+07
194.101 1.15039e+07
194.201 1.15064e+07
194.301 1.1509e+07
194.401 1.15115e+07
194.501 1.15141e+07
194.601 1.15167e+07
194.701 1.15194e+07
194.801 1.1522e+07
194.901 1.15248e+07
195.001 1.15274e+07
195.101 1.15302e+07
195.201 1.1533e+07
195.301 1.15358e+07
195.401 1.15387e+07
195.501 1.15416e+07
195.601 1.15445e+07
195.701 1.15474e+07
195.801 1.15503e+07
195.901 1.15532e+07
196.001 1.15561e+07
196.101 1.15591e+07
196.201 1.1562e+07
196.301 1.15649e+07
196.401 1.15678e+07
196.501 1.15707e+07
196.601 1.15735e+07
196.701 1.15764e+07
196.801 1.15793e+07
196.901 1.15822e+07
197.001 1.15851e+07
197.101 1.1588e+07
197.201 1.15908e+07
197.301 1.15937e+07
197.401 1.15966e+07
197.501 1.15995e+07
197.601 1.16023e+07
197.701 1.16052e+07
197.801 1.1608e+07
197.901 1.16109e+07
198.001 1.16137e+07
198.101 1.16123e+07
198.201 1.16065e+07
198.301 1.16006e+07
198.401 1.15948e+07
198.501 1.15889e+07
198.601 1.15831e+07
198.701 1.15772e+07
198.801 1.15714e+07
198.901 1.15656e+07
199.001 1.15598e+07
199.101 1.1554e+07
199.201 1.15482e+07
199.301 1.15424e+07
199.401 1.15366e+07
199.501 1.15308e+07
199.601 1.1525e+07
199.701 1.15193e+07
199.801 1.15135e+07
199.901 1.15077e+07
200.001 1.1502e+07
