0.001 0
0.101 0
0.201 0
0.301 2.72e+06
0.401 81600
0.501 3.9712e+06
0.601 6.12e+06
0.701 0
0.801 9.1392e+06
0.901 3.4e+06
1.001 1.03088e+07
1.101 1.02544e+07
1.201 1.03088e+07
1.301 1.71088e+07
1.401 1.088e+07
1.501 0
1.601 0
1.701 2.13792e+07
1.801 2.35552e+07
1.901 0
2.001 54400
2.101 0
2.201 54400
2.301 54400
2.401 0
2.501 81600
2.601 54400
2.701 0
2.801 54400
2.901 0
3.001 81600
3.101 108800
3.201 0
3.301 108800
3.401 136000
3.501 0
3.601 108800
3.701 0
3.801 136000
3.901 163200
4.001 0
4.101 190400
4.201 163200
4.301 0
4.401 163200
4.501 0
4.601 190400
4.701 217600
4.801 0
4.901 244800
5.001 217600
5.101 0
5.201 217600
5.301 0
5.401 244800
5.501 272000
5.601 0
5.701 299200
5.801 272000
5.901 0
6.001 299200
6.101 0
6.201 326400
6.301 353600
6.401 0
6.501 326400
6.601 326400
6.701 0
6.801 353600
6.901 0
7.001 380800
7.101 408000
7.201 0
7.301 380800
7.401 408000
7.501 0
7.601 435200
7.701 0
7.801 462400
7.901 435200
8.001 0
8.101 435200
8.201 462400
8.301 0
8.401 489600
8.501 0
8.601 516800
8.701 489600
8.801 0
8.901 516800
9.001 380800
9.101 163200
9.201 571200
9.301 0
9.401 544000
9.501 571200
9.601 0
9.701 598400
9.801 81600
9.901 516800
10.001 625600
10.101 0
10.201 598400
10.301 625600
10.401 0
10.501 652800
10.601 0
10.701 680000
10.801 652800
10.901 0
11.001 680000
11.101 707200
11.201 0
11.301 734400
11.401 0
11.501 707200
11.601 734400
11.701 0
11.801 761600
11.901 761600
12.001 0
12.101 788800
12.201 0
12.301 761600
12.401 788800
12.501 0
12.601 816000
12.701 843200
12.801 0
12.901 816000
13.001 0
13.101 843200
13.201 870400
13.301 0
13.401 897600
13.501 870400
13.601 0
13.701 897600
13.801 0
13.901 924800
14.001 924800
14.101 0
14.201 952000
14.301 924800
14.401 0
14.501 952000
14.601 0
14.701 979200
14.801 1.0064e+06
14.901 0
15.001 979200
15.101 1.0064e+06
15.201 0
15.301 1.0336e+06
15.401 0
15.501 1.0608e+06
15.601 1.0336e+06
15.701 0
15.801 1.0336e+06
15.901 1.0608e+06
16.001 0
16.101 1.088e+06
16.201 0
16.301 1.1152e+06
16.401 1.088e+06
16.501 0
16.601 1.1152e+06
16.701 1.0608e+06
16.801 81600
16.901 1.1696e+06
17.001 0
17.101 1.1424e+06
17.201 1.1696e+06
17.301 0
17.401 1.1968e+06
17.501 761600
17.601 435200
17.701 1.224e+06
17.801 0
17.901 1.1968e+06
18.001 1.224e+06
18.101 0
18.201 1.2512e+06
18.301 462400
18.401 816000
18.501 1.2512e+06
18.601 0
18.701 1.2784e+06
18.801 1.3056e+06
18.901 0
19.001 1.3328e+06
19.101 163200
19.201 1.1424e+06
19.301 1.3056e+06
19.401 0
19.501 1.3328e+06
19.601 1.36e+06
19.701 0
19.801 1.3872e+06
19.901 0
20.001 1.36e+06
20.101 1.3872e+06
20.201 0
20.301 1.4144e+06
20.401 1.4416e+06
20.501 0
20.601 1.4144e+06
20.701 0
20.801 1.4144e+06
20.901 1.4416e+06
21.001 0
21.101 1.4688e+06
21.201 1.496e+06
21.301 0
21.401 1.4688e+06
21.501 0
21.601 1.496e+06
21.701 1.5232e+06
21.801 0
21.901 1.5504e+06
22.001 1.5232e+06
22.101 0
22.201 1.5504e+06
22.301 0
22.401 1.5776e+06
22.501 1.5776e+06
22.601 0
22.701 1.6048e+06
22.801 1.5776e+06
22.901 0
23.001 1.6048e+06
23.101 0
23.201 1.632e+06
23.301 1.6592e+06
23.401 0
23.501 1.632e+06
23.601 1.632e+06
23.701 0
23.801 1.6592e+06
23.901 0
24.001 1.6864e+06
24.101 1.7136e+06
24.201 0
24.301 1.6864e+06
24.401 1.7136e+06
24.501 0
24.601 1.7408e+06
24.701 0
24.801 1.768e+06
24.901 1.7408e+06
25.001 0
25.101 1.768e+06
25.201 1.5232e+06
25.301 272000
25.401 1.8224e+06
25.501 0
25.601 1.7952e+06
25.701 1.7952e+06
25.801 0
25.901 1.8224e+06
26.001 1.2512e+06
26.101 598400
26.201 1.8768e+06
26.301 0
26.401 1.8496e+06
26.501 1.8496e+06
26.601 0
26.701 1.8768e+06
26.801 979200
26.901 924800
27.001 1.9312e+06
27.101 0
27.201 1.904e+06
27.301 1.9312e+06
27.401 0
27.501 1.9584e+06
27.601 680000
27.701 1.2784e+06
27.801 1.9856e+06
27.901 0
28.001 1.9584e+06
28.101 1.9856e+06
28.201 0
28.301 2.0128e+06
28.401 380800
28.501 1.6592e+06
28.601 2.0128e+06
28.701 0
28.801 2.0128e+06
28.901 2.04e+06
29.001 0
29.101 2.0672e+06
29.201 108800
29.301 1.9856e+06
29.401 2.0672e+06
29.501 0
29.601 2.0944e+06
29.701 2.1216e+06
29.801 0
29.901 2.1488e+06
30.001 0
30.101 2.1216e+06
30.201 2.1216e+06
30.301 0
30.401 2.1488e+06
30.501 2.176e+06
30.601 0
30.701 2.2032e+06
30.801 0
30.901 2.176e+06
31.001 2.2032e+06
31.101 0
31.201 2.2304e+06
31.301 2.2576e+06
31.401 0
31.501 2.2304e+06
31.601 0
31.701 2.2576e+06
31.801 2.2848e+06
31.901 0
32.001 2.312e+06
32.101 2.2848e+06
32.201 0
32.301 2.2848e+06
32.401 0
32.501 2.312e+06
32.601 2.3392e+06
32.701 0
32.801 2.3664e+06
32.901 2.2576e+06
33.001 81600
33.101 2.3392e+06
33.201 0
33.301 2.3664e+06
33.401 2.3936e+06
33.501 0
33.601 2.3936e+06
33.701 1.9856e+06
33.801 435200
33.901 2.3936e+06
34.001 0
34.101 2.4208e+06
34.201 2.448e+06
34.301 0
34.401 2.448e+06
34.501 1.6864e+06
34.601 788800
34.701 2.448e+06
34.801 0
34.901 2.4752e+06
35.001 2.5024e+06
35.101 0
35.201 2.5024e+06
35.301 1.3872e+06
35.401 1.1424e+06
35.501 2.5024e+06
35.601 0
35.701 2.5296e+06
35.801 2.5568e+06
35.901 0
36.001 2.5568e+06
36.101 1.088e+06
36.201 1.496e+06
36.301 2.5568e+06
36.401 0
36.501 2.584e+06
36.601 2.6112e+06
36.701 0
36.801 2.6384e+06
36.901 788800
37.001 1.8224e+06
37.101 2.6112e+06
37.201 0
37.301 2.6384e+06
37.401 2.6656e+06
37.501 0
37.601 2.6928e+06
37.701 516800
37.801 2.1488e+06
37.901 2.6928e+06
38.001 0
38.101 2.72e+06
38.201 2.72e+06
38.301 0
38.401 2.7472e+06
38.501 217600
38.601 2.5024e+06
38.701 2.7472e+06
38.801 0
38.901 2.7744e+06
39.001 2.8016e+06
39.101 0
39.201 2.7744e+06
39.301 0
39.401 2.8016e+06
39.501 2.8288e+06
39.601 0
39.701 2.8288e+06
39.801 2.856e+06
39.901 0
40.001 2.8288e+06
40.101 0
40.201 2.856e+06
40.301 2.8832e+06
40.401 0
40.501 2.9104e+06
40.601 2.8832e+06
40.701 0
40.801 2.9104e+06
40.901 0
41.001 2.9376e+06
41.101 2.9648e+06
41.201 0
41.301 2.9376e+06
41.401 2.6384e+06
41.501 326400
41.601 2.992e+06
41.701 0
41.801 3.0192e+06
41.901 2.992e+06
42.001 0
42.101 3.0192e+06
42.201 2.3664e+06
42.301 680000
42.401 3.0736e+06
42.501 0
42.601 3.0464e+06
42.701 3.0464e+06
42.801 0
42.901 3.0736e+06
43.001 2.0944e+06
43.101 1.0064e+06
43.201 3.1008e+06
43.301 0
43.401 3.128e+06
43.501 3.1008e+06
43.601 0
43.701 3.1008e+06
43.801 1.7952e+06
43.901 1.3328e+06
44.001 3.1552e+06
44.101 0
44.201 3.1552e+06
44.301 3.1824e+06
44.401 0
44.501 3.1552e+06
44.601 1.5232e+06
44.701 1.632e+06
44.801 3.1824e+06
44.901 0
45.001 3.2096e+06
45.101 3.2096e+06
45.201 0
45.301 3.2368e+06
45.401 1.224e+06
45.501 1.9856e+06
45.601 3.2096e+06
45.701 0
45.801 3.2368e+06
45.901 3.264e+06
46.001 0
46.101 3.264e+06
46.201 952000
46.301 2.3392e+06
46.401 3.264e+06
46.501 0
46.601 3.2912e+06
46.701 3.3184e+06
46.801 0
46.901 3.3184e+06
47.001 652800
47.101 2.6928e+06
47.201 3.3184e+06
47.301 0
47.401 3.3184e+06
47.501 3.3456e+06
47.601 0
47.701 3.3728e+06
47.801 380800
47.901 2.992e+06
48.001 3.4e+06
48.101 0
48.201 3.3728e+06
48.301 3.4e+06
48.401 0
48.501 3.4272e+06
48.601 81600
48.701 3.3456e+06
48.801 3.4544e+06
48.901 0
49.001 3.4272e+06
49.101 3.3456e+06
49.201 81600
49.301 3.4544e+06
49.401 0
49.501 3.4816e+06
49.601 3.4816e+06
49.701 0
49.801 3.5088e+06
49.901 3.0464e+06
50.001 435200
50.101 3.5088e+06
50.201 0
50.301 3.536e+06
50.401 3.536e+06
50.501 0
50.601 3.5632e+06
50.701 2.7472e+06
50.801 788800
50.901 3.5632e+06
51.001 0
51.101 3.5904e+06
51.201 3.5904e+06
51.301 0
51.401 3.6176e+06
51.501 2.448e+06
51.601 1.1424e+06
51.701 3.5904e+06
51.801 0
51.901 3.6176e+06
52.001 3.6448e+06
52.101 0
52.201 3.672e+06
52.301 2.176e+06
52.401 1.4688e+06
52.501 3.6448e+06
52.601 0
52.701 3.672e+06
52.801 3.6992e+06
52.901 0
53.001 3.7264e+06
53.101 1.904e+06
53.201 1.7952e+06
53.301 3.6992e+06
53.401 0
53.501 3.7264e+06
53.601 3.7536e+06
53.701 0
53.801 3.7808e+06
53.901 1.632e+06
54.001 2.1216e+06
54.101 3.7536e+06
54.201 0
54.301 3.7808e+06
54.401 3.808e+06
54.501 0
54.601 3.8352e+06
54.701 1.36e+06
54.801 2.448e+06
54.901 3.8352e+06
55.001 0
55.101 3.8624e+06
55.201 3.8624e+06
55.301 0
55.401 3.8896e+06
55.501 1.0608e+06
55.601 2.8016e+06
55.701 3.8896e+06
55.801 0
55.901 3.9168e+06
56.001 3.9168e+06
56.101 0
56.201 3.944e+06
56.301 761600
56.401 3.1552e+06
56.501 3.944e+06
56.601 0
56.701 3.9712e+06
56.801 3.9984e+06
56.901 0
57.001 3.9712e+06
57.101 489600
57.201 3.4816e+06
57.301 3.9984e+06
57.401 0
57.501 4.0256e+06
57.601 3.7808e+06
57.701 272000
57.801 4.0256e+06
57.901 217600
58.001 3.8352e+06
58.101 4.08e+06
58.201 0
58.301 4.08e+06
58.401 3.4816e+06
58.501 625600
58.601 4.08e+06
58.701 0
58.801 4.1072e+06
58.901 4.1344e+06
59.001 0
59.101 4.1616e+06
59.201 3.1824e+06
59.301 952000
59.401 4.1616e+06
59.501 0
59.601 4.1888e+06
59.701 4.216e+06
59.801 0
59.901 4.1888e+06
60.001 2.9104e+06
60.101 1.2784e+06
60.201 4.216e+06
60.301 0
60.401 4.2432e+06
60.501 4.2704e+06
60.601 0
60.701 4.2432e+06
60.801 2.6384e+06
60.901 1.632e+06
61.001 4.2976e+06
61.101 0
61.201 4.3248e+06
61.301 4.2976e+06
61.401 0
61.501 4.3248e+06
61.601 2.3664e+06
61.701 1.9856e+06
61.801 4.3792e+06
61.901 0
62.001 4.352e+06
62.101 4.352e+06
62.201 0
62.301 4.3792e+06
62.401 2.0944e+06
62.501 2.312e+06
62.601 4.4336e+06
62.701 0
62.801 4.4064e+06
62.901 4.4336e+06
63.001 0
63.101 4.4608e+06
63.201 1.7952e+06
63.301 2.6928e+06
63.401 4.4608e+06
63.501 0
63.601 4.488e+06
63.701 4.5152e+06
63.801 0
63.901 4.5424e+06
64.001 1.496e+06
64.101 3.0192e+06
64.201 4.5424e+06
64.301 0
64.401 4.5696e+06
64.501 4.5968e+06
64.601 0
64.701 4.5696e+06
64.801 1.224e+06
64.901 3.3728e+06
65.001 4.624e+06
65.101 0
65.201 4.624e+06
65.301 4.5152e+06
65.401 108800
65.501 4.6512e+06
65.601 897600
65.701 3.7264e+06
65.801 4.624e+06
65.901 0
66.001 4.624e+06
66.101 4.2432e+06
66.201 408000
66.301 4.6784e+06
66.401 680000
66.501 3.9984e+06
66.601 4.6784e+06
66.701 0
66.801 4.7056e+06
66.901 3.9168e+06
67.001 761600
67.101 4.6784e+06
67.201 380800
67.301 4.2976e+06
67.401 4.7056e+06
67.501 0
67.601 4.7328e+06
67.701 3.672e+06
67.801 1.0608e+06
67.901 4.7328e+06
68.001 81600
68.101 4.6784e+06
68.201 4.7328e+06
68.301 0
68.401 4.7328e+06
68.501 3.3728e+06
68.601 1.36e+06
68.701 4.76e+06
68.801 0
68.901 4.7872e+06
69.001 4.7872e+06
69.101 0
69.201 4.7872e+06
69.301 3.0736e+06
69.401 1.7408e+06
69.501 4.7872e+06
69.601 0
69.701 4.7872e+06
69.801 4.7872e+06
69.901 0
70.001 4.8144e+06
70.101 2.8288e+06
70.201 2.0128e+06
70.301 4.8416e+06
70.401 0
70.501 4.8688e+06
70.601 4.8416e+06
70.701 0
70.801 4.8416e+06
70.901 2.5296e+06
71.001 2.312e+06
71.101 4.8688e+06
71.201 0
71.301 4.896e+06
71.401 4.896e+06
71.501 0
71.601 4.896e+06
71.701 2.2304e+06
71.801 2.6928e+06
71.901 4.896e+06
72.001 0
72.101 4.896e+06
72.201 4.896e+06
72.301 0
72.401 4.9232e+06
72.501 1.9856e+06
72.601 2.9648e+06
72.701 4.9504e+06
72.801 0
72.901 4.9504e+06
73.001 4.9776e+06
73.101 0
73.201 4.9504e+06
73.301 1.6592e+06
73.401 3.2912e+06
73.501 4.9776e+06
73.601 0
73.701 5.0048e+06
73.801 4.9504e+06
73.901 54400
74.001 5.0048e+06
74.101 1.36e+06
74.201 3.672e+06
74.301 5.0048e+06
74.401 0
74.501 5.0048e+06
74.601 4.6512e+06
74.701 353600
74.801 5.032e+06
74.901 1.1152e+06
75.001 3.944e+06
75.101 5.0592e+06
75.201 0
75.301 5.0864e+06
75.401 4.352e+06
75.501 707200
75.601 5.0592e+06
75.701 816000
75.801 4.2432e+06
75.901 5.0864e+06
76.001 0
76.101 5.1136e+06
76.201 4.1072e+06
76.301 1.0064e+06
76.401 5.1136e+06
76.501 516800
76.601 4.624e+06
76.701 5.1136e+06
76.801 0
76.901 5.1136e+06
77.001 3.808e+06
77.101 1.3328e+06
77.201 5.168e+06
77.301 244800
77.401 4.9232e+06
77.501 5.168e+06
77.601 0
77.701 5.1952e+06
77.801 3.4816e+06
77.901 1.6864e+06
78.001 5.168e+06
78.101 0
78.201 5.1952e+06
78.301 5.2224e+06
78.401 0
78.501 5.2224e+06
78.601 3.2096e+06
78.701 2.0128e+06
78.801 5.2496e+06
78.901 0
79.001 5.2224e+06
79.101 5.2224e+06
79.201 0
79.301 5.2496e+06
79.401 2.9376e+06
79.501 2.3392e+06
79.601 5.2768e+06
79.701 0
79.801 5.2768e+06
79.901 5.304e+06
80.001 0
80.101 5.2768e+06
80.201 2.6112e+06
80.301 2.6656e+06
80.401 5.304e+06
80.501 0
80.601 5.3312e+06
80.701 5.3312e+06
80.801 0
80.901 5.3312e+06
81.001 2.312e+06
81.101 3.0464e+06
81.201 5.3312e+06
81.301 0
81.401 5.3312e+06
81.501 5.3584e+06
81.601 0
81.701 5.3856e+06
81.801 2.04e+06
81.901 3.3456e+06
82.001 5.3856e+06
82.101 0
82.201 5.4128e+06
82.301 5.2768e+06
82.401 108800
82.501 5.3856e+06
82.601 1.7408e+06
82.701 3.672e+06
82.801 5.44e+06
82.901 0
83.001 5.44e+06
83.101 5.0048e+06
83.201 435200
83.301 5.4672e+06
83.401 1.4144e+06
83.501 4.0256e+06
83.601 5.44e+06
83.701 0
83.801 5.4672e+06
83.901 4.7328e+06
84.001 761600
84.101 5.4944e+06
84.201 1.1424e+06
84.301 4.3792e+06
84.401 5.4944e+06
84.501 0
84.601 5.4944e+06
84.701 4.4336e+06
84.801 1.0608e+06
84.901 5.5216e+06
85.001 897600
85.101 4.6512e+06
85.201 5.5488e+06
85.301 0
85.401 5.576e+06
85.501 4.1344e+06
85.601 1.4144e+06
85.701 5.5488e+06
85.801 598400
85.901 4.9504e+06
86.001 5.576e+06
86.101 0
86.201 5.6032e+06
86.301 3.9168e+06
86.401 1.6864e+06
86.501 5.6304e+06
86.601 299200
86.701 5.304e+06
86.801 5.6032e+06
86.901 0
87.001 5.6304e+06
87.101 3.6448e+06
87.201 2.0128e+06
87.301 5.6576e+06
87.401 27200
87.501 5.6576e+06
87.601 5.6576e+06
87.701 0
87.801 5.6576e+06
87.901 3.3456e+06
88.001 2.312e+06
88.101 5.6848e+06
88.201 0
88.301 5.712e+06
88.401 5.712e+06
88.501 0
88.601 5.7392e+06
88.701 3.0464e+06
88.801 2.6656e+06
88.901 5.712e+06
89.001 0
89.101 5.7392e+06
89.201 5.7664e+06
89.301 0
89.401 5.7664e+06
89.501 2.7744e+06
89.601 3.0192e+06
89.701 5.7664e+06
89.801 0
89.901 5.7664e+06
90.001 5.7664e+06
90.101 0
90.201 5.7936e+06
90.301 2.5296e+06
90.401 3.2912e+06
90.501 5.8208e+06
90.601 0
90.701 5.848e+06
90.801 5.7664e+06
90.901 54400
91.001 5.8208e+06
91.101 2.2304e+06
91.201 3.6176e+06
91.301 5.8752e+06
91.401 0
91.501 5.8752e+06
91.601 5.4944e+06
91.701 408000
91.801 5.8752e+06
91.901 1.9312e+06
92.001 3.944e+06
92.101 5.9024e+06
92.201 0
92.301 5.9296e+06
92.401 5.2224e+06
92.501 707200
92.601 5.9568e+06
92.701 1.632e+06
92.801 4.2976e+06
92.901 5.9296e+06
93.001 0
93.101 5.9568e+06
93.201 4.9504e+06
93.301 1.0336e+06
93.401 5.984e+06
93.501 1.36e+06
93.601 4.624e+06
93.701 6.0112e+06
93.801 0
93.901 5.984e+06
94.001 4.624e+06
94.101 1.36e+06
94.201 6.0112e+06
94.301 1.088e+06
94.401 4.9504e+06
94.501 6.0384e+06
94.601 0
94.701 6.0656e+06
94.801 4.3248e+06
94.901 1.7136e+06
95.001 6.0384e+06
95.101 788800
95.201 5.2768e+06
95.301 6.0928e+06
95.401 0
95.501 6.0928e+06
95.601 4.0528e+06
95.701 2.0672e+06
95.801 6.0928e+06
95.901 489600
96.001 5.6032e+06
96.101 6.12e+06
96.201 0
96.301 6.1472e+06
96.401 3.7808e+06
96.501 2.3664e+06
96.601 6.1744e+06
96.701 190400
96.801 5.9568e+06
96.901 6.1472e+06
97.001 0
97.101 6.1744e+06
97.201 3.5088e+06
97.301 2.6928e+06
97.401 6.2016e+06
97.501 0
97.601 6.2288e+06
97.701 6.2016e+06
97.801 0
97.901 6.2016e+06
98.001 3.2096e+06
98.101 3.0192e+06
98.201 6.256e+06
98.301 0
98.401 6.256e+06
98.501 6.2832e+06
98.601 0
98.701 6.256e+06
98.801 2.9104e+06
98.901 3.3456e+06
99.001 6.2832e+06
99.101 0
99.201 6.3104e+06
99.301 6.2016e+06
99.401 108800
99.501 6.3376e+06
99.601 2.6112e+06
99.701 3.6992e+06
99.801 6.3104e+06
99.901 0
100.001 6.3376e+06
100.101 5.9296e+06
100.201 435200
100.301 6.3648e+06
100.401 2.3392e+06
100.501 4.0528e+06
100.601 6.3648e+06
100.701 0
100.801 6.392e+06
100.901 5.6304e+06
101.001 788800
101.101 6.4192e+06
101.201 2.04e+06
101.301 4.4064e+06
101.401 6.4192e+06
101.501 0
101.601 6.4192e+06
101.701 5.3312e+06
101.801 1.1152e+06
101.901 6.4736e+06
102.001 1.768e+06
102.101 4.7056e+06
102.201 6.5008e+06
102.301 0
102.401 6.4736e+06
102.501 5.032e+06
102.601 1.4416e+06
102.701 6.5008e+06
102.801 1.496e+06
102.901 5.032e+06
103.001 6.528e+06
103.101 0
103.201 6.5552e+06
103.301 4.7328e+06
103.401 1.7952e+06
103.501 6.528e+06
103.601 1.1968e+06
103.701 5.3584e+06
103.801 6.5824e+06
103.901 0
104.001 6.6096e+06
104.101 4.4608e+06
104.201 2.1216e+06
104.301 6.5824e+06
104.401 924800
104.501 5.6848e+06
104.601 6.6368e+06
104.701 0
104.801 6.6368e+06
104.901 4.1888e+06
105.001 2.4752e+06
105.101 6.6368e+06
105.201 625600
105.301 6.0112e+06
105.401 6.664e+06
105.501 0
105.601 6.6912e+06
105.701 3.9168e+06
105.801 2.7744e+06
105.901 6.7184e+06
106.001 326400
106.101 6.3648e+06
106.201 6.7184e+06
106.301 0
106.401 6.7456e+06
106.501 3.6176e+06
106.601 3.128e+06
106.701 6.7728e+06
106.801 27200
106.901 6.7184e+06
107.001 6.7456e+06
107.101 0
107.201 6.7728e+06
107.301 3.3456e+06
107.401 3.4544e+06
107.501 6.8e+06
107.601 0
107.701 6.8272e+06
107.801 6.6096e+06
107.901 190400
108.001 6.8272e+06
108.101 3.0464e+06
108.201 3.808e+06
108.301 6.8544e+06
108.401 0
108.501 6.8816e+06
108.601 6.3104e+06
108.701 544000
108.801 6.8544e+06
108.901 2.7744e+06
109.001 4.1072e+06
109.101 6.9088e+06
109.201 0
109.301 6.936e+06
109.401 6.0384e+06
109.501 870400
109.601 6.9088e+06
109.701 2.5024e+06
109.801 4.4336e+06
109.901 6.9632e+06
110.001 0
110.101 6.9632e+06
110.201 5.7664e+06
110.301 1.224e+06
110.401 6.9632e+06
110.501 2.2032e+06
110.601 4.7872e+06
110.701 7.0176e+06
110.801 0
110.901 7.0176e+06
111.001 5.4672e+06
111.101 1.5776e+06
111.201 7.0176e+06
111.301 1.904e+06
111.401 5.1136e+06
111.501 7.0448e+06
111.601 0
111.701 7.072e+06
111.801 5.1952e+06
111.901 1.904e+06
112.001 7.072e+06
112.101 1.632e+06
112.201 5.44e+06
112.301 7.0992e+06
112.401 0
112.501 7.1264e+06
112.601 4.9232e+06
112.701 2.2304e+06
112.801 7.1264e+06
112.901 1.36e+06
113.001 5.7664e+06
113.101 7.1536e+06
113.201 0
113.301 7.1808e+06
113.401 4.6512e+06
113.501 2.5296e+06
113.601 7.208e+06
113.701 1.0608e+06
113.801 6.12e+06
113.901 7.208e+06
114.001 0
114.101 7.2352e+06
114.201 4.352e+06
114.301 2.8832e+06
114.401 7.2624e+06
114.501 761600
114.601 6.4736e+06
114.701 7.2624e+06
114.801 0
114.901 7.2896e+06
115.001 4.0528e+06
115.101 3.2368e+06
115.201 7.3168e+06
115.301 462400
115.401 6.8272e+06
115.501 7.3168e+06
115.601 0
115.701 7.344e+06
115.801 3.7536e+06
115.901 3.5904e+06
116.001 7.3712e+06
116.101 163200
116.201 7.1808e+06
116.301 7.0176e+06
116.401 353600
116.501 7.3984e+06
116.601 3.4544e+06
116.701 3.944e+06
116.801 7.4256e+06
116.901 0
117.001 7.3984e+06
117.101 6.7184e+06
117.201 707200
117.301 7.4528e+06
117.401 3.1552e+06
117.501 4.2976e+06
117.601 7.48e+06
117.701 0
117.801 7.4528e+06
117.901 6.4192e+06
118.001 1.0608e+06
118.101 7.5072e+06
118.201 2.856e+06
118.301 4.6512e+06
118.401 7.5344e+06
118.501 0
118.601 7.5072e+06
118.701 6.12e+06
118.801 1.4144e+06
118.901 7.5616e+06
119.001 2.5568e+06
119.101 5.0048e+06
119.201 7.5888e+06
119.301 0
119.401 7.5616e+06
119.501 5.8208e+06
119.601 1.768e+06
119.701 7.616e+06
119.801 2.2576e+06
119.901 5.3584e+06
120.001 7.6432e+06
120.101 0
120.201 7.616e+06
120.301 5.5216e+06
120.401 2.1216e+06
120.501 7.6704e+06
120.601 1.9584e+06
120.701 5.712e+06
120.801 7.6976e+06
120.901 0
121.001 7.6704e+06
121.101 5.2224e+06
121.201 2.4752e+06
121.301 7.7248e+06
121.401 1.6592e+06
121.501 6.0928e+06
121.601 7.7248e+06
121.701 0
121.801 7.7248e+06
121.901 4.9504e+06
122.001 2.8016e+06
122.101 7.7792e+06
122.201 1.3872e+06
122.301 6.4192e+06
122.401 7.7792e+06
122.501 0
122.601 7.8064e+06
122.701 4.6784e+06
122.801 3.1552e+06
122.901 7.8336e+06
123.001 1.088e+06
123.101 6.7728e+06
123.201 7.8336e+06
123.301 0
123.401 7.8608e+06
123.501 4.3792e+06
123.601 3.5088e+06
123.701 7.888e+06
123.801 788800
123.901 7.1264e+06
124.001 7.616e+06
124.101 272000
124.201 7.9152e+06
124.301 4.08e+06
124.401 3.8624e+06
124.501 7.9696e+06
124.601 489600
124.701 7.4528e+06
124.801 7.344e+06
124.901 598400
125.001 7.9696e+06
125.101 3.808e+06
125.201 4.1888e+06
125.301 8.024e+06
125.401 217600
125.501 7.7792e+06
125.601 7.072e+06
125.701 952000
125.801 8.0512e+06
125.901 3.5088e+06
126.001 4.5696e+06
126.101 8.0512e+06
126.201 0
126.301 8.0512e+06
126.401 6.8e+06
126.501 1.2784e+06
126.601 8.1056e+06
126.701 3.2368e+06
126.801 4.896e+06
126.901 8.1056e+06
127.001 0
127.101 8.1328e+06
127.201 6.528e+06
127.301 1.632e+06
127.401 8.16e+06
127.501 2.9376e+06
127.601 5.2496e+06
127.701 8.16e+06
127.801 0
127.901 8.1872e+06
128.001 6.2288e+06
128.101 1.9856e+06
128.201 8.2416e+06
128.301 2.6384e+06
128.401 5.576e+06
128.501 8.2416e+06
128.601 0
128.701 8.2688e+06
128.801 5.9568e+06
128.901 2.312e+06
129.001 8.296e+06
129.101 2.3392e+06
129.201 5.9296e+06
129.301 8.296e+06
129.401 0
129.501 8.3232e+06
129.601 5.6576e+06
129.701 2.6928e+06
129.801 8.3232e+06
129.901 2.0672e+06
130.001 6.2832e+06
130.101 8.3776e+06
130.201 0
130.301 8.3776e+06
130.401 5.3584e+06
130.501 3.0464e+06
130.601 8.3776e+06
130.701 1.768e+06
130.801 6.6368e+06
130.901 8.432e+06
131.001 0
131.101 8.4592e+06
131.201 5.0592e+06
131.301 3.3728e+06
131.401 8.4592e+06
131.501 1.5232e+06
131.601 6.9632e+06
131.701 8.3504e+06
131.801 163200
131.901 8.4864e+06
132.001 4.7872e+06
132.101 3.7264e+06
132.201 8.5408e+06
132.301 1.224e+06
132.401 7.3168e+06
132.501 8.0512e+06
132.601 516800
132.701 8.5408e+06
132.801 4.488e+06
132.901 4.08e+06
133.001 8.5952e+06
133.101 924800
133.201 7.6976e+06
133.301 7.752e+06
133.401 843200
133.501 8.6224e+06
133.601 4.216e+06
133.701 4.4336e+06
133.801 8.6768e+06
133.901 625600
134.001 8.024e+06
134.101 7.48e+06
134.201 1.1968e+06
134.301 8.704e+06
134.401 3.9168e+06
134.501 4.7872e+06
134.601 8.7312e+06
134.701 326400
134.801 8.3776e+06
134.901 7.1808e+06
135.001 1.5504e+06
135.101 8.7584e+06
135.201 3.6176e+06
135.301 5.168e+06
135.401 8.7584e+06
135.501 54400
135.601 8.7312e+06
135.701 6.9088e+06
135.801 1.904e+06
135.901 8.84e+06
136.001 3.3184e+06
136.101 5.4944e+06
136.201 8.84e+06
136.301 0
136.401 8.8672e+06
136.501 6.6096e+06
136.601 2.2848e+06
136.701 8.8672e+06
136.801 3.0464e+06
136.901 5.848e+06
137.001 8.9216e+06
137.101 0
137.201 8.9488e+06
137.301 6.3104e+06
137.401 2.6112e+06
137.501 8.9488e+06
137.601 2.7744e+06
137.701 6.2016e+06
137.801 9.0032e+06
137.901 0
138.001 8.976e+06
138.101 6.0384e+06
138.201 2.9376e+06
138.301 9.0032e+06
138.401 2.5024e+06
138.501 6.528e+06
138.601 9.0576e+06
138.701 0
138.801 9.0304e+06
138.901 5.7664e+06
139.001 3.2912e+06
139.101 9.0848e+06
139.201 2.2032e+06
139.301 6.9088e+06
139.401 9.0304e+06
139.501 54400
139.601 9.112e+06
139.701 5.4944e+06
139.801 3.6448e+06
139.901 9.1664e+06
140.001 1.904e+06
140.101 7.2352e+06
140.201 8.7584e+06
140.301 408000
140.401 9.1936e+06
140.501 5.1952e+06
140.601 4.0256e+06
140.701 9.1936e+06
140.801 1.632e+06
140.901 7.5888e+06
141.001 8.4864e+06
141.101 761600
141.201 9.2752e+06
141.301 4.896e+06
141.401 4.352e+06
141.501 9.2752e+06
141.601 1.36e+06
141.701 7.9424e+06
141.801 8.1872e+06
141.901 1.1424e+06
142.001 9.3024e+06
142.101 4.624e+06
142.201 4.7056e+06
142.301 9.3568e+06
142.401 1.0608e+06
142.501 8.3232e+06
142.601 7.888e+06
142.701 1.4688e+06
142.801 9.384e+06
142.901 4.352e+06
143.001 5.0592e+06
143.101 9.4384e+06
143.201 761600
143.301 8.6496e+06
143.401 7.616e+06
143.501 1.8224e+06
143.601 9.4656e+06
143.701 4.0528e+06
143.801 5.44e+06
143.901 9.4656e+06
144.001 489600
144.101 9.0032e+06
144.201 7.344e+06
144.301 2.176e+06
144.401 9.5472e+06
144.501 3.7536e+06
144.601 5.7936e+06
144.701 9.5744e+06
144.801 190400
144.901 9.4112e+06
145.001 7.0176e+06
145.101 2.5568e+06
145.201 9.6016e+06
145.301 3.4816e+06
145.401 6.1472e+06
145.501 9.656e+06
145.601 0
145.701 9.6288e+06
145.801 6.7456e+06
145.901 2.9104e+06
146.001 9.6832e+06
146.101 3.1824e+06
146.201 6.528e+06
146.301 9.6832e+06
146.401 0
146.501 9.7104e+06
146.601 6.4736e+06
146.701 3.264e+06
146.801 9.7648e+06
146.901 2.8832e+06
147.001 6.8544e+06
147.101 9.7376e+06
147.201 27200
147.301 9.792e+06
147.401 6.1744e+06
147.501 3.6448e+06
147.601 9.792e+06
147.701 2.6112e+06
147.801 7.208e+06
147.901 9.4928e+06
148.001 380800
148.101 9.8464e+06
148.201 5.9024e+06
148.301 3.9712e+06
148.401 9.9008e+06
148.501 2.3392e+06
148.601 7.5888e+06
148.701 9.1936e+06
148.801 707200
148.901 9.928e+06
149.001 5.6304e+06
149.101 4.3248e+06
149.201 9.9824e+06
149.301 2.04e+06
149.401 7.9152e+06
149.501 8.9216e+06
149.601 1.0608e+06
149.701 1.00096e+07
149.801 5.3312e+06
149.901 4.7056e+06
150.001 1.00368e+07
150.101 1.768e+06
150.201 8.296e+06
150.301 8.6224e+06
150.401 1.4688e+06
150.501 1.0064e+07
150.601 5.032e+06
150.701 5.0592e+06
150.801 1.01184e+07
150.901 1.4688e+06
151.001 8.6768e+06
151.101 8.3232e+06
151.201 1.7952e+06
151.301 1.01456e+07
151.401 4.7872e+06
151.501 5.3856e+06
151.601 1.02e+07
151.701 1.1696e+06
151.801 9.0304e+06
151.901 8.0512e+06
152.001 2.176e+06
152.101 1.02544e+07
152.201 4.4608e+06
152.301 5.7664e+06
152.401 1.02544e+07
152.501 897600
152.601 9.384e+06
152.701 7.752e+06
152.801 2.5568e+06
152.901 1.02816e+07
153.001 4.1888e+06
153.101 6.12e+06
153.201 1.03632e+07
153.301 598400
153.401 9.7376e+06
153.501 7.48e+06
153.601 2.8832e+06
153.701 1.03904e+07
153.801 3.9168e+06
153.901 6.5008e+06
154.001 1.03904e+07
154.101 353600
154.201 1.0064e+07
154.301 7.208e+06
154.401 3.2368e+06
154.501 1.0472e+07
154.601 3.6176e+06
154.701 6.8544e+06
154.801 1.0472e+07
154.901 81600
155.001 1.0472e+07
155.101 6.8816e+06
155.201 3.6176e+06
155.301 1.05264e+07
155.401 3.3456e+06
155.501 7.208e+06
155.601 1.01728e+07
155.701 408000
155.801 1.05808e+07
155.901 6.6096e+06
156.001 3.9984e+06
156.101 1.06352e+07
156.201 3.0192e+06
156.301 7.5888e+06
156.401 9.8736e+06
156.501 761600
156.601 1.06624e+07
156.701 6.3104e+06
156.801 4.3792e+06
156.901 1.06896e+07
157.001 2.7472e+06
157.101 7.9696e+06
157.201 9.5744e+06
157.301 1.1696e+06
157.401 1.07168e+07
157.501 6.0112e+06
157.601 4.7328e+06
157.701 1.07712e+07
157.801 2.448e+06
157.901 8.3504e+06
158.001 9.2752e+06
158.101 1.5232e+06
158.201 1.08256e+07
158.301 5.712e+06
158.401 5.1408e+06
158.501 1.08256e+07
158.601 2.1488e+06
158.701 8.704e+06
158.801 9.0032e+06
158.901 1.904e+06
159.001 1.088e+07
159.101 5.44e+06
159.201 5.4672e+06
159.301 1.09344e+07
159.401 1.8768e+06
159.501 9.0848e+06
159.601 8.704e+06
159.701 2.2576e+06
159.801 1.09888e+07
159.901 5.1408e+06
160.001 5.8752e+06
160.101 1.09888e+07
160.201 1.5776e+06
160.301 9.4384e+06
160.401 8.432e+06
160.501 2.6112e+06
160.601 1.10704e+07
160.701 4.8416e+06
160.801 6.2288e+06
160.901 1.10976e+07
161.001 1.2784e+06
161.101 9.8464e+06
161.201 8.1056e+06
161.301 2.992e+06
161.401 1.11248e+07
161.501 4.5696e+06
161.601 6.6096e+06
161.701 1.1152e+07
161.801 1.0064e+06
161.901 1.01728e+07
162.001 7.8608e+06
162.101 3.3728e+06
162.201 1.12064e+07
162.301 4.2976e+06
162.401 6.936e+06
162.501 1.1152e+07
162.601 843200
162.701 1.05536e+07
162.801 7.5616e+06
162.901 3.7264e+06
163.001 1.13152e+07
163.101 3.9984e+06
163.201 7.344e+06
163.301 1.08256e+07
163.401 924800
163.501 1.09072e+07
163.601 7.2896e+06
163.701 4.1072e+06
163.801 1.13696e+07
163.901 3.7264e+06
164.001 7.6704e+06
164.101 1.05808e+07
164.201 1.0064e+06
164.301 1.1288e+07
164.401 6.9904e+06
164.501 4.4608e+06
164.601 1.14784e+07
164.701 3.4272e+06
164.801 8.0784e+06
164.901 1.02544e+07
165.001 1.2512e+06
165.101 1.15328e+07
165.201 6.6912e+06
165.301 4.8688e+06
165.401 1.15328e+07
165.501 3.128e+06
165.601 8.432e+06
165.701 9.9824e+06
165.801 1.632e+06
165.901 1.15872e+07
166.001 6.4192e+06
166.101 5.1952e+06
166.201 1.16688e+07
166.301 2.856e+06
166.401 8.7856e+06
166.501 9.7104e+06
166.601 1.9584e+06
166.701 1.1696e+07
166.801 6.1472e+06
166.901 5.576e+06
167.001 1.17232e+07
167.101 2.584e+06
167.201 9.1664e+06
167.301 9.4112e+06
167.401 2.3664e+06
167.501 1.17776e+07
167.601 5.848e+06
167.701 5.9568e+06
167.801 1.1832e+07
167.901 2.2576e+06
168.001 9.5744e+06
168.101 9.112e+06
168.201 2.7472e+06
168.301 1.18864e+07
168.401 5.5216e+06
168.501 6.3376e+06
168.601 1.18864e+07
168.701 1.9856e+06
168.801 9.9552e+06
168.901 8.8128e+06
169.001 3.1008e+06
169.101 1.19408e+07
169.201 5.2768e+06
169.301 6.7184e+06
169.401 1.1968e+07
169.501 1.7136e+06
169.601 1.02816e+07
169.701 8.568e+06
169.801 3.4816e+06
169.901 1.20224e+07
170.001 5.0048e+06
170.101 7.0448e+06
170.201 1.18864e+07
170.301 1.6592e+06
170.401 1.06352e+07
170.501 8.3232e+06
170.601 3.7808e+06
170.701 1.21584e+07
170.801 4.7328e+06
170.901 7.3984e+06
171.001 1.16144e+07
171.101 1.7408e+06
171.201 1.09888e+07
171.301 8.0512e+06
171.401 4.1616e+06
171.501 1.22128e+07
171.601 4.4608e+06
171.701 7.7792e+06
171.801 1.13152e+07
171.901 1.8224e+06
172.001 1.13968e+07
172.101 7.752e+06
172.201 4.5424e+06
172.301 1.23216e+07
172.401 4.1344e+06
172.501 8.1872e+06
172.601 1.1016e+07
172.701 1.904e+06
172.801 1.18048e+07
172.901 7.4256e+06
173.001 4.9504e+06
173.101 1.24032e+07
173.201 3.8352e+06
173.301 8.5952e+06
173.401 1.06896e+07
173.501 2.0128e+06
173.601 1.21856e+07
173.701 7.1264e+06
173.801 5.3584e+06
173.901 1.24848e+07
174.001 3.5632e+06
174.101 8.976e+06
174.201 1.03904e+07
174.301 2.1216e+06
174.401 1.25392e+07
174.501 6.8544e+06
174.601 5.7392e+06
174.701 1.25664e+07
174.801 3.2912e+06
174.901 9.3024e+06
175.001 1.01456e+07
175.101 2.5024e+06
175.201 1.26208e+07
175.301 6.5824e+06
175.401 6.0656e+06
175.501 1.27024e+07
175.601 3.0192e+06
175.701 9.656e+06
175.801 9.8736e+06
175.901 2.8288e+06
176.001 1.27568e+07
176.101 6.3104e+06
176.201 6.4192e+06
176.301 1.27568e+07
176.401 2.7744e+06
176.501 1.00368e+07
176.601 9.6016e+06
176.701 3.1824e+06
176.801 1.28112e+07
176.901 6.0656e+06
177.001 6.8e+06
177.101 1.28656e+07
177.201 2.5024e+06
177.301 1.03904e+07
177.401 9.3296e+06
177.501 3.5904e+06
177.601 1.292e+07
177.701 5.7664e+06
177.801 7.1808e+06
177.901 1.25936e+07
178.001 2.5568e+06
178.101 1.07984e+07
178.201 9.0304e+06
178.301 3.9712e+06
178.401 1.30288e+07
178.501 5.44e+06
178.601 7.5888e+06
178.701 1.22944e+07
178.801 2.6656e+06
178.901 1.11792e+07
179.001 8.7312e+06
179.101 4.352e+06
179.201 1.31376e+07
179.301 5.168e+06
179.401 7.9424e+06
179.501 1.20224e+07
179.601 2.7472e+06
179.701 1.156e+07
179.801 8.4592e+06
179.901 4.7056e+06
180.001 1.3192e+07
180.101 4.9232e+06
180.201 8.3232e+06
180.301 1.17504e+07
180.401 2.856e+06
180.501 1.19136e+07
180.601 8.1872e+06
180.701 5.1136e+06
180.801 1.33008e+07
180.901 4.624e+06
181.001 8.7312e+06
181.101 1.14512e+07
181.201 2.9376e+06
181.301 1.22944e+07
181.401 7.9152e+06
181.501 5.4944e+06
181.601 1.33824e+07
181.701 4.352e+06
181.801 9.0576e+06
181.901 1.12064e+07
182.001 3.0464e+06
182.101 1.26752e+07
182.201 7.6432e+06
182.301 5.848e+06
182.401 1.35184e+07
182.501 4.0528e+06
182.601 9.4656e+06
182.701 1.09072e+07
182.801 3.128e+06
182.901 1.30832e+07
183.001 7.3168e+06
183.101 6.256e+06
183.201 1.36272e+07
183.301 3.7536e+06
183.401 9.8464e+06
183.501 1.0608e+07
183.601 3.2368e+06
183.701 1.3464e+07
183.801 7.0448e+06
183.901 6.6368e+06
184.001 1.37088e+07
184.101 3.4816e+06
184.201 1.02544e+07
184.301 1.03088e+07
184.401 3.4272e+06
184.501 1.37904e+07
184.601 6.7456e+06
184.701 7.0176e+06
184.801 1.36e+07
184.901 3.4e+06
185.001 1.06352e+07
185.101 1.00368e+07
185.201 3.808e+06
185.301 1.3872e+07
185.401 6.4736e+06
185.501 7.4256e+06
185.601 1.33008e+07
185.701 3.5088e+06
185.801 1.10432e+07
185.901 9.7376e+06
186.001 4.1888e+06
186.101 1.39536e+07
186.201 6.2016e+06
186.301 7.8064e+06
186.401 1.30288e+07
186.501 3.6176e+06
186.601 1.13968e+07
186.701 9.4656e+06
186.801 4.5968e+06
186.901 1.40624e+07
187.001 5.9024e+06
187.101 8.2144e+06
187.201 1.27296e+07
187.301 3.6992e+06
187.401 1.17776e+07
187.501 9.1936e+06
187.601 4.9776e+06
187.701 1.41712e+07
187.801 5.6304e+06
187.901 8.568e+06
188.001 1.24576e+07
188.101 3.808e+06
188.201 1.21856e+07
188.301 8.8944e+06
188.401 5.3856e+06
188.501 1.428e+07
188.601 5.3312e+06
188.701 8.976e+06
188.801 1.21584e+07
188.901 3.9168e+06
189.001 1.25936e+07
189.101 8.5952e+06
189.201 5.7936e+06
189.301 1.43616e+07
189.401 5.032e+06
189.501 9.3568e+06
189.601 1.18864e+07
189.701 4.0256e+06
189.801 1.29744e+07
189.901 8.3232e+06
190.001 6.1744e+06
190.101 1.44704e+07
190.201 4.76e+06
190.301 9.7376e+06
190.401 1.16416e+07
190.501 4.1072e+06
190.601 1.33552e+07
190.701 8.0512e+06
190.801 6.528e+06
190.901 1.46064e+07
191.001 4.4608e+06
191.101 1.01456e+07
191.201 1.13424e+07
191.301 4.216e+06
191.401 1.37632e+07
191.501 7.752e+06
191.601 6.936e+06
191.701 1.46064e+07
191.801 4.2704e+06
191.901 1.05536e+07
192.001 1.10432e+07
192.101 4.3248e+06
192.201 1.41712e+07
192.301 7.4528e+06
192.401 7.344e+06
192.501 1.43072e+07
192.601 4.3792e+06
192.701 1.09616e+07
192.801 1.0744e+07
192.901 4.4336e+06
193.001 1.45792e+07
193.101 7.1808e+06
193.201 7.7248e+06
193.301 1.4008e+07
193.401 4.488e+06
193.501 1.13696e+07
193.601 1.04448e+07
193.701 4.5424e+06
193.801 1.49872e+07
193.901 6.8816e+06
194.001 8.1328e+06
194.101 1.37088e+07
194.201 4.5968e+06
194.301 1.17776e+07
194.401 1.01456e+07
194.501 4.9504e+06
194.601 1.5096e+07
194.701 6.5824e+06
194.801 8.568e+06
194.901 1.34096e+07
195.001 4.7056e+06
195.101 1.21584e+07
195.201 9.8736e+06
195.301 5.3312e+06
195.401 1.52048e+07
195.501 6.3104e+06
195.601 8.9488e+06
195.701 1.31376e+07
195.801 4.8416e+06
195.901 1.2512e+07
196.001 9.6016e+06
196.101 5.712e+06
196.201 1.53136e+07
196.301 6.0384e+06
196.401 9.3296e+06
196.501 1.28656e+07
196.601 4.9776e+06
196.701 1.292e+07
196.801 9.3024e+06
196.901 6.12e+06
197.001 1.54224e+07
197.101 5.7392e+06
197.201 9.7376e+06
197.301 1.25664e+07
197.401 5.0864e+06
197.501 1.33552e+07
197.601 9.0032e+06
197.701 6.5008e+06
197.801 1.55312e+07
197.901 5.4672e+06
198.001 1.01184e+07
198.101 1.22944e+07
198.201 5.1952e+06
198.301 1.3736e+07
198.401 8.7312e+06
198.501 6.9088e+06
198.601 1.55856e+07
198.701 5.2496e+06
198.801 6.9632e+06
198.901 0
199.001 0
199.101 0
199.201 0
199.301 0
199.401 0
199.501 0
199.601 0
199.701 0
199.801 0
199.901 0
200.001 0
