0.001 0
0.101 0
0.201 1.39383e+06
0.301 3.41581e+06
0.401 4.93127e+06
0.501 6.44982e+06
0.601 8.22789e+06
0.701 9.09124e+06
0.801 7.95625e+06
0.901 8.99321e+06
1.001 8.58933e+06
1.101 7.8166e+06
1.201 7.17935e+06
1.301 6.63379e+06
1.401 6.16611e+06
1.501 5.76075e+06
1.601 5.41112e+06
1.701 5.0978e+06
1.801 4.81928e+06
1.901 4.57006e+06
2.001 4.34983e+06
2.101 4.14667e+06
2.201 3.96198e+06
2.301 3.79334e+06
2.401 3.64555e+06
2.501 3.50631e+06
2.601 3.37778e+06
2.701 3.25876e+06
2.801 3.15407e+06
2.901 3.05098e+06
3.001 2.95475e+06
3.101 2.86736e+06
3.201 2.79308e+06
3.301 2.71588e+06
3.401 2.64322e+06
3.501 2.57472e+06
3.601 2.51681e+06
3.701 2.45542e+06
3.801 2.39941e+06
3.901 2.34627e+06
4.001 2.30394e+06
4.101 2.25572e+06
4.201 2.2098e+06
4.301 2.16601e+06
4.401 2.13162e+06
4.501 2.09333e+06
4.601 2.0567e+06
4.701 2.02163e+06
4.801 1.99652e+06
4.901 1.96411e+06
5.001 1.93299e+06
5.101 1.90309e+06
5.201 1.87905e+06
5.301 1.85951e+06
5.401 1.83314e+06
5.501 1.80773e+06
5.601 1.78322e+06
5.701 1.76864e+06
5.801 1.74706e+06
5.901 1.72575e+06
6.001 1.70561e+06
6.101 1.69593e+06
6.201 1.67736e+06
6.301 1.65937e+06
6.401 1.64237e+06
6.501 1.63593e+06
6.601 1.62022e+06
6.701 1.60537e+06
6.801 1.59137e+06
6.901 1.58762e+06
7.001 1.57466e+06
7.101 1.56244e+06
7.201 1.55094e+06
7.301 1.54907e+06
7.401 1.53806e+06
7.501 1.52771e+06
7.601 1.51799e+06
7.701 1.51841e+06
7.801 1.50941e+06
7.901 1.50097e+06
8.001 1.49241e+06
8.101 1.49514e+06
8.201 1.48753e+06
8.301 1.48042e+06
8.401 1.47316e+06
8.501 1.47727e+06
8.601 1.47116e+06
8.701 1.46488e+06
8.801 1.45905e+06
8.901 1.46375e+06
9.001 1.45957e+06
9.101 1.45459e+06
9.201 1.45002e+06
9.301 1.45227e+06
9.401 1.45244e+06
9.501 1.44832e+06
9.601 1.44457e+06
9.701 1.44594e+06
9.801 1.44895e+06
9.901 1.44585e+06
10.001 1.44309e+06
10.101 1.442e+06
10.201 1.44866e+06
10.301 1.44621e+06
10.401 1.44408e+06
10.501 1.44172e+06
10.601 1.45147e+06
10.701 1.44985e+06
10.801 1.44801e+06
10.901 1.44646e+06
11.001 1.45705e+06
11.101 1.45593e+06
11.201 1.45458e+06
11.301 1.45351e+06
11.401 1.46485e+06
11.501 1.46394e+06
11.601 1.46328e+06
11.701 1.46286e+06
11.801 1.47467e+06
11.901 1.47416e+06
12.001 1.47389e+06
12.101 1.47385e+06
12.201 1.48607e+06
12.301 1.48615e+06
12.401 1.48645e+06
12.501 1.48696e+06
12.601 1.49933e+06
12.701 1.49974e+06
12.801 1.50035e+06
12.901 1.50115e+06
13.001 1.51409e+06
13.101 1.51499e+06
13.201 1.51587e+06
13.301 1.51695e+06
13.401 1.52755e+06
13.501 1.53135e+06
13.601 1.53269e+06
13.701 1.53381e+06
13.801 1.5426e+06
13.901 1.54931e+06
14.001 1.55068e+06
14.101 1.55203e+06
14.201 1.55891e+06
14.301 1.56798e+06
14.401 1.56956e+06
14.501 1.5713e+06
14.601 1.57637e+06
14.701 1.58785e+06
14.801 1.58962e+06
14.901 1.59155e+06
15.001 1.5949e+06
15.101 1.60848e+06
15.201 1.61042e+06
15.301 1.61252e+06
15.401 1.61476e+06
15.501 1.62979e+06
15.601 1.63207e+06
15.701 1.63449e+06
15.801 1.63689e+06
15.901 1.65208e+06
16.001 1.65451e+06
16.101 1.65707e+06
16.201 1.65977e+06
16.301 1.67512e+06
16.401 1.67784e+06
16.501 1.68053e+06
16.601 1.68335e+06
16.701 1.69884e+06
16.801 1.70168e+06
16.901 1.70465e+06
17.001 1.70742e+06
17.101 1.72288e+06
17.201 1.72647e+06
17.301 1.72938e+06
17.401 1.73242e+06
17.501 1.74614e+06
17.601 1.75183e+06
17.701 1.75484e+06
17.801 1.75797e+06
17.901 1.77003e+06
18.001 1.77757e+06
18.101 1.78068e+06
18.201 1.78389e+06
18.301 1.79421e+06
18.401 1.80368e+06
18.501 1.80686e+06
18.601 1.81017e+06
18.701 1.81881e+06
18.801 1.83012e+06
18.901 1.83338e+06
19.001 1.83676e+06
19.101 1.84381e+06
19.201 1.85687e+06
19.301 1.86021e+06
19.401 1.86366e+06
19.501 1.86917e+06
19.601 1.88392e+06
19.701 1.88734e+06
19.801 1.89085e+06
19.901 1.89488e+06
20.001 1.91125e+06
20.101 1.91473e+06
20.201 1.91831e+06
20.301 1.92199e+06
20.401 1.93884e+06
20.501 1.94238e+06
20.601 1.94603e+06
20.701 1.94976e+06
20.801 1.96667e+06
20.901 1.97041e+06
21.001 1.97424e+06
21.101 1.97816e+06
21.201 1.99436e+06
21.301 1.99879e+06
21.401 2.00267e+06
21.501 2.00663e+06
21.601 2.0214e+06
21.701 2.02762e+06
21.801 2.03167e+06
21.901 2.03556e+06
22.001 2.04906e+06
22.101 2.05701e+06
22.201 2.06098e+06
22.301 2.06503e+06
22.401 2.07719e+06
22.501 2.08669e+06
22.601 2.0907e+06
22.701 2.09479e+06
22.801 2.10564e+06
22.901 2.11652e+06
23.001 2.12068e+06
23.101 2.12492e+06
23.201 2.1344e+06
23.301 2.14672e+06
23.401 2.1508e+06
23.501 2.15496e+06
23.601 2.16323e+06
23.701 2.17683e+06
23.801 2.18094e+06
23.901 2.18501e+06
24.001 2.192e+06
24.101 2.20672e+06
24.201 2.21098e+06
24.301 2.21509e+06
24.401 2.22072e+06
24.501 2.23664e+06
24.601 2.24081e+06
24.701 2.24507e+06
24.801 2.2495e+06
24.901 2.26647e+06
25.001 2.27067e+06
25.101 2.27496e+06
25.201 2.2791e+06
25.301 2.29589e+06
25.401 2.30067e+06
25.501 2.30487e+06
25.601 2.30915e+06
25.701 2.32461e+06
25.801 2.33057e+06
25.901 2.3348e+06
26.001 2.33911e+06
26.101 2.35339e+06
26.201 2.3606e+06
26.301 2.36486e+06
26.401 2.36909e+06
26.501 2.38222e+06
26.601 2.39075e+06
26.701 2.39504e+06
26.801 2.3993e+06
26.901 2.41121e+06
27.001 2.42091e+06
27.101 2.42513e+06
27.201 2.42941e+06
27.301 2.44024e+06
27.401 2.45109e+06
27.501 2.45533e+06
27.601 2.45964e+06
27.701 2.46951e+06
27.801 2.48137e+06
27.901 2.48564e+06
28.001 2.48997e+06
28.101 2.49883e+06
28.201 2.51176e+06
28.301 2.51606e+06
28.401 2.52041e+06
28.501 2.52827e+06
28.601 2.54226e+06
28.701 2.54657e+06
28.801 2.55095e+06
28.901 2.55784e+06
29.001 2.57284e+06
29.101 2.57718e+06
29.201 2.58158e+06
29.301 2.58753e+06
29.401 2.60343e+06
29.501 2.60807e+06
29.601 2.61249e+06
29.701 2.61743e+06
29.801 2.6332e+06
29.901 2.63904e+06
30.001 2.64348e+06
30.101 2.64798e+06
30.201 2.66308e+06
30.301 2.67009e+06
30.401 2.67464e+06
30.501 2.67907e+06
30.601 2.69325e+06
30.701 2.70139e+06
30.801 2.70596e+06
30.901 2.71041e+06
31.001 2.72351e+06
31.101 2.73286e+06
31.201 2.73735e+06
31.301 2.7419e+06
31.401 2.75404e+06
31.501 2.76447e+06
31.601 2.76898e+06
31.701 2.77354e+06
31.801 2.78466e+06
31.901 2.79614e+06
32.001 2.80075e+06
32.101 2.80541e+06
32.201 2.81562e+06
32.301 2.82804e+06
32.401 2.83266e+06
32.501 2.83733e+06
32.601 2.84665e+06
32.701 2.86007e+06
32.801 2.86479e+06
32.901 2.86955e+06
33.001 2.87792e+06
33.101 2.8924e+06
33.201 2.8972e+06
33.301 2.9019e+06
33.401 2.9095e+06
33.501 2.92444e+06
33.601 2.92974e+06
33.701 2.93453e+06
33.801 2.9413e+06
33.901 2.95621e+06
34.001 2.96255e+06
34.101 2.96743e+06
34.201 2.9733e+06
34.301 2.98803e+06
34.401 2.99539e+06
34.501 3.00011e+06
34.601 3.00504e+06
34.701 3.01966e+06
34.801 3.02779e+06
34.901 3.03252e+06
35.001 3.0373e+06
35.101 3.05104e+06
35.201 3.05991e+06
35.301 3.06457e+06
35.401 3.06929e+06
35.501 3.08217e+06
35.601 3.092e+06
35.701 3.0966e+06
35.801 3.10117e+06
35.901 3.11306e+06
36.001 3.12361e+06
36.101 3.12821e+06
36.201 3.1328e+06
36.301 3.1438e+06
36.401 3.15511e+06
36.501 3.15958e+06
36.601 3.16411e+06
36.701 3.17431e+06
36.801 3.18638e+06
36.901 3.19094e+06
37.001 3.1954e+06
37.101 3.2046e+06
37.201 3.21748e+06
37.301 3.22198e+06
37.401 3.22646e+06
37.501 3.23483e+06
37.601 3.24829e+06
37.701 3.2528e+06
37.801 3.25722e+06
37.901 3.26485e+06
38.001 3.27816e+06
38.101 3.28362e+06
38.201 3.28798e+06
38.301 3.29466e+06
38.401 3.3079e+06
38.501 3.31415e+06
38.601 3.31853e+06
38.701 3.32443e+06
38.801 3.33752e+06
38.901 3.34447e+06
39.001 3.34879e+06
39.101 3.354e+06
39.201 3.36695e+06
39.301 3.37479e+06
39.401 3.37907e+06
39.501 3.38339e+06
39.601 3.39627e+06
39.701 3.40485e+06
39.801 3.40914e+06
39.901 3.41348e+06
40.001 3.42548e+06
40.101 3.43478e+06
40.201 3.43909e+06
40.301 3.44338e+06
40.401 3.45458e+06
40.501 3.46472e+06
40.601 3.46892e+06
40.701 3.47309e+06
40.801 3.48358e+06
40.901 3.49435e+06
41.001 3.49863e+06
41.101 3.50282e+06
41.201 3.51248e+06
41.301 3.52386e+06
41.401 3.5281e+06
41.501 3.53231e+06
41.601 3.54128e+06
41.701 3.5534e+06
41.801 3.55752e+06
41.901 3.56169e+06
42.001 3.56998e+06
42.101 3.58224e+06
42.201 3.58696e+06
42.301 3.59109e+06
42.401 3.59859e+06
42.501 3.6108e+06
42.601 3.61617e+06
42.701 3.62038e+06
42.801 3.62718e+06
42.901 3.63926e+06
43.001 3.64528e+06
43.101 3.64945e+06
43.201 3.65567e+06
43.301 3.66764e+06
43.401 3.67442e+06
43.501 3.67854e+06
43.601 3.68414e+06
43.701 3.696e+06
43.801 3.70359e+06
43.901 3.70767e+06
44.001 3.71247e+06
44.101 3.72428e+06
44.201 3.73253e+06
44.301 3.73669e+06
44.401 3.74083e+06
44.501 3.75254e+06
44.601 3.76138e+06
44.701 3.7655e+06
44.801 3.76961e+06
44.901 3.78072e+06
45.001 3.79027e+06
45.101 3.79435e+06
45.201 3.79847e+06
45.301 3.80888e+06
45.401 3.81918e+06
45.501 3.82322e+06
45.601 3.82724e+06
45.701 3.83696e+06
45.801 3.84788e+06
45.901 3.852e+06
46.001 3.85605e+06
46.101 3.86503e+06
46.201 3.87645e+06
46.301 3.8807e+06
46.401 3.88477e+06
46.501 3.89308e+06
46.601 3.9044e+06
46.701 3.90932e+06
46.801 3.9134e+06
46.901 3.92107e+06
47.001 3.93234e+06
47.101 3.93797e+06
47.201 3.94201e+06
47.301 3.94909e+06
47.401 3.96027e+06
47.501 3.96665e+06
47.601 3.97066e+06
47.701 3.9771e+06
47.801 3.98824e+06
47.901 3.99525e+06
48.001 3.99934e+06
48.101 4.00505e+06
48.201 4.01609e+06
48.301 4.02377e+06
48.401 4.02782e+06
48.501 4.03298e+06
48.601 4.04404e+06
48.701 4.05227e+06
48.801 4.05634e+06
48.901 4.06089e+06
49.001 4.07192e+06
49.101 4.0808e+06
49.201 4.08484e+06
49.301 4.08891e+06
49.401 4.09979e+06
49.501 4.10937e+06
49.601 4.11337e+06
49.701 4.11741e+06
49.801 4.12771e+06
49.901 4.13791e+06
50.001 4.14193e+06
50.101 4.14594e+06
50.201 4.15561e+06
50.301 4.16638e+06
50.401 4.17048e+06
50.501 4.1745e+06
50.601 4.1835e+06
50.701 4.19424e+06
50.801 4.19894e+06
50.901 4.20304e+06
51.001 4.21144e+06
51.101 4.22209e+06
51.201 4.22745e+06
51.301 4.23151e+06
51.401 4.23936e+06
51.501 4.24998e+06
51.601 4.25593e+06
51.701 4.26001e+06
51.801 4.26727e+06
51.901 4.27786e+06
52.001 4.28444e+06
52.101 4.28849e+06
52.201 4.29522e+06
52.301 4.30573e+06
52.401 4.31299e+06
52.501 4.31705e+06
52.601 4.32322e+06
52.701 4.3337e+06
52.801 4.34161e+06
52.901 4.34564e+06
53.001 4.35125e+06
53.101 4.3617e+06
53.201 4.37022e+06
53.301 4.37427e+06
53.401 4.37927e+06
53.501 4.38969e+06
53.601 4.39876e+06
53.701 4.40287e+06
53.801 4.40733e+06
53.901 4.41772e+06
54.001 4.42742e+06
54.101 4.43156e+06
54.201 4.43563e+06
54.301 4.44579e+06
54.401 4.45607e+06
54.501 4.46017e+06
54.601 4.46431e+06
54.701 4.4739e+06
54.801 4.4842e+06
54.901 4.48881e+06
55.001 4.49296e+06
55.101 4.50204e+06
55.201 4.51231e+06
55.301 4.51753e+06
55.401 4.52165e+06
55.501 4.53021e+06
55.601 4.54046e+06
55.701 4.54632e+06
55.801 4.55046e+06
55.901 4.55847e+06
56.001 4.56869e+06
56.101 4.57509e+06
56.201 4.57925e+06
56.301 4.58672e+06
56.401 4.59691e+06
56.501 4.60394e+06
56.601 4.60811e+06
56.701 4.61504e+06
56.801 4.62521e+06
56.901 4.63281e+06
57.001 4.63695e+06
57.101 4.6434e+06
57.201 4.65354e+06
57.301 4.6617e+06
57.401 4.66586e+06
57.501 4.67184e+06
57.601 4.68195e+06
57.701 4.69067e+06
57.801 4.69484e+06
57.901 4.70035e+06
58.001 4.7104e+06
58.101 4.7197e+06
58.201 4.72389e+06
58.301 4.72889e+06
58.401 4.73891e+06
58.501 4.74881e+06
58.601 4.753e+06
58.701 4.75756e+06
58.801 4.76751e+06
58.901 4.77747e+06
59.001 4.78214e+06
59.101 4.78634e+06
59.201 4.79612e+06
59.301 4.80606e+06
59.401 4.8113e+06
59.501 4.81551e+06
59.601 4.82482e+06
59.701 4.83473e+06
59.801 4.84052e+06
59.901 4.84474e+06
60.001 4.85358e+06
60.101 4.86347e+06
60.201 4.8698e+06
60.301 4.87404e+06
60.401 4.88241e+06
60.501 4.89228e+06
60.601 4.89915e+06
60.701 4.9034e+06
60.801 4.91131e+06
60.901 4.92115e+06
61.001 4.92856e+06
61.101 4.93282e+06
61.201 4.94027e+06
61.301 4.9501e+06
61.401 4.95807e+06
61.501 4.96239e+06
61.601 4.96935e+06
61.701 4.97915e+06
61.801 4.98769e+06
61.901 4.99202e+06
62.001 4.99849e+06
62.101 5.00827e+06
62.201 5.01736e+06
62.301 5.0217e+06
62.401 5.02769e+06
62.501 5.03745e+06
62.601 5.04708e+06
62.701 5.05144e+06
62.801 5.057e+06
62.901 5.06673e+06
63.001 5.07648e+06
63.101 5.08123e+06
63.201 5.08636e+06
63.301 5.09607e+06
63.401 5.10584e+06
63.501 5.11116e+06
63.601 5.11583e+06
63.701 5.12552e+06
63.801 5.13526e+06
63.901 5.14119e+06
64.001 5.14556e+06
64.101 5.1551e+06
64.201 5.16478e+06
64.301 5.17122e+06
64.401 5.17561e+06
64.501 5.18475e+06
64.601 5.1944e+06
64.701 5.20138e+06
64.801 5.20578e+06
64.901 5.21444e+06
65.001 5.22408e+06
65.101 5.2316e+06
65.201 5.236e+06
65.301 5.24423e+06
65.401 5.25385e+06
65.501 5.26185e+06
65.601 5.26631e+06
65.701 5.27411e+06
65.801 5.28375e+06
65.901 5.29224e+06
66.001 5.29671e+06
66.101 5.30408e+06
66.201 5.3137e+06
66.301 5.32271e+06
66.401 5.32723e+06
66.501 5.33419e+06
66.601 5.34378e+06
66.701 5.35326e+06
66.801 5.35779e+06
66.901 5.36434e+06
67.001 5.37391e+06
67.101 5.38349e+06
67.201 5.38852e+06
67.301 5.39461e+06
67.401 5.4042e+06
67.501 5.41377e+06
67.601 5.41932e+06
67.701 5.42497e+06
67.801 5.43454e+06
67.901 5.44409e+06
68.001 5.45016e+06
68.101 5.45546e+06
68.201 5.46501e+06
68.301 5.47457e+06
68.401 5.48116e+06
68.501 5.48606e+06
68.601 5.49563e+06
68.701 5.50517e+06
68.801 5.51223e+06
68.901 5.51686e+06
69.001 5.52629e+06
69.101 5.53581e+06
69.201 5.54341e+06
69.301 5.54809e+06
69.401 5.55707e+06
69.501 5.56661e+06
69.601 5.57475e+06
69.701 5.57939e+06
69.801 5.588e+06
69.901 5.59756e+06
70.001 5.60615e+06
70.101 5.61084e+06
70.201 5.61904e+06
70.301 5.62858e+06
70.401 5.63766e+06
70.501 5.64236e+06
70.601 5.65012e+06
70.701 5.65967e+06
70.801 5.66916e+06
70.901 5.67398e+06
71.001 5.68135e+06
71.101 5.69088e+06
71.201 5.70038e+06
71.301 5.70574e+06
71.401 5.71268e+06
71.501 5.72223e+06
71.601 5.73171e+06
71.701 5.73756e+06
71.801 5.74416e+06
71.901 5.75368e+06
72.001 5.76318e+06
72.101 5.76953e+06
72.201 5.77574e+06
72.301 5.78528e+06
72.401 5.79476e+06
72.501 5.80162e+06
72.601 5.80746e+06
72.701 5.81698e+06
72.801 5.82647e+06
72.901 5.83385e+06
73.001 5.83928e+06
73.101 5.84881e+06
73.201 5.85829e+06
73.301 5.86614e+06
73.401 5.87123e+06
73.501 5.88075e+06
73.601 5.89024e+06
73.701 5.89856e+06
73.801 5.90346e+06
73.901 5.91281e+06
74.001 5.92228e+06
74.101 5.9311e+06
74.201 5.93605e+06
74.301 5.94497e+06
74.401 5.95445e+06
74.501 5.96377e+06
74.601 5.96872e+06
74.701 5.97733e+06
74.801 5.98683e+06
74.901 5.9963e+06
75.001 6.00158e+06
75.101 6.00982e+06
75.201 6.01929e+06
75.301 6.02882e+06
75.401 6.03457e+06
75.501 6.04239e+06
75.601 6.05188e+06
75.701 6.06139e+06
75.801 6.0676e+06
75.901 6.07509e+06
76.001 6.0846e+06
76.101 6.09411e+06
76.201 6.10082e+06
76.301 6.10798e+06
76.401 6.11746e+06
76.501 6.127e+06
76.601 6.13419e+06
76.701 6.14095e+06
76.801 6.15045e+06
76.901 6.15996e+06
77.001 6.16764e+06
77.101 6.17407e+06
77.201 6.18359e+06
77.301 6.19311e+06
77.401 6.20127e+06
77.501 6.20735e+06
77.601 6.21684e+06
77.701 6.22637e+06
77.801 6.23501e+06
77.901 6.24073e+06
78.001 6.25024e+06
78.101 6.25979e+06
78.201 6.26889e+06
78.301 6.27426e+06
78.401 6.28378e+06
78.501 6.29334e+06
78.601 6.30285e+06
78.701 6.30818e+06
78.801 6.3175e+06
78.901 6.32704e+06
79.001 6.33656e+06
79.101 6.34233e+06
79.201 6.35133e+06
79.301 6.36088e+06
79.401 6.37041e+06
79.501 6.37669e+06
79.601 6.38532e+06
79.701 6.39485e+06
79.801 6.40439e+06
79.901 6.41112e+06
80.001 6.41946e+06
80.101 6.429e+06
80.201 6.43852e+06
80.301 6.44574e+06
80.401 6.45373e+06
80.501 6.46328e+06
80.601 6.47281e+06
80.701 6.4805e+06
80.801 6.48816e+06
80.901 6.49773e+06
81.001 6.50727e+06
81.101 6.51541e+06
81.201 6.52273e+06
81.301 6.5323e+06
81.401 6.54185e+06
81.501 6.55048e+06
81.601 6.55745e+06
81.701 6.56704e+06
81.801 6.5766e+06
81.901 6.58567e+06
82.001 6.59234e+06
82.101 6.60193e+06
82.201 6.6115e+06
82.301 6.62105e+06
82.401 6.62738e+06
82.501 6.63698e+06
82.601 6.64657e+06
82.701 6.65619e+06
82.801 6.66257e+06
82.901 6.67219e+06
83.001 6.68178e+06
83.101 6.69141e+06
83.201 6.69792e+06
83.301 6.70754e+06
83.401 6.71715e+06
83.501 6.72679e+06
83.601 6.73361e+06
83.701 6.74305e+06
83.801 6.75266e+06
83.901 6.76231e+06
84.001 6.76964e+06
84.101 6.77874e+06
84.201 6.78835e+06
84.301 6.79802e+06
84.401 6.80578e+06
84.501 6.81457e+06
84.601 6.82423e+06
84.701 6.8339e+06
84.801 6.8421e+06
84.901 6.85057e+06
85.001 6.86024e+06
85.101 6.86992e+06
85.201 6.87861e+06
85.301 6.88675e+06
85.401 6.89646e+06
85.501 6.90611e+06
85.601 6.91527e+06
85.701 6.92307e+06
85.801 6.93278e+06
85.901 6.94247e+06
86.001 6.95202e+06
86.101 6.95958e+06
86.201 6.9693e+06
86.301 6.979e+06
86.401 6.98871e+06
86.501 6.99626e+06
86.601 7.00599e+06
86.701 7.0157e+06
86.801 7.02542e+06
86.901 7.03308e+06
87.001 7.04284e+06
87.101 7.05256e+06
87.201 7.06228e+06
87.301 7.07008e+06
87.401 7.07985e+06
87.501 7.08961e+06
87.601 7.09934e+06
87.701 7.10728e+06
87.801 7.11706e+06
87.901 7.12681e+06
88.001 7.13658e+06
88.101 7.14463e+06
88.201 7.15444e+06
88.301 7.16421e+06
88.401 7.17398e+06
88.501 7.18247e+06
88.601 7.19199e+06
88.701 7.20179e+06
88.801 7.21156e+06
88.901 7.22052e+06
89.001 7.22971e+06
89.101 7.23951e+06
89.201 7.24933e+06
89.301 7.25875e+06
89.401 7.26761e+06
89.501 7.27742e+06
89.601 7.28724e+06
89.701 7.2971e+06
89.801 7.30569e+06
89.901 7.31554e+06
90.001 7.32539e+06
90.101 7.33525e+06
90.201 7.34398e+06
90.301 7.35383e+06
90.401 7.36369e+06
90.501 7.37358e+06
90.601 7.38241e+06
90.701 7.39229e+06
90.801 7.40221e+06
90.901 7.41208e+06
91.001 7.42106e+06
91.101 7.43095e+06
91.201 7.44088e+06
91.301 7.45078e+06
91.401 7.45986e+06
91.501 7.46978e+06
91.601 7.47974e+06
91.701 7.48965e+06
91.801 7.49888e+06
91.901 7.50881e+06
92.001 7.51877e+06
92.101 7.52871e+06
92.201 7.53806e+06
92.301 7.54802e+06
92.401 7.55802e+06
92.501 7.56799e+06
92.601 7.57747e+06
92.701 7.58746e+06
92.801 7.59745e+06
92.901 7.60743e+06
93.001 7.61706e+06
93.101 7.62705e+06
93.201 7.63708e+06
93.301 7.64708e+06
93.401 7.6571e+06
93.501 7.66686e+06
93.601 7.67691e+06
93.701 7.68692e+06
93.801 7.69694e+06
93.901 7.70685e+06
94.001 7.71691e+06
94.101 7.72694e+06
94.201 7.73699e+06
94.301 7.74701e+06
94.401 7.7571e+06
94.501 7.76714e+06
94.601 7.77719e+06
94.701 7.78719e+06
94.801 7.79719e+06
94.901 7.80715e+06
95.001 7.81711e+06
95.101 7.82703e+06
95.201 7.83695e+06
95.301 7.84682e+06
95.401 7.8567e+06
95.501 7.86653e+06
95.601 7.87637e+06
95.701 7.88616e+06
95.801 7.89595e+06
95.901 7.90573e+06
96.001 7.91546e+06
96.101 7.92519e+06
96.201 7.93488e+06
96.301 7.94458e+06
96.401 7.95422e+06
96.501 7.96388e+06
96.601 7.97349e+06
96.701 7.9831e+06
96.801 7.99267e+06
96.901 8.00225e+06
97.001 8.01178e+06
97.101 8.02131e+06
97.201 8.0308e+06
97.301 8.0403e+06
97.401 8.04975e+06
97.501 8.05921e+06
97.601 8.06862e+06
97.701 8.07804e+06
97.801 8.08741e+06
97.901 8.09679e+06
98.001 8.10613e+06
98.101 8.11547e+06
98.201 8.12477e+06
98.301 8.13407e+06
98.401 8.14333e+06
98.501 8.1526e+06
98.601 8.16185e+06
98.701 8.17105e+06
98.801 8.18026e+06
98.901 8.18943e+06
99.001 8.1986e+06
99.101 8.20773e+06
99.201 8.21687e+06
99.301 8.22596e+06
99.401 8.23506e+06
99.501 8.24411e+06
99.601 8.25318e+06
99.701 8.2622e+06
99.801 8.27122e+06
99.901 8.28021e+06
100.001 8.2892e+06
100.101 8.29815e+06
100.201 8.3071e+06
100.301 8.31601e+06
100.401 8.32493e+06
100.501 8.33381e+06
100.601 8.34269e+06
100.701 8.35153e+06
100.801 8.36038e+06
100.901 8.36919e+06
101.001 8.378e+06
101.101 8.38677e+06
101.201 8.39555e+06
101.301 8.40429e+06
101.401 8.41303e+06
101.501 8.42176e+06
101.601 8.43044e+06
101.701 8.43914e+06
101.801 8.44779e+06
101.901 8.45645e+06
102.001 8.46506e+06
102.101 8.47369e+06
102.201 8.48227e+06
102.301 8.49086e+06
102.401 8.49941e+06
102.501 8.50797e+06
102.601 8.51649e+06
102.701 8.52501e+06
102.801 8.53349e+06
102.901 8.54199e+06
103.001 8.55044e+06
103.101 8.55889e+06
103.201 8.56731e+06
103.301 8.57574e+06
103.401 8.58412e+06
103.501 8.59252e+06
103.601 8.60087e+06
103.701 8.60923e+06
103.801 8.61755e+06
103.901 8.62588e+06
104.001 8.63416e+06
104.101 8.64246e+06
104.201 8.65072e+06
104.301 8.65898e+06
104.401 8.66723e+06
104.501 8.67544e+06
104.601 8.68366e+06
104.701 8.69184e+06
104.801 8.70002e+06
104.901 8.70817e+06
105.001 8.71633e+06
105.101 8.72444e+06
105.201 8.73256e+06
105.301 8.74065e+06
105.401 8.74874e+06
105.501 8.7568e+06
105.601 8.76486e+06
105.701 8.77288e+06
105.801 8.78092e+06
105.901 8.78891e+06
106.001 8.79691e+06
106.101 8.80487e+06
106.201 8.81285e+06
106.301 8.82078e+06
106.401 8.82872e+06
106.501 8.83662e+06
106.601 8.84454e+06
106.701 8.85241e+06
106.801 8.86029e+06
106.901 8.86813e+06
107.001 8.87599e+06
107.101 8.88383e+06
107.201 8.89163e+06
107.301 8.89944e+06
107.401 8.90721e+06
107.501 8.91499e+06
107.601 8.92273e+06
107.701 8.93048e+06
107.801 8.9382e+06
107.901 8.94592e+06
108.001 8.9536e+06
108.101 8.9613e+06
108.201 8.96895e+06
108.301 8.97662e+06
108.401 8.98425e+06
108.501 8.99189e+06
108.601 8.99317e+06
108.701 9.00104e+06
108.801 8.99282e+06
108.901 8.98461e+06
109.001 8.97649e+06
109.101 8.96831e+06
109.201 8.96015e+06
109.301 8.95203e+06
109.401 8.94404e+06
109.501 8.936e+06
109.601 8.92795e+06
109.701 8.91993e+06
109.801 8.91213e+06
109.901 8.90417e+06
110.001 8.89622e+06
110.101 8.88832e+06
110.201 8.88067e+06
110.301 8.87282e+06
110.401 8.86498e+06
110.501 8.85718e+06
110.601 8.84968e+06
110.701 8.84193e+06
110.801 8.83422e+06
110.901 8.82655e+06
111.001 8.81921e+06
111.101 8.81157e+06
111.201 8.80396e+06
111.301 8.7964e+06
111.401 8.78921e+06
111.501 8.78169e+06
111.601 8.77421e+06
111.701 8.76677e+06
111.801 8.75971e+06
111.901 8.75229e+06
112.001 8.74492e+06
112.101 8.73758e+06
112.201 8.73069e+06
112.301 8.7234e+06
112.401 8.71614e+06
112.501 8.70888e+06
112.601 8.70204e+06
112.701 8.69499e+06
112.801 8.68784e+06
112.901 8.68067e+06
113.001 8.67367e+06
113.101 8.66706e+06
113.201 8.65998e+06
113.301 8.65293e+06
113.401 8.64593e+06
113.501 8.63958e+06
113.601 8.63262e+06
113.701 8.6257e+06
113.801 8.61879e+06
113.901 8.61258e+06
114.001 8.60572e+06
114.101 8.59889e+06
114.201 8.5921e+06
114.301 8.58603e+06
114.401 8.57929e+06
114.501 8.57258e+06
114.601 8.56586e+06
114.701 8.55998e+06
114.801 8.55333e+06
114.901 8.54671e+06
115.001 8.54009e+06
115.101 8.53435e+06
115.201 8.52781e+06
115.301 8.52126e+06
115.401 8.51475e+06
115.501 8.50919e+06
115.601 8.50273e+06
115.701 8.49627e+06
115.801 8.48985e+06
115.901 8.48443e+06
116.001 8.47805e+06
116.101 8.47171e+06
116.201 8.4654e+06
116.301 8.46011e+06
116.401 8.45385e+06
116.501 8.44762e+06
116.601 8.4414e+06
116.701 8.43598e+06
116.801 8.43006e+06
116.901 8.42392e+06
117.001 8.41782e+06
117.101 8.41223e+06
117.201 8.40672e+06
117.301 8.40069e+06
117.401 8.39465e+06
117.501 8.38892e+06
117.601 8.38377e+06
117.701 8.37783e+06
117.801 8.37187e+06
117.901 8.36602e+06
118.001 8.36128e+06
118.101 8.3554e+06
118.201 8.34952e+06
118.301 8.34368e+06
118.401 8.33914e+06
118.501 8.33334e+06
118.601 8.32758e+06
118.701 8.32185e+06
118.801 8.31743e+06
118.901 8.31174e+06
119.001 8.30608e+06
119.101 8.30043e+06
119.201 8.29614e+06
119.301 8.29053e+06
119.401 8.28495e+06
119.501 8.27941e+06
119.601 8.27521e+06
119.701 8.26969e+06
119.801 8.26419e+06
119.901 8.25873e+06
120.001 8.25468e+06
120.101 8.24925e+06
120.201 8.24386e+06
120.301 8.23846e+06
120.401 8.23457e+06
120.501 8.22925e+06
120.601 8.22392e+06
120.701 8.21859e+06
120.801 8.21456e+06
120.901 8.20959e+06
121.001 8.20433e+06
121.101 8.19908e+06
121.201 8.1949e+06
121.301 8.19027e+06
121.401 8.18509e+06
121.501 8.17995e+06
121.601 8.17561e+06
121.701 8.17135e+06
121.801 8.16625e+06
121.901 8.16118e+06
122.001 8.15668e+06
122.101 8.15278e+06
122.201 8.14776e+06
122.301 8.14276e+06
122.401 8.13811e+06
122.501 8.13455e+06
122.601 8.12963e+06
122.701 8.12473e+06
122.801 8.11993e+06
122.901 8.11671e+06
123.001 8.11186e+06
123.101 8.10704e+06
123.201 8.10224e+06
123.301 8.09923e+06
123.401 8.09447e+06
123.501 8.08974e+06
123.601 8.085e+06
123.701 8.08214e+06
123.801 8.07748e+06
123.901 8.0728e+06
124.001 8.06813e+06
124.101 8.06538e+06
124.201 8.06079e+06
124.301 8.05619e+06
124.401 8.05159e+06
124.501 8.04895e+06
124.601 8.04441e+06
124.701 8.0399e+06
124.801 8.03538e+06
124.901 8.03258e+06
125.001 8.02837e+06
125.101 8.02394e+06
125.201 8.01948e+06
125.301 8.01651e+06
125.401 8.01266e+06
125.501 8.00829e+06
125.601 8.0039e+06
125.701 8.00076e+06
125.801 7.99726e+06
125.901 7.99296e+06
126.001 7.98864e+06
126.101 7.98533e+06
126.201 7.98219e+06
126.301 7.97794e+06
126.401 7.97369e+06
126.501 7.97023e+06
126.601 7.96741e+06
126.701 7.96323e+06
126.801 7.95907e+06
126.901 7.95546e+06
127.001 7.95298e+06
127.101 7.94886e+06
127.201 7.94478e+06
127.301 7.94099e+06
127.401 7.93886e+06
127.501 7.93483e+06
127.601 7.93083e+06
127.701 7.92687e+06
127.801 7.92508e+06
127.901 7.92111e+06
128.001 7.91718e+06
128.101 7.91327e+06
128.201 7.91162e+06
128.301 7.90774e+06
128.401 7.90389e+06
128.501 7.90003e+06
128.601 7.89843e+06
128.701 7.89472e+06
128.801 7.89092e+06
128.901 7.88714e+06
129.001 7.88539e+06
129.101 7.88202e+06
129.201 7.87828e+06
129.301 7.87456e+06
129.401 7.87266e+06
129.501 7.8696e+06
129.601 7.86592e+06
129.701 7.86225e+06
129.801 7.86017e+06
129.901 7.85741e+06
130.001 7.85381e+06
130.101 7.8502e+06
130.201 7.84793e+06
130.301 7.84548e+06
130.401 7.84193e+06
130.501 7.8384e+06
130.601 7.83596e+06
130.701 7.83379e+06
130.801 7.8303e+06
130.901 7.82681e+06
131.001 7.82422e+06
131.101 7.82238e+06
131.201 7.81895e+06
131.301 7.81552e+06
131.401 7.81276e+06
131.501 7.81122e+06
131.601 7.80783e+06
131.701 7.80446e+06
131.801 7.80153e+06
131.901 7.80032e+06
132.001 7.79699e+06
132.101 7.79368e+06
132.201 7.79058e+06
132.301 7.78969e+06
132.401 7.78639e+06
132.501 7.78312e+06
132.601 7.77988e+06
132.701 7.7792e+06
132.801 7.77605e+06
132.901 7.77284e+06
133.001 7.76965e+06
133.101 7.7688e+06
133.201 7.76597e+06
133.301 7.76282e+06
133.401 7.75969e+06
133.501 7.75867e+06
133.601 7.75616e+06
133.701 7.75304e+06
133.801 7.74995e+06
133.901 7.74877e+06
134.001 7.74656e+06
134.101 7.7435e+06
134.201 7.74047e+06
134.301 7.73914e+06
134.401 7.73723e+06
134.501 7.73423e+06
134.601 7.73125e+06
134.701 7.72977e+06
134.801 7.72815e+06
134.901 7.72521e+06
135.001 7.72228e+06
135.101 7.72066e+06
135.201 7.71933e+06
135.301 7.71646e+06
135.401 7.71361e+06
135.501 7.71182e+06
135.601 7.7108e+06
135.701 7.70799e+06
135.801 7.70519e+06
135.901 7.70323e+06
136.001 7.70252e+06
136.101 7.69976e+06
136.201 7.69702e+06
136.301 7.69491e+06
136.401 7.69449e+06
136.501 7.69178e+06
136.601 7.6891e+06
136.701 7.68684e+06
136.801 7.68665e+06
136.901 7.68409e+06
137.001 7.68146e+06
137.101 7.67903e+06
137.201 7.67889e+06
137.301 7.67664e+06
137.401 7.67409e+06
137.501 7.67151e+06
137.601 7.67141e+06
137.701 7.66949e+06
137.801 7.66697e+06
137.901 7.66445e+06
138.001 7.66419e+06
138.101 7.66256e+06
138.201 7.66009e+06
138.301 7.65764e+06
138.401 7.65724e+06
138.501 7.65591e+06
138.601 7.65351e+06
138.701 7.65113e+06
138.801 7.65057e+06
138.901 7.64953e+06
139.001 7.64718e+06
139.101 7.64485e+06
139.201 7.64414e+06
139.301 7.6434e+06
139.401 7.64112e+06
139.501 7.63886e+06
139.601 7.63798e+06
139.701 7.63756e+06
139.801 7.63534e+06
139.901 7.63311e+06
140.001 7.63211e+06
140.101 7.632e+06
140.201 7.62982e+06
140.301 7.62766e+06
140.401 7.62652e+06
140.501 7.62667e+06
140.601 7.62455e+06
140.701 7.62242e+06
140.801 7.62108e+06
140.901 7.62137e+06
141.001 7.61938e+06
141.101 7.6173e+06
141.201 7.61579e+06
141.301 7.61612e+06
141.401 7.61439e+06
141.501 7.61231e+06
141.601 7.61066e+06
141.701 7.61101e+06
141.801 7.60954e+06
141.901 7.60753e+06
142.001 7.60568e+06
142.101 7.60605e+06
142.201 7.60481e+06
142.301 7.60283e+06
142.401 7.60086e+06
142.501 7.60123e+06
142.601 7.60029e+06
142.701 7.59832e+06
142.801 7.59635e+06
142.901 7.59657e+06
143.001 7.59586e+06
143.101 7.59396e+06
143.201 7.59203e+06
143.301 7.59207e+06
143.401 7.59159e+06
143.501 7.58971e+06
143.601 7.58784e+06
143.701 7.58771e+06
143.801 7.58752e+06
143.901 7.58565e+06
144.001 7.58378e+06
144.101 7.5835e+06
144.201 7.58354e+06
144.301 7.58172e+06
144.401 7.57991e+06
144.501 7.57943e+06
144.601 7.57972e+06
144.701 7.57794e+06
144.801 7.57616e+06
144.901 7.57551e+06
145.001 7.57609e+06
145.101 7.57431e+06
145.201 7.57254e+06
145.301 7.57175e+06
145.401 7.57234e+06
145.501 7.57084e+06
145.601 7.56911e+06
145.701 7.56814e+06
145.801 7.56875e+06
145.901 7.56748e+06
146.001 7.5658e+06
146.101 7.56466e+06
146.201 7.56532e+06
146.301 7.56428e+06
146.401 7.56263e+06
146.501 7.56134e+06
146.601 7.56203e+06
146.701 7.56127e+06
146.801 7.55964e+06
146.901 7.55816e+06
147.001 7.55888e+06
147.101 7.55837e+06
147.201 7.55678e+06
147.301 7.55521e+06
147.401 7.55588e+06
147.501 7.55561e+06
147.601 7.55407e+06
147.701 7.55253e+06
147.801 7.55303e+06
147.901 7.55303e+06
148.001 7.5515e+06
148.101 7.54998e+06
148.201 7.55034e+06
148.301 7.55058e+06
148.401 7.5491e+06
148.501 7.54761e+06
148.601 7.54777e+06
148.701 7.54827e+06
148.801 7.54682e+06
148.901 7.54536e+06
149.001 7.54536e+06
149.101 7.5461e+06
149.201 7.54467e+06
149.301 7.54326e+06
149.401 7.54309e+06
149.501 7.54394e+06
149.601 7.5427e+06
149.701 7.54129e+06
149.801 7.54096e+06
149.901 7.54184e+06
150.001 7.54086e+06
150.101 7.5395e+06
150.201 7.53899e+06
150.301 7.53989e+06
150.401 7.53912e+06
150.501 7.5378e+06
150.601 7.53715e+06
150.701 7.53809e+06
150.801 7.53754e+06
150.901 7.53624e+06
151.001 7.53545e+06
151.101 7.5364e+06
151.201 7.53613e+06
151.301 7.53485e+06
151.401 7.5339e+06
151.501 7.53489e+06
151.601 7.53487e+06
151.701 7.53363e+06
151.801 7.5325e+06
151.901 7.53351e+06
152.001 7.53371e+06
152.101 7.53251e+06
152.201 7.53133e+06
152.301 7.53228e+06
152.401 7.53271e+06
152.501 7.53155e+06
152.601 7.53039e+06
152.701 7.5312e+06
152.801 7.53188e+06
152.901 7.53072e+06
153.001 7.52959e+06
153.101 7.53025e+06
153.201 7.53117e+06
153.301 7.53006e+06
153.401 7.52894e+06
153.501 7.52944e+06
153.601 7.53058e+06
153.701 7.52954e+06
153.801 7.52846e+06
153.901 7.52878e+06
154.001 7.52995e+06
154.101 7.52914e+06
154.201 7.52812e+06
154.301 7.52829e+06
154.401 7.52947e+06
154.501 7.52891e+06
154.601 7.52791e+06
154.701 7.52792e+06
154.801 7.52913e+06
154.901 7.5288e+06
155.001 7.52782e+06
155.101 7.52769e+06
155.201 7.52892e+06
155.301 7.52885e+06
155.401 7.52789e+06
155.501 7.5276e+06
155.601 7.52886e+06
155.701 7.52904e+06
155.801 7.52812e+06
155.901 7.52767e+06
156.001 7.52895e+06
156.101 7.52935e+06
156.201 7.52848e+06
156.301 7.52788e+06
156.401 7.52917e+06
156.501 7.52982e+06
156.601 7.52897e+06
156.701 7.52822e+06
156.801 7.52955e+06
156.901 7.53042e+06
157.001 7.52961e+06
157.101 7.52879e+06
157.201 7.53006e+06
157.301 7.53117e+06
157.401 7.53038e+06
157.501 7.5296e+06
157.601 7.53071e+06
157.701 7.53208e+06
157.801 7.5313e+06
157.901 7.53055e+06
158.001 7.53151e+06
158.101 7.53291e+06
158.201 7.53238e+06
158.301 7.53165e+06
158.401 7.53246e+06
158.501 7.53389e+06
158.601 7.53362e+06
158.701 7.53291e+06
158.801 7.53356e+06
158.901 7.53502e+06
159.001 7.53499e+06
159.101 7.53432e+06
159.201 7.5348e+06
159.301 7.53628e+06
159.401 7.53647e+06
159.501 7.53585e+06
159.601 7.53618e+06
159.701 7.53767e+06
159.801 7.5381e+06
159.901 7.53752e+06
160.001 7.5377e+06
160.101 7.53923e+06
160.201 7.53989e+06
160.301 7.53932e+06
160.401 7.53937e+06
160.501 7.54093e+06
160.601 7.54181e+06
160.701 7.54128e+06
160.801 7.54117e+06
160.901 7.54275e+06
161.001 7.54388e+06
161.101 7.54339e+06
161.201 7.54313e+06
161.301 7.54474e+06
161.401 7.5461e+06
161.501 7.54562e+06
161.601 7.54523e+06
161.701 7.54687e+06
161.801 7.54846e+06
161.901 7.54801e+06
162.001 7.54758e+06
162.101 7.54914e+06
162.201 7.5508e+06
162.301 7.55054e+06
162.401 7.55013e+06
162.501 7.55154e+06
162.601 7.55324e+06
162.701 7.55321e+06
162.801 7.55283e+06
162.901 7.55411e+06
163.001 7.55581e+06
163.101 7.55603e+06
163.201 7.55569e+06
163.301 7.55681e+06
163.401 7.55854e+06
163.501 7.55901e+06
163.601 7.55868e+06
163.701 7.55964e+06
163.801 7.5614e+06
163.901 7.5621e+06
164.001 7.5618e+06
164.101 7.56263e+06
164.201 7.56442e+06
164.301 7.56535e+06
164.401 7.56508e+06
164.501 7.56577e+06
164.601 7.56759e+06
164.701 7.56874e+06
164.801 7.5685e+06
164.901 7.56904e+06
165.001 7.57088e+06
165.101 7.57228e+06
165.201 7.57208e+06
165.301 7.57246e+06
165.401 7.57433e+06
165.501 7.57597e+06
165.601 7.57579e+06
165.701 7.57603e+06
165.801 7.57793e+06
165.901 7.5798e+06
166.001 7.57966e+06
166.101 7.57975e+06
166.201 7.58167e+06
166.301 7.58359e+06
166.401 7.58367e+06
166.501 7.58361e+06
166.601 7.58555e+06
166.701 7.5875e+06
166.801 7.58783e+06
166.901 7.58776e+06
167.001 7.58959e+06
167.101 7.59157e+06
167.201 7.59212e+06
167.301 7.59209e+06
167.401 7.59376e+06
167.501 7.59577e+06
167.601 7.59656e+06
167.701 7.59656e+06
167.801 7.59808e+06
167.901 7.60011e+06
168.001 7.60114e+06
168.101 7.60117e+06
168.201 7.60253e+06
168.301 7.60459e+06
168.401 7.60586e+06
168.501 7.60591e+06
168.601 7.60713e+06
168.701 7.60923e+06
168.801 7.61072e+06
168.901 7.6108e+06
169.001 7.61188e+06
169.101 7.61401e+06
169.201 7.61573e+06
169.301 7.61586e+06
169.401 7.61679e+06
169.501 7.61894e+06
169.601 7.62089e+06
169.701 7.62105e+06
169.801 7.62183e+06
169.901 7.62401e+06
170.001 7.62616e+06
170.101 7.62638e+06
170.201 7.62703e+06
170.301 7.62923e+06
170.401 7.63141e+06
170.501 7.63184e+06
170.601 7.63236e+06
170.701 7.63458e+06
170.801 7.6368e+06
170.901 7.63749e+06
171.001 7.63786e+06
171.101 7.6401e+06
171.201 7.64235e+06
171.301 7.64325e+06
171.401 7.64352e+06
171.501 7.64577e+06
171.601 7.64804e+06
171.701 7.64918e+06
171.801 7.64947e+06
171.901 7.65157e+06
172.001 7.65386e+06
172.101 7.65523e+06
172.201 7.65557e+06
172.301 7.65754e+06
172.401 7.65985e+06
172.501 7.66145e+06
172.601 7.66181e+06
172.701 7.66363e+06
172.801 7.66598e+06
172.901 7.66781e+06
173.001 7.66822e+06
173.101 7.66988e+06
173.201 7.67226e+06
173.301 7.67431e+06
173.401 7.67475e+06
173.501 7.67628e+06
173.601 7.67868e+06
173.701 7.68097e+06
173.801 7.68145e+06
173.901 7.68284e+06
174.001 7.68527e+06
174.101 7.68771e+06
174.201 7.6883e+06
174.301 7.68953e+06
174.401 7.69199e+06
174.501 7.69445e+06
174.601 7.69527e+06
174.701 7.69639e+06
174.801 7.69886e+06
174.901 7.70137e+06
175.001 7.70241e+06
175.101 7.7034e+06
175.201 7.70589e+06
175.301 7.70842e+06
175.401 7.70968e+06
175.501 7.71053e+06
175.601 7.71306e+06
175.701 7.71561e+06
175.801 7.71711e+06
175.901 7.71783e+06
176.001 7.72038e+06
176.101 7.72296e+06
176.201 7.72471e+06
176.301 7.72536e+06
176.401 7.72787e+06
176.501 7.73047e+06
176.601 7.73244e+06
176.701 7.73313e+06
176.801 7.73551e+06
176.901 7.73815e+06
177.001 7.74032e+06
177.101 7.74104e+06
177.201 7.7433e+06
177.301 7.74594e+06
177.401 7.74834e+06
177.501 7.74909e+06
177.601 7.75122e+06
177.701 7.75389e+06
177.801 7.75652e+06
177.901 7.75731e+06
178.001 7.75929e+06
178.101 7.76199e+06
178.201 7.76469e+06
178.301 7.76566e+06
178.401 7.76752e+06
178.501 7.77024e+06
178.601 7.77297e+06
178.701 7.77416e+06
178.801 7.7759e+06
178.901 7.77865e+06
179.001 7.78141e+06
179.101 7.78283e+06
179.201 7.78444e+06
179.301 7.78721e+06
179.401 7.79e+06
179.501 7.79166e+06
179.601 7.79312e+06
179.701 7.79593e+06
179.801 7.79873e+06
179.901 7.80061e+06
180.001 7.80196e+06
180.101 7.80479e+06
180.201 7.80762e+06
180.301 7.80975e+06
180.401 7.81097e+06
180.501 7.81383e+06
180.601 7.8167e+06
180.701 7.81906e+06
180.801 7.82014e+06
180.901 7.82303e+06
181.001 7.82592e+06
181.101 7.8285e+06
181.201 7.82953e+06
181.301 7.83237e+06
181.401 7.8353e+06
181.501 7.83808e+06
181.601 7.83916e+06
181.701 7.84187e+06
181.801 7.84481e+06
181.901 7.84778e+06
182.001 7.84894e+06
182.101 7.85153e+06
182.201 7.8545e+06
182.301 7.8575e+06
182.401 7.85888e+06
182.501 7.86134e+06
182.601 7.86436e+06
182.701 7.86737e+06
182.801 7.86897e+06
182.901 7.8713e+06
183.001 7.87436e+06
183.101 7.87739e+06
183.201 7.87924e+06
183.301 7.88144e+06
183.401 7.88452e+06
183.501 7.88759e+06
183.601 7.88965e+06
183.701 7.89172e+06
183.801 7.89482e+06
183.901 7.89793e+06
184.001 7.90024e+06
184.101 7.90217e+06
184.201 7.90531e+06
184.301 7.90843e+06
184.401 7.91095e+06
184.501 7.91277e+06
184.601 7.91594e+06
184.701 7.91909e+06
184.801 7.92184e+06
184.901 7.92354e+06
185.001 7.92673e+06
185.101 7.92991e+06
185.201 7.93288e+06
185.301 7.93446e+06
185.401 7.93768e+06
185.501 7.94089e+06
185.601 7.94409e+06
185.701 7.94554e+06
185.801 7.94878e+06
185.901 7.95203e+06
186.001 7.95527e+06
186.101 7.9569e+06
186.201 7.96006e+06
186.301 7.96332e+06
186.401 7.9666e+06
186.501 7.96846e+06
186.601 7.9715e+06
186.701 7.97479e+06
186.801 7.97809e+06
186.901 7.98018e+06
187.001 7.98308e+06
187.101 7.98641e+06
187.201 7.98974e+06
187.301 7.99205e+06
187.401 7.99484e+06
187.501 7.99819e+06
187.601 8.00156e+06
187.701 8.0041e+06
187.801 8.00677e+06
187.901 8.01015e+06
188.001 8.01354e+06
188.101 8.01631e+06
188.201 8.01884e+06
188.301 8.02225e+06
188.401 8.02569e+06
188.501 8.02869e+06
188.601 8.03108e+06
188.701 8.03452e+06
188.801 8.03799e+06
188.901 8.04119e+06
189.001 8.0435e+06
189.101 8.04697e+06
189.201 8.05047e+06
189.301 8.0539e+06
189.401 8.05608e+06
189.501 8.05958e+06
189.601 8.06311e+06
189.701 8.06661e+06
189.801 8.06883e+06
189.901 8.07236e+06
190.001 8.07591e+06
190.101 8.07944e+06
190.201 8.08173e+06
190.301 8.08529e+06
190.401 8.08887e+06
190.501 8.09245e+06
190.601 8.09481e+06
190.701 8.0984e+06
190.801 8.10201e+06
190.901 8.10561e+06
191.001 8.10818e+06
191.101 8.11168e+06
191.201 8.11532e+06
191.301 8.11895e+06
191.401 8.12174e+06
191.501 8.12512e+06
191.601 8.12878e+06
191.701 8.13245e+06
191.801 8.13548e+06
191.901 8.13872e+06
192.001 8.14243e+06
192.101 8.14612e+06
192.201 8.14939e+06
192.301 8.1525e+06
192.401 8.15624e+06
192.501 8.15996e+06
192.601 8.16345e+06
192.701 8.16646e+06
192.801 8.17021e+06
192.901 8.17397e+06
193.001 8.17766e+06
193.101 8.18059e+06
193.201 8.18437e+06
193.301 8.18816e+06
193.401 8.19195e+06
193.501 8.19489e+06
193.601 8.19869e+06
193.701 8.20251e+06
193.801 8.20634e+06
193.901 8.20934e+06
194.001 8.21318e+06
194.101 8.21702e+06
194.201 8.22088e+06
194.301 8.22396e+06
194.401 8.22783e+06
194.501 8.23171e+06
194.601 8.2356e+06
194.701 8.23876e+06
194.801 8.24266e+06
194.901 8.24657e+06
195.001 8.2505e+06
195.101 8.25374e+06
195.201 8.25768e+06
195.301 8.26163e+06
195.401 8.26558e+06
195.501 8.26891e+06
195.601 8.27287e+06
195.701 8.27685e+06
195.801 8.28084e+06
195.901 8.28436e+06
196.001 8.28824e+06
196.101 8.29224e+06
196.201 8.29626e+06
196.301 8.3e+06
196.401 8.30377e+06
196.501 8.30781e+06
196.601 8.31187e+06
196.701 8.31584e+06
196.801 8.3195e+06
196.901 8.32356e+06
197.001 8.32765e+06
197.101 8.33173e+06
197.201 8.33538e+06
197.301 8.33948e+06
197.401 8.34361e+06
197.501 8.34771e+06
197.601 8.35146e+06
197.701 8.35559e+06
197.801 8.35974e+06
197.901 8.36388e+06
198.001 8.36769e+06
198.101 8.37077e+06
198.201 8.36655e+06
198.301 8.36233e+06
198.401 8.35812e+06
198.501 8.35391e+06
198.601 8.3497e+06
198.701 8.3455e+06
198.801 8.3413e+06
198.901 8.33711e+06
199.001 8.33292e+06
199.101 8.32873e+06
199.201 8.32455e+06
199.301 8.32037e+06
199.401 8.3162e+06
199.501 8.31203e+06
199.601 8.30787e+06
199.701 8.30371e+06
199.801 8.29955e+06
199.901 8.2954e+06
200.001 8.29125e+06
