0.001 0
0.101 1.13378e+07
0.201 1.1719e+07
0.301 7.93409e+06
0.401 6.05726e+06
0.501 4.92966e+06
0.601 4.1773e+06
0.701 3.6396e+06
0.801 3.23615e+06
0.901 2.92226e+06
1.001 2.67109e+06
1.101 2.46554e+06
1.201 2.29422e+06
1.301 2.14297e+06
1.401 2.03078e+06
1.501 1.94985e+06
1.601 1.89941e+06
1.701 1.85971e+06
1.801 1.84706e+06
1.901 1.84004e+06
2.001 1.85003e+06
2.101 1.85778e+06
2.201 1.87471e+06
2.301 1.90081e+06
2.401 1.93946e+06
2.501 1.99024e+06
2.601 2.04758e+06
2.701 2.11377e+06
2.801 2.18591e+06
2.901 2.26432e+06
3.001 2.34839e+06
3.101 2.43668e+06
3.201 2.52371e+06
3.301 2.61041e+06
3.401 2.70161e+06
3.501 2.79458e+06
3.601 2.89524e+06
3.701 3.00222e+06
3.801 3.11215e+06
3.901 3.22481e+06
4.001 3.33933e+06
4.101 3.45422e+06
4.201 3.57077e+06
4.301 3.68126e+06
4.401 3.79416e+06
4.501 3.90868e+06
4.601 4.02473e+06
4.701 4.14162e+06
4.801 4.25988e+06
4.901 4.38497e+06
5.001 4.51158e+06
5.101 4.64016e+06
5.201 4.7685e+06
5.301 4.89302e+06
5.401 5.01596e+06
5.501 5.13937e+06
5.601 5.26323e+06
5.701 5.38752e+06
5.801 5.51221e+06
5.901 5.63774e+06
6.001 5.76408e+06
6.101 5.89385e+06
6.201 6.02602e+06
6.301 6.15788e+06
6.401 6.28604e+06
6.501 6.4157e+06
6.601 6.54597e+06
6.701 6.67559e+06
6.801 6.805e+06
6.901 6.9346e+06
7.001 7.06361e+06
7.101 7.19205e+06
7.201 7.32032e+06
7.301 7.44917e+06
7.401 7.57748e+06
7.501 7.70491e+06
7.601 7.83078e+06
7.701 7.95338e+06
7.801 8.07248e+06
7.901 8.18892e+06
8.001 8.3021e+06
8.101 8.41283e+06
8.201 8.52052e+06
8.301 8.62595e+06
8.401 8.72854e+06
8.501 8.82904e+06
8.601 8.92689e+06
8.701 9.0228e+06
8.801 9.11622e+06
8.901 9.20785e+06
9.001 9.29714e+06
9.101 9.38476e+06
9.201 9.47019e+06
9.301 9.55407e+06
9.401 9.63588e+06
9.501 9.71625e+06
9.601 9.79466e+06
9.701 9.87174e+06
9.801 9.94697e+06
9.901 1.0021e+07
10.001 1.00932e+07
10.101 1.01643e+07
10.201 1.02337e+07
10.301 1.0302e+07
10.401 1.03687e+07
10.501 1.04345e+07
10.601 1.0499e+07
10.701 1.0562e+07
10.801 1.06241e+07
10.901 1.06849e+07
11.001 1.07448e+07
11.101 1.08033e+07
11.201 1.08611e+07
11.301 1.09175e+07
11.401 1.09733e+07
11.501 1.10278e+07
11.601 1.10816e+07
11.701 1.11343e+07
11.801 1.11863e+07
11.901 1.12372e+07
12.001 1.12875e+07
12.101 1.13367e+07
12.201 1.13854e+07
12.301 1.1433e+07
12.401 1.14801e+07
12.501 1.15262e+07
12.601 1.15718e+07
12.701 1.16165e+07
12.801 1.16607e+07
12.901 1.17039e+07
13.001 1.17468e+07
13.101 1.17887e+07
13.201 1.18303e+07
13.301 1.1871e+07
13.401 1.19113e+07
13.501 1.1951e+07
13.601 1.19899e+07
13.701 1.20285e+07
13.801 1.20663e+07
13.901 1.21037e+07
14.001 1.21404e+07
14.101 1.21768e+07
14.201 1.22125e+07
14.301 1.22479e+07
14.401 1.22826e+07
14.501 1.2317e+07
14.601 1.23507e+07
14.701 1.23842e+07
14.801 1.24171e+07
14.901 1.24496e+07
15.001 1.24816e+07
15.101 1.25133e+07
15.201 1.25445e+07
15.301 1.25754e+07
15.401 1.26057e+07
15.501 1.26358e+07
15.601 1.26653e+07
15.701 1.26947e+07
15.801 1.27235e+07
15.901 1.27521e+07
16.001 1.27801e+07
16.101 1.2808e+07
16.201 1.28356e+07
16.301 1.28626e+07
16.401 1.28895e+07
16.501 1.29159e+07
16.601 1.29422e+07
16.701 1.29679e+07
16.801 1.29935e+07
16.901 1.30187e+07
17.001 1.30437e+07
17.101 1.30683e+07
17.201 1.30927e+07
17.301 1.31167e+07
17.401 1.31406e+07
17.501 1.3164e+07
17.601 1.31874e+07
17.701 1.32103e+07
17.801 1.32331e+07
17.901 1.32555e+07
18.001 1.32778e+07
18.101 1.32998e+07
18.201 1.33216e+07
18.301 1.3343e+07
18.401 1.33644e+07
18.501 1.33854e+07
18.601 1.34062e+07
18.701 1.34268e+07
18.801 1.34472e+07
18.901 1.34673e+07
19.001 1.34873e+07
19.101 1.35072e+07
19.201 1.35266e+07
19.301 1.3546e+07
19.401 1.35651e+07
19.501 1.35841e+07
19.601 1.36028e+07
19.701 1.35808e+07
19.801 1.35139e+07
19.901 1.3449e+07
20.001 1.33861e+07
20.101 1.3324e+07
20.201 1.32649e+07
20.301 1.32078e+07
20.401 1.3153e+07
20.501 1.30999e+07
20.601 1.30492e+07
20.701 1.30003e+07
20.801 1.29532e+07
20.901 1.29083e+07
21.001 1.28652e+07
21.101 1.28231e+07
21.201 1.27822e+07
21.301 1.2743e+07
21.401 1.2707e+07
21.501 1.26727e+07
21.601 1.26402e+07
21.701 1.26096e+07
21.801 1.25805e+07
21.901 1.25532e+07
22.001 1.25275e+07
22.101 1.25026e+07
22.201 1.24785e+07
22.301 1.24561e+07
22.401 1.24352e+07
22.501 1.24157e+07
22.601 1.23984e+07
22.701 1.23834e+07
22.801 1.23696e+07
22.901 1.23573e+07
23.001 1.23464e+07
23.101 1.23365e+07
23.201 1.23268e+07
23.301 1.23185e+07
23.401 1.23115e+07
23.501 1.23061e+07
23.601 1.23019e+07
23.701 1.22988e+07
23.801 1.22969e+07
23.901 1.22973e+07
24.001 1.22989e+07
24.101 1.23017e+07
24.201 1.23041e+07
24.301 1.23078e+07
24.401 1.23126e+07
24.501 1.23187e+07
24.601 1.23259e+07
24.701 1.23344e+07
24.801 1.23442e+07
24.901 1.23552e+07
25.001 1.23669e+07
25.101 1.23803e+07
25.201 1.2394e+07
25.301 1.24079e+07
25.401 1.24227e+07
25.501 1.24384e+07
25.601 1.2455e+07
25.701 1.24724e+07
25.801 1.24904e+07
25.901 1.25089e+07
26.001 1.25271e+07
26.101 1.25453e+07
26.201 1.25632e+07
26.301 1.25811e+07
26.401 1.25988e+07
26.501 1.26164e+07
26.601 1.26338e+07
26.701 1.26512e+07
26.801 1.26684e+07
26.901 1.26854e+07
27.001 1.27024e+07
27.101 1.27192e+07
27.201 1.27359e+07
27.301 1.27524e+07
27.401 1.27689e+07
27.501 1.27852e+07
27.601 1.28015e+07
27.701 1.28175e+07
27.801 1.28335e+07
27.901 1.28493e+07
28.001 1.28651e+07
28.101 1.28807e+07
28.201 1.28963e+07
28.301 1.29117e+07
28.401 1.2927e+07
28.501 1.29422e+07
28.601 1.29573e+07
28.701 1.29722e+07
28.801 1.29872e+07
28.901 1.30019e+07
29.001 1.30166e+07
29.101 1.30312e+07
29.201 1.30457e+07
29.301 1.306e+07
29.401 1.30743e+07
29.501 1.30886e+07
29.601 1.31026e+07
29.701 1.31166e+07
29.801 1.31305e+07
29.901 1.31443e+07
30.001 1.3158e+07
30.101 1.31717e+07
30.201 1.31852e+07
30.301 1.31987e+07
30.401 1.3212e+07
30.501 1.32253e+07
30.601 1.32384e+07
30.701 1.32516e+07
30.801 1.32645e+07
30.901 1.32775e+07
31.001 1.32903e+07
31.101 1.33031e+07
31.201 1.33157e+07
31.301 1.33284e+07
31.401 1.33408e+07
31.501 1.33533e+07
31.601 1.33656e+07
31.701 1.33779e+07
31.801 1.33901e+07
31.901 1.34023e+07
32.001 1.34143e+07
32.101 1.34263e+07
32.201 1.34382e+07
32.301 1.345e+07
32.401 1.34618e+07
32.501 1.34735e+07
32.601 1.34851e+07
32.701 1.34966e+07
32.801 1.35081e+07
32.901 1.35195e+07
33.001 1.35308e+07
33.101 1.35421e+07
33.201 1.35533e+07
33.301 1.35644e+07
33.401 1.35755e+07
33.501 1.35864e+07
33.601 1.35974e+07
33.701 1.36082e+07
33.801 1.36191e+07
33.901 1.36298e+07
34.001 1.36405e+07
34.101 1.3651e+07
34.201 1.36616e+07
34.301 1.36721e+07
34.401 1.36825e+07
34.501 1.36929e+07
34.601 1.37032e+07
34.701 1.37134e+07
34.801 1.37236e+07
34.901 1.37337e+07
35.001 1.37438e+07
35.101 1.37538e+07
35.201 1.37638e+07
35.301 1.37738e+07
35.401 1.37836e+07
35.501 1.37934e+07
35.601 1.38031e+07
35.701 1.38128e+07
35.801 1.38224e+07
35.901 1.3832e+07
36.001 1.38415e+07
36.101 1.3851e+07
36.201 1.38603e+07
36.301 1.38697e+07
36.401 1.3879e+07
36.501 1.38883e+07
36.601 1.38975e+07
36.701 1.39067e+07
36.801 1.39157e+07
36.901 1.39248e+07
37.001 1.39338e+07
37.101 1.39428e+07
37.201 1.39517e+07
37.301 1.39606e+07
37.401 1.39694e+07
37.501 1.39782e+07
37.601 1.39869e+07
37.701 1.39956e+07
37.801 1.40042e+07
37.901 1.40128e+07
38.001 1.39994e+07
38.101 1.39635e+07
38.201 1.39285e+07
38.301 1.38944e+07
38.401 1.38612e+07
38.501 1.38283e+07
38.601 1.37967e+07
38.701 1.37663e+07
38.801 1.37367e+07
38.901 1.37082e+07
39.001 1.36806e+07
39.101 1.36538e+07
39.201 1.3628e+07
39.301 1.36032e+07
39.401 1.35793e+07
39.501 1.35557e+07
39.601 1.35327e+07
39.701 1.35107e+07
39.801 1.34899e+07
39.901 1.34703e+07
40.001 1.34516e+07
40.101 1.34337e+07
40.201 1.34166e+07
40.301 1.34005e+07
40.401 1.33851e+07
40.501 1.33702e+07
40.601 1.33557e+07
40.701 1.3342e+07
40.801 1.3329e+07
40.901 1.33169e+07
41.001 1.33058e+07
41.101 1.32959e+07
41.201 1.32868e+07
41.301 1.32785e+07
41.401 1.32708e+07
41.501 1.32639e+07
41.601 1.3257e+07
41.701 1.32508e+07
41.801 1.32456e+07
41.901 1.3241e+07
42.001 1.3237e+07
42.101 1.32336e+07
42.201 1.32309e+07
42.301 1.32295e+07
42.401 1.32289e+07
42.501 1.32289e+07
42.601 1.32289e+07
42.701 1.32295e+07
42.801 1.32308e+07
42.901 1.32328e+07
43.001 1.32356e+07
43.101 1.32392e+07
43.201 1.32434e+07
43.301 1.32481e+07
43.401 1.32533e+07
43.501 1.32594e+07
43.601 1.32658e+07
43.701 1.32725e+07
43.801 1.32797e+07
43.901 1.32874e+07
44.001 1.32957e+07
44.101 1.33044e+07
44.201 1.33134e+07
44.301 1.33222e+07
44.401 1.33311e+07
44.501 1.33399e+07
44.601 1.33487e+07
44.701 1.33575e+07
44.801 1.33662e+07
44.901 1.33748e+07
45.001 1.33835e+07
45.101 1.33921e+07
45.201 1.34006e+07
45.301 1.34091e+07
45.401 1.34176e+07
45.501 1.3426e+07
45.601 1.34345e+07
45.701 1.34429e+07
45.801 1.34512e+07
45.901 1.34595e+07
46.001 1.34677e+07
46.101 1.3476e+07
46.201 1.34841e+07
46.301 1.34923e+07
46.401 1.35004e+07
46.501 1.35085e+07
46.601 1.35165e+07
46.701 1.35246e+07
46.801 1.35325e+07
46.901 1.35405e+07
47.001 1.35484e+07
47.101 1.35563e+07
47.201 1.35641e+07
47.301 1.35719e+07
47.401 1.35797e+07
47.501 1.35875e+07
47.601 1.35951e+07
47.701 1.36029e+07
47.801 1.36105e+07
47.901 1.36181e+07
48.001 1.36257e+07
48.101 1.36333e+07
48.201 1.36407e+07
48.301 1.36483e+07
48.401 1.36557e+07
48.501 1.36631e+07
48.601 1.36706e+07
48.701 1.36779e+07
48.801 1.36853e+07
48.901 1.36926e+07
49.001 1.36999e+07
49.101 1.37071e+07
49.201 1.37143e+07
49.301 1.37215e+07
49.401 1.37287e+07
49.501 1.37358e+07
49.601 1.37429e+07
49.701 1.375e+07
49.801 1.3757e+07
49.901 1.3764e+07
50.001 1.3771e+07
50.101 1.3778e+07
50.201 1.37849e+07
50.301 1.37918e+07
50.401 1.37987e+07
50.501 1.38055e+07
50.601 1.38124e+07
50.701 1.38192e+07
50.801 1.38259e+07
50.901 1.38327e+07
51.001 1.38394e+07
51.101 1.38461e+07
51.201 1.38528e+07
51.301 1.38594e+07
51.401 1.3866e+07
51.501 1.38726e+07
51.601 1.38792e+07
51.701 1.38857e+07
51.801 1.38922e+07
51.901 1.38987e+07
52.001 1.39052e+07
52.101 1.39116e+07
52.201 1.3918e+07
52.301 1.39244e+07
52.401 1.39308e+07
52.501 1.39371e+07
52.601 1.39434e+07
52.701 1.39497e+07
52.801 1.3956e+07
52.901 1.39622e+07
53.001 1.39684e+07
53.101 1.39746e+07
53.201 1.39808e+07
53.301 1.3987e+07
53.401 1.39931e+07
53.501 1.39992e+07
53.601 1.40053e+07
53.701 1.40113e+07
53.801 1.40173e+07
53.901 1.40234e+07
54.001 1.40293e+07
54.101 1.40353e+07
54.201 1.40413e+07
54.301 1.40472e+07
54.401 1.40531e+07
54.501 1.4059e+07
54.601 1.40649e+07
54.701 1.40707e+07
54.801 1.40765e+07
54.901 1.40823e+07
55.001 1.40881e+07
55.101 1.40938e+07
55.201 1.40996e+07
55.301 1.41053e+07
55.401 1.4111e+07
55.501 1.41166e+07
55.601 1.41223e+07
55.701 1.41279e+07
55.801 1.41336e+07
55.901 1.41391e+07
56.001 1.41447e+07
56.101 1.41502e+07
56.201 1.41558e+07
56.301 1.41459e+07
56.401 1.41214e+07
56.501 1.40974e+07
56.601 1.40741e+07
56.701 1.40513e+07
56.801 1.40291e+07
56.901 1.40071e+07
57.001 1.39858e+07
57.101 1.39653e+07
57.201 1.39455e+07
57.301 1.39263e+07
57.401 1.39076e+07
57.501 1.38896e+07
57.601 1.38722e+07
57.701 1.38554e+07
57.801 1.38393e+07
57.901 1.38232e+07
58.001 1.38077e+07
58.101 1.37926e+07
58.201 1.37783e+07
58.301 1.3765e+07
58.401 1.37522e+07
58.501 1.37399e+07
58.601 1.37282e+07
58.701 1.37171e+07
58.801 1.37066e+07
58.901 1.36963e+07
59.001 1.36863e+07
59.101 1.36767e+07
59.201 1.36678e+07
59.301 1.36594e+07
59.401 1.36515e+07
59.501 1.36446e+07
59.601 1.36382e+07
59.701 1.36323e+07
59.801 1.3627e+07
59.901 1.36221e+07
60.001 1.36172e+07
60.101 1.36129e+07
60.201 1.36091e+07
60.301 1.36057e+07
60.401 1.36027e+07
60.501 1.36003e+07
60.601 1.35982e+07
60.701 1.3597e+07
60.801 1.35964e+07
60.901 1.35963e+07
61.001 1.35962e+07
61.101 1.35965e+07
61.201 1.35973e+07
61.301 1.35987e+07
61.401 1.36006e+07
61.501 1.3603e+07
61.601 1.36057e+07
61.701 1.36088e+07
61.801 1.36123e+07
61.901 1.36163e+07
62.001 1.36206e+07
62.101 1.36251e+07
62.201 1.363e+07
62.301 1.36353e+07
62.401 1.36409e+07
62.501 1.36467e+07
62.601 1.36525e+07
62.701 1.36583e+07
62.801 1.3664e+07
62.901 1.36697e+07
63.001 1.36754e+07
63.101 1.36811e+07
63.201 1.36867e+07
63.301 1.36924e+07
63.401 1.3698e+07
63.501 1.37036e+07
63.601 1.37092e+07
63.701 1.37148e+07
63.801 1.37203e+07
63.901 1.37259e+07
64.001 1.37314e+07
64.101 1.37369e+07
64.201 1.37424e+07
64.301 1.37478e+07
64.401 1.37533e+07
64.501 1.37587e+07
64.601 1.37641e+07
64.701 1.37695e+07
64.801 1.3775e+07
64.901 1.37803e+07
65.001 1.37857e+07
65.101 1.3791e+07
65.201 1.37963e+07
65.301 1.38016e+07
65.401 1.38069e+07
65.501 1.38122e+07
65.601 1.38174e+07
65.701 1.38226e+07
65.801 1.38279e+07
65.901 1.38331e+07
66.001 1.38383e+07
66.101 1.38434e+07
66.201 1.38486e+07
66.301 1.38537e+07
66.401 1.38589e+07
66.501 1.3864e+07
66.601 1.38691e+07
66.701 1.38742e+07
66.801 1.38792e+07
66.901 1.38843e+07
67.001 1.38893e+07
67.101 1.38943e+07
67.201 1.38994e+07
67.301 1.39043e+07
67.401 1.39093e+07
67.501 1.39143e+07
67.601 1.39192e+07
67.701 1.39242e+07
67.801 1.39291e+07
67.901 1.3934e+07
68.001 1.39389e+07
68.101 1.39438e+07
68.201 1.39486e+07
68.301 1.39535e+07
68.401 1.39583e+07
68.501 1.39631e+07
68.601 1.39679e+07
68.701 1.39727e+07
68.801 1.39775e+07
68.901 1.39823e+07
69.001 1.3987e+07
69.101 1.39917e+07
69.201 1.39964e+07
69.301 1.40012e+07
69.401 1.40058e+07
69.501 1.40105e+07
69.601 1.40152e+07
69.701 1.40199e+07
69.801 1.40245e+07
69.901 1.40291e+07
70.001 1.40337e+07
70.101 1.40383e+07
70.201 1.40429e+07
70.301 1.40475e+07
70.401 1.40521e+07
70.501 1.40566e+07
70.601 1.40612e+07
70.701 1.40657e+07
70.801 1.40702e+07
70.901 1.40747e+07
71.001 1.40792e+07
71.101 1.40836e+07
71.201 1.40881e+07
71.301 1.40925e+07
71.401 1.4097e+07
71.501 1.41014e+07
71.601 1.41058e+07
71.701 1.41102e+07
71.801 1.41146e+07
71.901 1.41189e+07
72.001 1.41233e+07
72.101 1.41277e+07
72.201 1.4132e+07
72.301 1.41363e+07
72.401 1.41406e+07
72.501 1.41449e+07
72.601 1.41492e+07
72.701 1.41535e+07
72.801 1.41578e+07
72.901 1.4162e+07
73.001 1.41663e+07
73.101 1.41705e+07
73.201 1.41747e+07
73.301 1.41789e+07
73.401 1.41831e+07
73.501 1.41873e+07
73.601 1.41915e+07
73.701 1.41957e+07
73.801 1.41998e+07
73.901 1.42039e+07
74.001 1.42081e+07
74.101 1.42122e+07
74.201 1.42163e+07
74.301 1.42204e+07
74.401 1.42245e+07
74.501 1.42285e+07
74.601 1.42205e+07
74.701 1.42019e+07
74.801 1.41837e+07
74.901 1.41659e+07
75.001 1.41486e+07
75.101 1.41317e+07
75.201 1.41152e+07
75.301 1.40988e+07
75.401 1.4083e+07
75.501 1.40678e+07
75.601 1.40531e+07
75.701 1.40388e+07
75.801 1.40249e+07
75.901 1.40115e+07
76.001 1.39986e+07
76.101 1.39862e+07
76.201 1.39741e+07
76.301 1.39622e+07
76.401 1.39505e+07
76.501 1.39393e+07
76.601 1.39286e+07
76.701 1.39187e+07
76.801 1.39091e+07
76.901 1.39e+07
77.001 1.38913e+07
77.101 1.3883e+07
77.201 1.38752e+07
77.301 1.38675e+07
77.401 1.386e+07
77.501 1.38529e+07
77.601 1.38463e+07
77.701 1.384e+07
77.801 1.38342e+07
77.901 1.38289e+07
78.001 1.38242e+07
78.101 1.38198e+07
78.201 1.38159e+07
78.301 1.38123e+07
78.401 1.38088e+07
78.501 1.38056e+07
78.601 1.38027e+07
78.701 1.38002e+07
78.801 1.37981e+07
78.901 1.37963e+07
79.001 1.37948e+07
79.101 1.37939e+07
79.201 1.37936e+07
79.301 1.37936e+07
79.401 1.37937e+07
79.501 1.37941e+07
79.601 1.37949e+07
79.701 1.37961e+07
79.801 1.37977e+07
79.901 1.37996e+07
80.001 1.38017e+07
80.101 1.38041e+07
80.201 1.38068e+07
80.301 1.38099e+07
80.401 1.38133e+07
80.501 1.38169e+07
80.601 1.38207e+07
80.701 1.38248e+07
80.801 1.38291e+07
80.901 1.38333e+07
81.001 1.38376e+07
81.101 1.38418e+07
81.201 1.3846e+07
81.301 1.38502e+07
81.401 1.38544e+07
81.501 1.38585e+07
81.601 1.38627e+07
81.701 1.38669e+07
81.801 1.3871e+07
81.901 1.38752e+07
82.001 1.38793e+07
82.101 1.38834e+07
82.201 1.38875e+07
82.301 1.38916e+07
82.401 1.38957e+07
82.501 1.38998e+07
82.601 1.39038e+07
82.701 1.39079e+07
82.801 1.39119e+07
82.901 1.3916e+07
83.001 1.392e+07
83.101 1.3924e+07
83.201 1.3928e+07
83.301 1.3932e+07
83.401 1.3936e+07
83.501 1.394e+07
83.601 1.3944e+07
83.701 1.39479e+07
83.801 1.39519e+07
83.901 1.39558e+07
84.001 1.39597e+07
84.101 1.39637e+07
84.201 1.39676e+07
84.301 1.39715e+07
84.401 1.39754e+07
84.501 1.39793e+07
84.601 1.39831e+07
84.701 1.3987e+07
84.801 1.39909e+07
84.901 1.39947e+07
85.001 1.39986e+07
85.101 1.40024e+07
85.201 1.40062e+07
85.301 1.401e+07
85.401 1.40138e+07
85.501 1.40176e+07
85.601 1.40214e+07
85.701 1.40252e+07
85.801 1.40289e+07
85.901 1.40327e+07
86.001 1.40365e+07
86.101 1.40402e+07
86.201 1.40439e+07
86.301 1.40477e+07
86.401 1.40514e+07
86.501 1.40551e+07
86.601 1.40588e+07
86.701 1.40625e+07
86.801 1.40662e+07
86.901 1.40698e+07
87.001 1.40735e+07
87.101 1.40772e+07
87.201 1.40808e+07
87.301 1.40845e+07
87.401 1.40881e+07
87.501 1.40917e+07
87.601 1.40953e+07
87.701 1.40989e+07
87.801 1.41025e+07
87.901 1.41061e+07
88.001 1.41097e+07
88.101 1.41133e+07
88.201 1.41169e+07
88.301 1.41204e+07
88.401 1.4124e+07
88.501 1.41275e+07
88.601 1.4131e+07
88.701 1.41345e+07
88.801 1.41381e+07
88.901 1.41416e+07
89.001 1.41451e+07
89.101 1.41486e+07
89.201 1.41521e+07
89.301 1.41556e+07
89.401 1.4159e+07
89.501 1.41625e+07
89.601 1.41659e+07
89.701 1.41694e+07
89.801 1.41728e+07
89.901 1.41763e+07
90.001 1.41797e+07
90.101 1.41831e+07
90.201 1.41865e+07
90.301 1.41899e+07
90.401 1.41933e+07
90.501 1.41967e+07
90.601 1.42001e+07
90.701 1.42035e+07
90.801 1.42068e+07
90.901 1.42102e+07
91.001 1.42135e+07
91.101 1.42169e+07
91.201 1.42202e+07
91.301 1.42235e+07
91.401 1.42268e+07
91.501 1.42302e+07
91.601 1.42335e+07
91.701 1.42368e+07
91.801 1.42401e+07
91.901 1.42434e+07
92.001 1.42466e+07
92.101 1.42499e+07
92.201 1.42532e+07
92.301 1.42564e+07
92.401 1.42597e+07
92.501 1.42629e+07
92.601 1.42662e+07
92.701 1.42694e+07
92.801 1.42726e+07
92.901 1.42657e+07
93.001 1.42507e+07
93.101 1.42361e+07
93.201 1.42217e+07
93.301 1.42077e+07
93.401 1.41941e+07
93.501 1.41807e+07
93.601 1.41678e+07
93.701 1.41549e+07
93.801 1.41424e+07
93.901 1.41304e+07
94.001 1.41188e+07
94.101 1.41076e+07
94.201 1.40967e+07
94.301 1.40862e+07
94.401 1.40761e+07
94.501 1.40663e+07
94.601 1.40568e+07
94.701 1.40474e+07
94.801 1.40383e+07
94.901 1.40295e+07
95.001 1.40211e+07
95.101 1.40132e+07
95.201 1.40057e+07
95.301 1.39986e+07
95.401 1.39918e+07
95.501 1.39854e+07
95.601 1.39792e+07
95.701 1.39732e+07
95.801 1.39674e+07
95.901 1.39619e+07
96.001 1.39567e+07
96.101 1.39518e+07
96.201 1.39472e+07
96.301 1.39431e+07
96.401 1.39395e+07
96.501 1.39361e+07
96.601 1.39332e+07
96.701 1.39305e+07
96.801 1.39278e+07
96.901 1.39253e+07
97.001 1.39232e+07
97.101 1.39213e+07
97.201 1.39197e+07
97.301 1.39184e+07
97.401 1.39174e+07
97.501 1.39168e+07
97.601 1.39167e+07
97.701 1.39169e+07
97.801 1.39172e+07
97.901 1.39177e+07
98.001 1.39186e+07
98.101 1.39197e+07
98.201 1.39211e+07
98.301 1.39227e+07
98.401 1.39246e+07
98.501 1.39267e+07
98.601 1.3929e+07
98.701 1.39316e+07
98.801 1.39345e+07
98.901 1.39375e+07
99.001 1.39408e+07
99.101 1.39441e+07
99.201 1.39475e+07
99.301 1.39508e+07
99.401 1.39541e+07
99.501 1.39574e+07
99.601 1.39608e+07
99.701 1.3964e+07
99.801 1.39674e+07
99.901 1.39707e+07
100.001 1.39739e+07
100.101 1.39772e+07
100.201 1.39805e+07
100.301 1.39838e+07
100.401 1.3987e+07
100.501 1.39903e+07
100.601 1.39935e+07
100.701 1.39968e+07
100.801 1.4e+07
100.901 1.40033e+07
101.001 1.40065e+07
101.101 1.40097e+07
101.201 1.40129e+07
101.301 1.40161e+07
101.401 1.40193e+07
101.501 1.40225e+07
101.601 1.40257e+07
101.701 1.40289e+07
101.801 1.4032e+07
101.901 1.40352e+07
102.001 1.40383e+07
102.101 1.40415e+07
102.201 1.40446e+07
102.301 1.40478e+07
102.401 1.40509e+07
102.501 1.40541e+07
102.601 1.40572e+07
102.701 1.40603e+07
102.801 1.40634e+07
102.901 1.40665e+07
103.001 1.40696e+07
103.101 1.40727e+07
103.201 1.40758e+07
103.301 1.40789e+07
103.401 1.4082e+07
103.501 1.4085e+07
103.601 1.40881e+07
103.701 1.40911e+07
103.801 1.40942e+07
103.901 1.40972e+07
104.001 1.41003e+07
104.101 1.41033e+07
104.201 1.41064e+07
104.301 1.41094e+07
104.401 1.41124e+07
104.501 1.41154e+07
104.601 1.41184e+07
104.701 1.41214e+07
104.801 1.41244e+07
104.901 1.41274e+07
105.001 1.41304e+07
105.101 1.41333e+07
105.201 1.41363e+07
105.301 1.41393e+07
105.401 1.41422e+07
105.501 1.41452e+07
105.601 1.41481e+07
105.701 1.41511e+07
105.801 1.4154e+07
105.901 1.4157e+07
106.001 1.41599e+07
106.101 1.41628e+07
106.201 1.41657e+07
106.301 1.41686e+07
106.401 1.41715e+07
106.501 1.41744e+07
106.601 1.41773e+07
106.701 1.41802e+07
106.801 1.41831e+07
106.901 1.4186e+07
107.001 1.41888e+07
107.101 1.41917e+07
107.201 1.41946e+07
107.301 1.41974e+07
107.401 1.42003e+07
107.501 1.42031e+07
107.601 1.4206e+07
107.701 1.42088e+07
107.801 1.42116e+07
107.901 1.42145e+07
108.001 1.42173e+07
108.101 1.42201e+07
108.201 1.42229e+07
108.301 1.42257e+07
108.401 1.42285e+07
108.501 1.42313e+07
108.601 1.42341e+07
108.701 1.42369e+07
108.801 1.42396e+07
108.901 1.42424e+07
109.001 1.42452e+07
109.101 1.42479e+07
109.201 1.42507e+07
109.301 1.42534e+07
109.401 1.42562e+07
109.501 1.42589e+07
109.601 1.42617e+07
109.701 1.42644e+07
109.801 1.42671e+07
109.901 1.42698e+07
110.001 1.42726e+07
110.101 1.42753e+07
110.201 1.4278e+07
110.301 1.42807e+07
110.401 1.42834e+07
110.501 1.42861e+07
110.601 1.42888e+07
110.701 1.42914e+07
110.801 1.42941e+07
110.901 1.42968e+07
111.001 1.42995e+07
111.101 1.43022e+07
111.201 1.4296e+07
111.301 1.42835e+07
111.401 1.42712e+07
111.501 1.42592e+07
111.601 1.42474e+07
111.701 1.4236e+07
111.801 1.42248e+07
111.901 1.4214e+07
112.001 1.42034e+07
112.101 1.41929e+07
112.201 1.41826e+07
112.301 1.41728e+07
112.401 1.41634e+07
112.501 1.41542e+07
112.601 1.41453e+07
112.701 1.41368e+07
112.801 1.41285e+07
112.901 1.41206e+07
113.001 1.41128e+07
113.101 1.41052e+07
113.201 1.40978e+07
113.301 1.40907e+07
113.401 1.40838e+07
113.501 1.40774e+07
113.601 1.40713e+07
113.701 1.40656e+07
113.801 1.40601e+07
113.901 1.40548e+07
114.001 1.40499e+07
114.101 1.40451e+07
114.201 1.40404e+07
114.301 1.4036e+07
114.401 1.40318e+07
114.501 1.40279e+07
114.601 1.40243e+07
114.701 1.40209e+07
114.801 1.4018e+07
114.901 1.40155e+07
115.001 1.40132e+07
115.101 1.40111e+07
115.201 1.4009e+07
115.301 1.40071e+07
115.401 1.40055e+07
115.501 1.4004e+07
115.601 1.40029e+07
115.701 1.4002e+07
115.801 1.40013e+07
115.901 1.40009e+07
116.001 1.4001e+07
116.101 1.40014e+07
116.201 1.40018e+07
116.301 1.40025e+07
116.401 1.40034e+07
116.501 1.40045e+07
116.601 1.40058e+07
116.701 1.40073e+07
116.801 1.4009e+07
116.901 1.40109e+07
117.001 1.4013e+07
117.101 1.40153e+07
117.201 1.40178e+07
117.301 1.40205e+07
117.401 1.40233e+07
117.501 1.4026e+07
117.601 1.40288e+07
117.701 1.40315e+07
117.801 1.40342e+07
117.901 1.4037e+07
118.001 1.40397e+07
118.101 1.40425e+07
118.201 1.40452e+07
118.301 1.40479e+07
118.401 1.40506e+07
118.501 1.40533e+07
118.601 1.4056e+07
118.701 1.40587e+07
118.801 1.40614e+07
118.901 1.40641e+07
119.001 1.40668e+07
119.101 1.40695e+07
119.201 1.40721e+07
119.301 1.40748e+07
119.401 1.40775e+07
119.501 1.40801e+07
119.601 1.40828e+07
119.701 1.40854e+07
119.801 1.40881e+07
119.901 1.40907e+07
120.001 1.40934e+07
120.101 1.4096e+07
120.201 1.40986e+07
120.301 1.41013e+07
120.401 1.41039e+07
120.501 1.41065e+07
120.601 1.41091e+07
120.701 1.41117e+07
120.801 1.41143e+07
120.901 1.41169e+07
121.001 1.41195e+07
121.101 1.41221e+07
121.201 1.41247e+07
121.301 1.41273e+07
121.401 1.41299e+07
121.501 1.41324e+07
121.601 1.4135e+07
121.701 1.41376e+07
121.801 1.41402e+07
121.901 1.41427e+07
122.001 1.41453e+07
122.101 1.41478e+07
122.201 1.41504e+07
122.301 1.41529e+07
122.401 1.41554e+07
122.501 1.4158e+07
122.601 1.41605e+07
122.701 1.4163e+07
122.801 1.41655e+07
122.901 1.41681e+07
123.001 1.41706e+07
123.101 1.41731e+07
123.201 1.41756e+07
123.301 1.41781e+07
123.401 1.41806e+07
123.501 1.41831e+07
123.601 1.41856e+07
123.701 1.41881e+07
123.801 1.41905e+07
123.901 1.4193e+07
124.001 1.41955e+07
124.101 1.4198e+07
124.201 1.42004e+07
124.301 1.42029e+07
124.401 1.42053e+07
124.501 1.42078e+07
124.601 1.42102e+07
124.701 1.42127e+07
124.801 1.42151e+07
124.901 1.42176e+07
125.001 1.422e+07
125.101 1.42224e+07
125.201 1.42249e+07
125.301 1.42273e+07
125.401 1.42297e+07
125.501 1.42321e+07
125.601 1.42345e+07
125.701 1.42369e+07
125.801 1.42393e+07
125.901 1.42417e+07
126.001 1.42441e+07
126.101 1.42465e+07
126.201 1.42489e+07
126.301 1.42513e+07
126.401 1.42537e+07
126.501 1.4256e+07
126.601 1.42584e+07
126.701 1.42608e+07
126.801 1.42631e+07
126.901 1.42655e+07
127.001 1.42679e+07
127.101 1.42702e+07
127.201 1.42726e+07
127.301 1.42749e+07
127.401 1.42772e+07
127.501 1.42796e+07
127.601 1.42819e+07
127.701 1.42843e+07
127.801 1.42866e+07
127.901 1.42889e+07
128.001 1.42912e+07
128.101 1.42935e+07
128.201 1.42958e+07
128.301 1.42982e+07
128.401 1.43005e+07
128.501 1.43028e+07
128.601 1.43051e+07
128.701 1.43074e+07
128.801 1.43096e+07
128.901 1.43119e+07
129.001 1.43142e+07
129.101 1.43165e+07
129.201 1.43188e+07
129.301 1.43211e+07
129.401 1.43232e+07
129.501 1.43178e+07
129.601 1.4307e+07
129.701 1.42964e+07
129.801 1.42861e+07
129.901 1.4276e+07
130.001 1.42661e+07
130.101 1.42565e+07
130.201 1.42472e+07
130.301 1.4238e+07
130.401 1.42291e+07
130.501 1.42203e+07
130.601 1.42117e+07
130.701 1.42035e+07
130.801 1.41956e+07
130.901 1.41879e+07
131.001 1.41806e+07
131.101 1.41734e+07
131.201 1.41665e+07
131.301 1.41598e+07
131.401 1.41534e+07
131.501 1.41471e+07
131.601 1.41409e+07
131.701 1.41349e+07
131.801 1.41292e+07
131.901 1.41238e+07
132.001 1.41189e+07
132.101 1.41141e+07
132.201 1.41096e+07
132.301 1.41052e+07
132.401 1.41012e+07
132.501 1.40973e+07
132.601 1.40934e+07
132.701 1.40898e+07
132.801 1.40863e+07
132.901 1.40831e+07
133.001 1.40802e+07
133.101 1.40775e+07
133.201 1.40752e+07
133.301 1.40731e+07
133.401 1.40713e+07
133.501 1.40697e+07
133.601 1.4068e+07
133.701 1.40666e+07
133.801 1.40653e+07
133.901 1.40643e+07
134.001 1.40634e+07
134.101 1.40628e+07
134.201 1.40624e+07
134.301 1.40623e+07
134.401 1.40625e+07
134.501 1.4063e+07
134.601 1.40636e+07
134.701 1.40643e+07
134.801 1.40652e+07
134.901 1.40663e+07
135.001 1.40676e+07
135.101 1.4069e+07
135.201 1.40706e+07
135.301 1.40723e+07
135.401 1.40743e+07
135.501 1.40764e+07
135.601 1.40787e+07
135.701 1.40811e+07
135.801 1.40834e+07
135.901 1.40858e+07
136.001 1.40881e+07
136.101 1.40904e+07
136.201 1.40928e+07
136.301 1.40951e+07
136.401 1.40974e+07
136.501 1.40997e+07
136.601 1.4102e+07
136.701 1.41043e+07
136.801 1.41066e+07
136.901 1.41089e+07
137.001 1.41112e+07
137.101 1.41135e+07
137.201 1.41158e+07
137.301 1.41181e+07
137.401 1.41204e+07
137.501 1.41227e+07
137.601 1.4125e+07
137.701 1.41272e+07
137.801 1.41295e+07
137.901 1.41318e+07
138.001 1.4134e+07
138.101 1.41363e+07
138.201 1.41386e+07
138.301 1.41408e+07
138.401 1.41431e+07
138.501 1.41453e+07
138.601 1.41476e+07
138.701 1.41498e+07
138.801 1.41521e+07
138.901 1.41543e+07
139.001 1.41565e+07
139.101 1.41588e+07
139.201 1.4161e+07
139.301 1.41632e+07
139.401 1.41654e+07
139.501 1.41676e+07
139.601 1.41699e+07
139.701 1.41721e+07
139.801 1.41743e+07
139.901 1.41765e+07
140.001 1.41787e+07
140.101 1.41809e+07
140.201 1.41831e+07
140.301 1.41853e+07
140.401 1.41874e+07
140.501 1.41896e+07
140.601 1.41918e+07
140.701 1.4194e+07
140.801 1.41962e+07
140.901 1.41984e+07
141.001 1.42005e+07
141.101 1.42027e+07
141.201 1.42049e+07
141.301 1.4207e+07
141.401 1.42092e+07
141.501 1.42113e+07
141.601 1.42135e+07
141.701 1.42156e+07
141.801 1.42178e+07
141.901 1.42199e+07
142.001 1.42221e+07
142.101 1.42242e+07
142.201 1.42263e+07
142.301 1.42285e+07
142.401 1.42306e+07
142.501 1.42327e+07
142.601 1.42348e+07
142.701 1.4237e+07
142.801 1.42391e+07
142.901 1.42412e+07
143.001 1.42433e+07
143.101 1.42454e+07
143.201 1.42475e+07
143.301 1.42496e+07
143.401 1.42517e+07
143.501 1.42538e+07
143.601 1.42559e+07
143.701 1.4258e+07
143.801 1.42601e+07
143.901 1.42622e+07
144.001 1.42642e+07
144.101 1.42663e+07
144.201 1.42684e+07
144.301 1.42705e+07
144.401 1.42725e+07
144.501 1.42746e+07
144.601 1.42767e+07
144.701 1.42787e+07
144.801 1.42808e+07
144.901 1.42828e+07
145.001 1.42849e+07
145.101 1.42869e+07
145.201 1.4289e+07
145.301 1.4291e+07
145.401 1.42931e+07
145.501 1.42951e+07
145.601 1.42971e+07
145.701 1.42992e+07
145.801 1.43012e+07
145.901 1.43032e+07
146.001 1.43053e+07
146.101 1.43073e+07
146.201 1.43093e+07
146.301 1.43113e+07
146.401 1.43133e+07
146.501 1.43153e+07
146.601 1.43174e+07
146.701 1.43194e+07
146.801 1.43214e+07
146.901 1.43234e+07
147.001 1.43254e+07
147.101 1.43274e+07
147.201 1.43294e+07
147.301 1.43313e+07
147.401 1.43333e+07
147.501 1.43353e+07
147.601 1.43373e+07
147.701 1.43389e+07
147.801 1.43342e+07
147.901 1.43247e+07
148.001 1.43154e+07
148.101 1.43064e+07
148.201 1.42975e+07
148.301 1.42888e+07
148.401 1.42804e+07
148.501 1.42722e+07
148.601 1.42641e+07
148.701 1.42563e+07
148.801 1.42488e+07
148.901 1.42412e+07
149.001 1.42339e+07
149.101 1.42268e+07
149.201 1.42201e+07
149.301 1.42136e+07
149.401 1.42073e+07
149.501 1.42012e+07
149.601 1.41953e+07
149.701 1.41897e+07
149.801 1.41842e+07
149.901 1.41789e+07
150.001 1.41736e+07
150.101 1.41686e+07
150.201 1.41638e+07
150.301 1.41592e+07
150.401 1.4155e+07
150.501 1.4151e+07
150.601 1.41471e+07
150.701 1.41435e+07
150.801 1.41401e+07
150.901 1.41369e+07
151.001 1.41337e+07
151.101 1.41306e+07
151.201 1.41278e+07
151.301 1.41252e+07
151.401 1.41227e+07
151.501 1.41205e+07
151.601 1.41186e+07
151.701 1.4117e+07
151.801 1.41156e+07
151.901 1.41143e+07
152.001 1.41129e+07
152.101 1.41118e+07
152.201 1.41109e+07
152.301 1.41101e+07
152.401 1.41096e+07
152.501 1.41092e+07
152.601 1.4109e+07
152.701 1.4109e+07
152.801 1.41094e+07
152.901 1.41101e+07
153.001 1.41107e+07
153.101 1.41115e+07
153.201 1.41124e+07
153.301 1.41134e+07
153.401 1.41147e+07
153.501 1.4116e+07
153.601 1.41176e+07
153.701 1.41193e+07
153.801 1.41211e+07
153.901 1.41231e+07
154.001 1.41252e+07
154.101 1.41272e+07
154.201 1.41292e+07
154.301 1.41313e+07
154.401 1.41333e+07
154.501 1.41353e+07
154.601 1.41373e+07
154.701 1.41393e+07
154.801 1.41413e+07
154.901 1.41434e+07
155.001 1.41454e+07
155.101 1.41474e+07
155.201 1.41494e+07
155.301 1.41514e+07
155.401 1.41534e+07
155.501 1.41554e+07
155.601 1.41574e+07
155.701 1.41594e+07
155.801 1.41613e+07
155.901 1.41633e+07
156.001 1.41653e+07
156.101 1.41673e+07
156.201 1.41693e+07
156.301 1.41713e+07
156.401 1.41732e+07
156.501 1.41752e+07
156.601 1.41772e+07
156.701 1.41791e+07
156.801 1.41811e+07
156.901 1.41831e+07
157.001 1.4185e+07
157.101 1.4187e+07
157.201 1.41889e+07
157.301 1.41909e+07
157.401 1.41928e+07
157.501 1.41948e+07
157.601 1.41967e+07
157.701 1.41987e+07
157.801 1.42006e+07
157.901 1.42025e+07
158.001 1.42045e+07
158.101 1.42064e+07
158.201 1.42084e+07
158.301 1.42103e+07
158.401 1.42122e+07
158.501 1.42141e+07
158.601 1.4216e+07
158.701 1.4218e+07
158.801 1.42199e+07
158.901 1.42218e+07
159.001 1.42237e+07
159.101 1.42256e+07
159.201 1.42275e+07
159.301 1.42294e+07
159.401 1.42313e+07
159.501 1.42332e+07
159.601 1.42351e+07
159.701 1.4237e+07
159.801 1.42389e+07
159.901 1.42408e+07
160.001 1.42427e+07
160.101 1.42446e+07
160.201 1.42464e+07
160.301 1.42483e+07
160.401 1.42502e+07
160.501 1.42521e+07
160.601 1.42539e+07
160.701 1.42558e+07
160.801 1.42577e+07
160.901 1.42595e+07
161.001 1.42614e+07
161.101 1.42633e+07
161.201 1.42651e+07
161.301 1.4267e+07
161.401 1.42688e+07
161.501 1.42707e+07
161.601 1.42725e+07
161.701 1.42744e+07
161.801 1.42762e+07
161.901 1.42781e+07
162.001 1.42799e+07
162.101 1.42817e+07
162.201 1.42836e+07
162.301 1.42854e+07
162.401 1.42872e+07
162.501 1.42891e+07
162.601 1.42909e+07
162.701 1.42927e+07
162.801 1.42945e+07
162.901 1.42964e+07
163.001 1.42982e+07
163.101 1.43e+07
163.201 1.43018e+07
163.301 1.43036e+07
163.401 1.43054e+07
163.501 1.43072e+07
163.601 1.4309e+07
163.701 1.43108e+07
163.801 1.43126e+07
163.901 1.43144e+07
164.001 1.43162e+07
164.101 1.4318e+07
164.201 1.43198e+07
164.301 1.43216e+07
164.401 1.43234e+07
164.501 1.43252e+07
164.601 1.4327e+07
164.701 1.43287e+07
164.801 1.43305e+07
164.901 1.43323e+07
165.001 1.43341e+07
165.101 1.43358e+07
165.201 1.43376e+07
165.301 1.43394e+07
165.401 1.43411e+07
165.501 1.43429e+07
165.601 1.43447e+07
165.701 1.43464e+07
165.801 1.43482e+07
165.901 1.43499e+07
166.001 1.43512e+07
166.101 1.4347e+07
166.201 1.43386e+07
166.301 1.43302e+07
166.401 1.43222e+07
166.501 1.43142e+07
166.601 1.43065e+07
166.701 1.4299e+07
166.801 1.42917e+07
166.901 1.42845e+07
167.001 1.42776e+07
167.101 1.42708e+07
167.201 1.42642e+07
167.301 1.42577e+07
167.401 1.42513e+07
167.501 1.42452e+07
167.601 1.42394e+07
167.701 1.42338e+07
167.801 1.42284e+07
167.901 1.42231e+07
168.001 1.4218e+07
168.101 1.42132e+07
168.201 1.42085e+07
168.301 1.42039e+07
168.401 1.41994e+07
168.501 1.41951e+07
168.601 1.41909e+07
168.701 1.4187e+07
168.801 1.41834e+07
168.901 1.41799e+07
169.001 1.41767e+07
169.101 1.41737e+07
169.201 1.41708e+07
169.301 1.41681e+07
169.401 1.41653e+07
169.501 1.41628e+07
169.601 1.41604e+07
169.701 1.41582e+07
169.801 1.41562e+07
169.901 1.41544e+07
170.001 1.41529e+07
170.101 1.41515e+07
170.201 1.41504e+07
170.301 1.41494e+07
170.401 1.41483e+07
170.501 1.41475e+07
170.601 1.41468e+07
170.701 1.41462e+07
170.801 1.41459e+07
170.901 1.41457e+07
171.001 1.41457e+07
171.101 1.4146e+07
171.201 1.41464e+07
171.301 1.41471e+07
171.401 1.41478e+07
171.501 1.41486e+07
171.601 1.41495e+07
171.701 1.41506e+07
171.801 1.41518e+07
171.901 1.41532e+07
172.001 1.41547e+07
172.101 1.41563e+07
172.201 1.41581e+07
172.301 1.41599e+07
172.401 1.41617e+07
172.501 1.41635e+07
172.601 1.41652e+07
172.701 1.4167e+07
172.801 1.41688e+07
172.901 1.41706e+07
173.001 1.41724e+07
173.101 1.41742e+07
173.201 1.4176e+07
173.301 1.41777e+07
173.401 1.41795e+07
173.501 1.41813e+07
173.601 1.41831e+07
173.701 1.41848e+07
173.801 1.41866e+07
173.901 1.41884e+07
174.001 1.41901e+07
174.101 1.41919e+07
174.201 1.41937e+07
174.301 1.41954e+07
174.401 1.41972e+07
174.501 1.41989e+07
174.601 1.42007e+07
174.701 1.42024e+07
174.801 1.42042e+07
174.901 1.42059e+07
175.001 1.42077e+07
175.101 1.42094e+07
175.201 1.42112e+07
175.301 1.42129e+07
175.401 1.42146e+07
175.501 1.42164e+07
175.601 1.42181e+07
175.701 1.42198e+07
175.801 1.42216e+07
175.901 1.42233e+07
176.001 1.4225e+07
176.101 1.42267e+07
176.201 1.42285e+07
176.301 1.42302e+07
176.401 1.42319e+07
176.501 1.42336e+07
176.601 1.42353e+07
176.701 1.4237e+07
176.801 1.42387e+07
176.901 1.42404e+07
177.001 1.42421e+07
177.101 1.42439e+07
177.201 1.42456e+07
177.301 1.42473e+07
177.401 1.42489e+07
177.501 1.42507e+07
177.601 1.42523e+07
177.701 1.4254e+07
177.801 1.42557e+07
177.901 1.42574e+07
178.001 1.42591e+07
178.101 1.42608e+07
178.201 1.42625e+07
178.301 1.42641e+07
178.401 1.42658e+07
178.501 1.42675e+07
178.601 1.42692e+07
178.701 1.42708e+07
178.801 1.42725e+07
178.901 1.42742e+07
179.001 1.42759e+07
179.101 1.42775e+07
179.201 1.42792e+07
179.301 1.42808e+07
179.401 1.42825e+07
179.501 1.42842e+07
179.601 1.42858e+07
179.701 1.42875e+07
179.801 1.42891e+07
179.901 1.42908e+07
180.001 1.42924e+07
180.101 1.42941e+07
180.201 1.42957e+07
180.301 1.42974e+07
180.401 1.4299e+07
180.501 1.43006e+07
180.601 1.43023e+07
180.701 1.43039e+07
180.801 1.43056e+07
180.901 1.43072e+07
181.001 1.43088e+07
181.101 1.43104e+07
181.201 1.43121e+07
181.301 1.43137e+07
181.401 1.43153e+07
181.501 1.4317e+07
181.601 1.43186e+07
181.701 1.43202e+07
181.801 1.43218e+07
181.901 1.43234e+07
182.001 1.4325e+07
182.101 1.43266e+07
182.201 1.43282e+07
182.301 1.43299e+07
182.401 1.43315e+07
182.501 1.43331e+07
182.601 1.43347e+07
182.701 1.43363e+07
182.801 1.43379e+07
182.901 1.43395e+07
183.001 1.43411e+07
183.101 1.43427e+07
183.201 1.43442e+07
183.301 1.43458e+07
183.401 1.43474e+07
183.501 1.4349e+07
183.601 1.43506e+07
183.701 1.43522e+07
183.801 1.43538e+07
183.901 1.43553e+07
184.001 1.43569e+07
184.101 1.43585e+07
184.201 1.43601e+07
184.301 1.4361e+07
184.401 1.43572e+07
184.501 1.43496e+07
184.601 1.43422e+07
184.701 1.43348e+07
184.801 1.43277e+07
184.901 1.43207e+07
185.001 1.43139e+07
185.101 1.43073e+07
185.201 1.43009e+07
185.301 1.42946e+07
185.401 1.42885e+07
185.501 1.42826e+07
185.601 1.42768e+07
185.701 1.42711e+07
185.801 1.42655e+07
185.901 1.42601e+07
186.001 1.42551e+07
186.101 1.42502e+07
186.201 1.42454e+07
186.301 1.42408e+07
186.401 1.42364e+07
186.501 1.42322e+07
186.601 1.42281e+07
186.701 1.42241e+07
186.801 1.42202e+07
186.901 1.42165e+07
187.001 1.42129e+07
187.101 1.42095e+07
187.201 1.42063e+07
187.301 1.42034e+07
187.401 1.42007e+07
187.501 1.4198e+07
187.601 1.41956e+07
187.701 1.41933e+07
187.801 1.4191e+07
187.901 1.41888e+07
188.001 1.41868e+07
188.101 1.4185e+07
188.201 1.41834e+07
188.301 1.41819e+07
188.401 1.41805e+07
188.501 1.41795e+07
188.601 1.41786e+07
188.701 1.41778e+07
188.801 1.4177e+07
188.901 1.41763e+07
189.001 1.41758e+07
189.101 1.41755e+07
189.201 1.41753e+07
189.301 1.41753e+07
189.401 1.41755e+07
189.501 1.41759e+07
189.601 1.41764e+07
189.701 1.41771e+07
189.801 1.41779e+07
189.901 1.41787e+07
190.001 1.41796e+07
190.101 1.41807e+07
190.201 1.41819e+07
190.301 1.41832e+07
190.401 1.41847e+07
190.501 1.41863e+07
190.601 1.41879e+07
190.701 1.41895e+07
190.801 1.41911e+07
190.901 1.41927e+07
191.001 1.41943e+07
191.101 1.41959e+07
191.201 1.41975e+07
191.301 1.41991e+07
191.401 1.42007e+07
191.501 1.42023e+07
191.601 1.42039e+07
191.701 1.42055e+07
191.801 1.42071e+07
191.901 1.42087e+07
192.001 1.42103e+07
192.101 1.42119e+07
192.201 1.42135e+07
192.301 1.42151e+07
192.401 1.42166e+07
192.501 1.42182e+07
192.601 1.42198e+07
192.701 1.42214e+07
192.801 1.42229e+07
192.901 1.42245e+07
193.001 1.42261e+07
193.101 1.42277e+07
193.201 1.42292e+07
193.301 1.42308e+07
193.401 1.42324e+07
193.501 1.42339e+07
193.601 1.42355e+07
193.701 1.42371e+07
193.801 1.42386e+07
193.901 1.42402e+07
194.001 1.42417e+07
194.101 1.42433e+07
194.201 1.42448e+07
194.301 1.42464e+07
194.401 1.42479e+07
194.501 1.42495e+07
194.601 1.4251e+07
194.701 1.42526e+07
194.801 1.42541e+07
194.901 1.42557e+07
195.001 1.42572e+07
195.101 1.42587e+07
195.201 1.42603e+07
195.301 1.42618e+07
195.401 1.42633e+07
195.501 1.42649e+07
195.601 1.42664e+07
195.701 1.42679e+07
195.801 1.42695e+07
195.901 1.4271e+07
196.001 1.42725e+07
196.101 1.4274e+07
196.201 1.42756e+07
196.301 1.42771e+07
196.401 1.42786e+07
196.501 1.42801e+07
196.601 1.42816e+07
196.701 1.42831e+07
196.801 1.42847e+07
196.901 1.42862e+07
197.001 1.42877e+07
197.101 1.42892e+07
197.201 1.42907e+07
197.301 1.42922e+07
197.401 1.42937e+07
197.501 1.42952e+07
197.601 1.42967e+07
197.701 1.42982e+07
197.801 1.42997e+07
197.901 1.43012e+07
198.001 1.43027e+07
198.101 1.43008e+07
198.201 1.42936e+07
198.301 1.42863e+07
198.401 1.42791e+07
198.501 1.4272e+07
198.601 1.42648e+07
198.701 1.42576e+07
198.801 1.42504e+07
198.901 1.42433e+07
199.001 1.42361e+07
199.101 1.42289e+07
199.201 1.42218e+07
199.301 1.42147e+07
199.401 1.42075e+07
199.501 1.42004e+07
199.601 1.41933e+07
199.701 1.41862e+07
199.801 1.41791e+07
199.901 1.4172e+07
200.001 1.41649e+07
