0.001 0
0.101 1.30614e+07
0.201 6.88796e+06
0.301 4.84359e+06
0.401 3.8392e+06
0.501 3.23577e+06
0.601 2.83314e+06
0.701 2.53375e+06
0.801 2.3193e+06
0.901 2.15245e+06
1.001 2.01894e+06
1.101 1.90227e+06
1.201 1.81862e+06
1.301 1.81473e+06
1.401 1.84828e+06
1.501 1.97159e+06
1.601 2.14236e+06
1.701 2.35222e+06
1.801 2.62636e+06
1.901 2.91173e+06
2.001 3.22975e+06
2.101 3.58999e+06
2.201 3.94715e+06
2.301 4.33001e+06
2.401 4.73649e+06
2.501 5.14745e+06
2.601 5.57176e+06
2.701 6.00193e+06
2.801 6.40428e+06
2.901 6.77797e+06
3.001 7.12765e+06
3.101 7.45391e+06
3.201 7.76062e+06
3.301 8.04794e+06
3.401 8.31915e+06
3.501 8.5741e+06
3.601 8.81564e+06
3.701 9.04339e+06
3.801 9.25988e+06
3.901 9.46457e+06
4.001 9.65971e+06
4.101 9.84466e+06
4.201 1.00215e+07
4.301 1.019e+07
4.401 1.03503e+07
4.501 1.05041e+07
4.601 1.06506e+07
4.701 1.07915e+07
4.801 1.09259e+07
4.901 1.10554e+07
5.001 1.11791e+07
5.101 1.12986e+07
5.201 1.14129e+07
5.301 1.15234e+07
5.401 1.16294e+07
5.501 1.17319e+07
5.601 1.18304e+07
5.701 1.19258e+07
5.801 1.20175e+07
5.901 1.21066e+07
6.001 1.21922e+07
6.101 1.22754e+07
6.201 1.23556e+07
6.301 1.24336e+07
6.401 1.25088e+07
6.501 1.2582e+07
6.601 1.26527e+07
6.701 1.27216e+07
6.801 1.27881e+07
6.901 1.28531e+07
7.001 1.29162e+07
7.101 1.29772e+07
7.201 1.30368e+07
7.301 1.30944e+07
7.401 1.31509e+07
7.501 1.32055e+07
7.601 1.3259e+07
7.701 1.33107e+07
7.801 1.33615e+07
7.901 1.34107e+07
8.001 1.34589e+07
8.101 1.35057e+07
8.201 1.35516e+07
8.301 1.35961e+07
8.401 1.36398e+07
8.501 1.36822e+07
8.601 1.3724e+07
8.701 1.37644e+07
8.801 1.38043e+07
8.901 1.38429e+07
9.001 1.3881e+07
9.101 1.3918e+07
9.201 1.39544e+07
9.301 1.39898e+07
9.401 1.40247e+07
9.501 1.40586e+07
9.601 1.40921e+07
9.701 1.41246e+07
9.801 1.41567e+07
9.901 1.41882e+07
10.001 1.42187e+07
10.101 1.4249e+07
10.201 1.42783e+07
10.301 1.43029e+07
10.401 1.42216e+07
10.501 1.40991e+07
10.601 1.39895e+07
10.701 1.38893e+07
10.801 1.3805e+07
10.901 1.37322e+07
11.001 1.36685e+07
11.101 1.36211e+07
11.201 1.35815e+07
11.301 1.35519e+07
11.401 1.3538e+07
11.501 1.35295e+07
11.601 1.35315e+07
11.701 1.35456e+07
11.801 1.3567e+07
11.901 1.3597e+07
12.001 1.36277e+07
12.101 1.36575e+07
12.201 1.36872e+07
12.301 1.37161e+07
12.401 1.37448e+07
12.501 1.37728e+07
12.601 1.38005e+07
12.701 1.38276e+07
12.801 1.38546e+07
12.901 1.38808e+07
13.001 1.39069e+07
13.101 1.39324e+07
13.201 1.39577e+07
13.301 1.39824e+07
13.401 1.4007e+07
13.501 1.40309e+07
13.601 1.40548e+07
13.701 1.4078e+07
13.801 1.41012e+07
13.901 1.41238e+07
14.001 1.41463e+07
14.101 1.41683e+07
14.201 1.41901e+07
14.301 1.42117e+07
14.401 1.42327e+07
14.501 1.42537e+07
14.601 1.42742e+07
14.701 1.42946e+07
14.801 1.43145e+07
14.901 1.43344e+07
15.001 1.43538e+07
15.101 1.43731e+07
15.201 1.4392e+07
15.301 1.44108e+07
15.401 1.44292e+07
15.501 1.44475e+07
15.601 1.44655e+07
15.701 1.44833e+07
15.801 1.45008e+07
15.901 1.45182e+07
16.001 1.45353e+07
16.101 1.45523e+07
16.201 1.45689e+07
16.301 1.45855e+07
16.401 1.46017e+07
16.501 1.46179e+07
16.601 1.46337e+07
16.701 1.46495e+07
16.801 1.46649e+07
16.901 1.46804e+07
17.001 1.46956e+07
17.101 1.47105e+07
17.201 1.47254e+07
17.301 1.474e+07
17.401 1.47545e+07
17.501 1.47688e+07
17.601 1.4783e+07
17.701 1.47969e+07
17.801 1.48108e+07
17.901 1.48244e+07
18.001 1.4838e+07
18.101 1.48513e+07
18.201 1.48646e+07
18.301 1.48776e+07
18.401 1.48906e+07
18.501 1.49033e+07
18.601 1.49161e+07
18.701 1.49285e+07
18.801 1.4941e+07
18.901 1.49532e+07
19.001 1.49654e+07
19.101 1.49773e+07
19.201 1.49893e+07
19.301 1.50009e+07
19.401 1.50126e+07
19.501 1.50241e+07
19.601 1.49805e+07
19.701 1.49105e+07
19.801 1.4847e+07
19.901 1.47903e+07
20.001 1.47377e+07
20.101 1.46938e+07
20.201 1.46559e+07
20.301 1.46218e+07
20.401 1.45966e+07
20.501 1.45758e+07
20.601 1.456e+07
20.701 1.45523e+07
20.801 1.45482e+07
20.901 1.45497e+07
21.001 1.45573e+07
21.101 1.45692e+07
21.201 1.45818e+07
21.301 1.45945e+07
21.401 1.4607e+07
21.501 1.46193e+07
21.601 1.46315e+07
21.701 1.46436e+07
21.801 1.46556e+07
21.901 1.46675e+07
22.001 1.46793e+07
22.101 1.46909e+07
22.201 1.47025e+07
22.301 1.47139e+07
22.401 1.47253e+07
22.501 1.47365e+07
22.601 1.47478e+07
22.701 1.47588e+07
22.801 1.47698e+07
22.901 1.47806e+07
23.001 1.47914e+07
23.101 1.4802e+07
23.201 1.48127e+07
23.301 1.48231e+07
23.401 1.48336e+07
23.501 1.48439e+07
23.601 1.48541e+07
23.701 1.48642e+07
23.801 1.48743e+07
23.901 1.48843e+07
24.001 1.48942e+07
24.101 1.4904e+07
24.201 1.49138e+07
24.301 1.49235e+07
24.401 1.4933e+07
24.501 1.49425e+07
24.601 1.49519e+07
24.701 1.49613e+07
24.801 1.49705e+07
24.901 1.49797e+07
25.001 1.49888e+07
25.101 1.49979e+07
25.201 1.50068e+07
25.301 1.50157e+07
25.401 1.50245e+07
25.501 1.50333e+07
25.601 1.5042e+07
25.701 1.50506e+07
25.801 1.50591e+07
25.901 1.50677e+07
26.001 1.50761e+07
26.101 1.50845e+07
26.201 1.50927e+07
26.301 1.5101e+07
26.401 1.51091e+07
26.501 1.51173e+07
26.601 1.51253e+07
26.701 1.51333e+07
26.801 1.51412e+07
26.901 1.51491e+07
27.001 1.5157e+07
27.101 1.51647e+07
27.201 1.51724e+07
27.301 1.518e+07
27.401 1.51877e+07
27.501 1.51951e+07
27.601 1.52027e+07
27.701 1.521e+07
27.801 1.52175e+07
27.901 1.52247e+07
28.001 1.5232e+07
28.101 1.52392e+07
28.201 1.52464e+07
28.301 1.52535e+07
28.401 1.52606e+07
28.501 1.52675e+07
28.601 1.52745e+07
28.701 1.52814e+07
28.801 1.52543e+07
28.901 1.52059e+07
29.001 1.51608e+07
29.101 1.51203e+07
29.201 1.50844e+07
29.301 1.50515e+07
29.401 1.50238e+07
29.501 1.50006e+07
29.601 1.49798e+07
29.701 1.49645e+07
29.801 1.49529e+07
29.901 1.49445e+07
30.001 1.49412e+07
30.101 1.49407e+07
30.201 1.4944e+07
30.301 1.49511e+07
30.401 1.49586e+07
30.501 1.49662e+07
30.601 1.49736e+07
30.701 1.49811e+07
30.801 1.49885e+07
30.901 1.49959e+07
31.001 1.50031e+07
31.101 1.50104e+07
31.201 1.50176e+07
31.301 1.50248e+07
31.401 1.50319e+07
31.501 1.5039e+07
31.601 1.5046e+07
31.701 1.5053e+07
31.801 1.50599e+07
31.901 1.50668e+07
32.001 1.50737e+07
32.101 1.50804e+07
32.201 1.50873e+07
32.301 1.50939e+07
32.401 1.51007e+07
32.501 1.51073e+07
32.601 1.51139e+07
32.701 1.51204e+07
32.801 1.5127e+07
32.901 1.51334e+07
33.001 1.51399e+07
33.101 1.51462e+07
33.201 1.51526e+07
33.301 1.51589e+07
33.401 1.51653e+07
33.501 1.51715e+07
33.601 1.51777e+07
33.701 1.51838e+07
33.801 1.519e+07
33.901 1.51961e+07
34.001 1.52022e+07
34.101 1.52082e+07
34.201 1.52142e+07
34.301 1.52202e+07
34.401 1.52261e+07
34.501 1.5232e+07
34.601 1.52378e+07
34.701 1.52437e+07
34.801 1.52495e+07
34.901 1.52553e+07
35.001 1.52609e+07
35.101 1.52667e+07
35.201 1.52723e+07
35.301 1.5278e+07
35.401 1.52835e+07
35.501 1.52891e+07
35.601 1.52946e+07
35.701 1.53001e+07
35.801 1.53056e+07
35.901 1.53111e+07
36.001 1.53164e+07
36.101 1.53218e+07
36.201 1.53272e+07
36.301 1.53325e+07
36.401 1.53378e+07
36.501 1.53431e+07
36.601 1.53483e+07
36.701 1.53535e+07
36.801 1.53586e+07
36.901 1.53638e+07
37.001 1.53689e+07
37.101 1.5374e+07
37.201 1.53791e+07
37.301 1.53841e+07
37.401 1.53892e+07
37.501 1.53941e+07
37.601 1.53991e+07
37.701 1.5404e+07
37.801 1.5409e+07
37.901 1.54138e+07
38.001 1.53957e+07
38.101 1.53582e+07
38.201 1.53238e+07
38.301 1.52923e+07
38.401 1.52637e+07
38.501 1.52391e+07
38.601 1.52167e+07
38.701 1.51978e+07
38.801 1.51827e+07
38.901 1.51692e+07
39.001 1.51596e+07
39.101 1.51532e+07
39.201 1.5149e+07
39.301 1.51485e+07
39.401 1.51503e+07
39.501 1.5155e+07
39.601 1.51603e+07
39.701 1.51656e+07
39.801 1.51709e+07
39.901 1.51761e+07
40.001 1.51813e+07
40.101 1.51865e+07
40.201 1.51916e+07
40.301 1.51968e+07
40.401 1.52019e+07
40.501 1.5207e+07
40.601 1.5212e+07
40.701 1.52171e+07
40.801 1.5222e+07
40.901 1.5227e+07
41.001 1.5232e+07
41.101 1.52369e+07
41.201 1.52418e+07
41.301 1.52467e+07
41.401 1.52515e+07
41.501 1.52564e+07
41.601 1.52613e+07
41.701 1.5266e+07
41.801 1.52708e+07
41.901 1.52755e+07
42.001 1.52803e+07
42.101 1.52849e+07
42.201 1.52896e+07
42.301 1.52943e+07
42.401 1.52989e+07
42.501 1.53035e+07
42.601 1.53081e+07
42.701 1.53127e+07
42.801 1.53172e+07
42.901 1.53217e+07
43.001 1.53263e+07
43.101 1.53307e+07
43.201 1.53352e+07
43.301 1.53396e+07
43.401 1.53441e+07
43.501 1.53485e+07
43.601 1.53529e+07
43.701 1.53572e+07
43.801 1.53616e+07
43.901 1.53659e+07
44.001 1.53702e+07
44.101 1.53744e+07
44.201 1.53787e+07
44.301 1.5383e+07
44.401 1.53872e+07
44.501 1.53914e+07
44.601 1.53956e+07
44.701 1.53998e+07
44.801 1.54039e+07
44.901 1.54081e+07
45.001 1.54121e+07
45.101 1.54163e+07
45.201 1.54203e+07
45.301 1.54244e+07
45.401 1.54284e+07
45.501 1.54325e+07
45.601 1.54364e+07
45.701 1.54405e+07
45.801 1.54444e+07
45.901 1.54484e+07
46.001 1.54523e+07
46.101 1.54562e+07
46.201 1.54601e+07
46.301 1.5464e+07
46.401 1.54678e+07
46.501 1.54717e+07
46.601 1.54755e+07
46.701 1.54794e+07
46.801 1.54832e+07
46.901 1.5487e+07
47.001 1.54907e+07
47.101 1.54945e+07
47.201 1.54819e+07
47.301 1.54516e+07
47.401 1.54231e+07
47.501 1.53976e+07
47.601 1.53745e+07
47.701 1.53534e+07
47.801 1.53358e+07
47.901 1.53199e+07
48.001 1.53065e+07
48.101 1.52964e+07
48.201 1.52877e+07
48.301 1.52816e+07
48.401 1.52786e+07
48.501 1.52772e+07
48.601 1.52784e+07
48.701 1.5282e+07
48.801 1.5286e+07
48.901 1.529e+07
49.001 1.5294e+07
49.101 1.52981e+07
49.201 1.5302e+07
49.301 1.5306e+07
49.401 1.53099e+07
49.501 1.53139e+07
49.601 1.53178e+07
49.701 1.53217e+07
49.801 1.53256e+07
49.901 1.53295e+07
50.001 1.53333e+07
50.101 1.53372e+07
50.201 1.5341e+07
50.301 1.53448e+07
50.401 1.53486e+07
50.501 1.53524e+07
50.601 1.53561e+07
50.701 1.53599e+07
50.801 1.53636e+07
50.901 1.53674e+07
51.001 1.53711e+07
51.101 1.53748e+07
51.201 1.53784e+07
51.301 1.53821e+07
51.401 1.53857e+07
51.501 1.53894e+07
51.601 1.53931e+07
51.701 1.53966e+07
51.801 1.54003e+07
51.901 1.54038e+07
52.001 1.54074e+07
52.101 1.54109e+07
52.201 1.54145e+07
52.301 1.5418e+07
52.401 1.54215e+07
52.501 1.5425e+07
52.601 1.54285e+07
52.701 1.5432e+07
52.801 1.54355e+07
52.901 1.54389e+07
53.001 1.54423e+07
53.101 1.54457e+07
53.201 1.54492e+07
53.301 1.54525e+07
53.401 1.54559e+07
53.501 1.54593e+07
53.601 1.54627e+07
53.701 1.5466e+07
53.801 1.54693e+07
53.901 1.54726e+07
54.001 1.5476e+07
54.101 1.54792e+07
54.201 1.54825e+07
54.301 1.54858e+07
54.401 1.54891e+07
54.501 1.54923e+07
54.601 1.54955e+07
54.701 1.54988e+07
54.801 1.5502e+07
54.901 1.55052e+07
55.001 1.55084e+07
55.101 1.55116e+07
55.201 1.55147e+07
55.301 1.55179e+07
55.401 1.5521e+07
55.501 1.55242e+07
55.601 1.55273e+07
55.701 1.55304e+07
55.801 1.55335e+07
55.901 1.55366e+07
56.001 1.55396e+07
56.101 1.55427e+07
56.201 1.55457e+07
56.301 1.55488e+07
56.401 1.55399e+07
56.501 1.55142e+07
56.601 1.54906e+07
56.701 1.54684e+07
56.801 1.5449e+07
56.901 1.54316e+07
57.001 1.54155e+07
57.101 1.54026e+07
57.201 1.53913e+07
57.301 1.53816e+07
57.401 1.53751e+07
57.501 1.53695e+07
57.601 1.53661e+07
57.701 1.53652e+07
57.801 1.53658e+07
57.901 1.53685e+07
58.001 1.53718e+07
58.101 1.5375e+07
58.201 1.53783e+07
58.301 1.53815e+07
58.401 1.53847e+07
58.501 1.53879e+07
58.601 1.53911e+07
58.701 1.53943e+07
58.801 1.53974e+07
58.901 1.54006e+07
59.001 1.54037e+07
59.101 1.54069e+07
59.201 1.541e+07
59.301 1.54131e+07
59.401 1.54162e+07
59.501 1.54194e+07
59.601 1.54224e+07
59.701 1.54255e+07
59.801 1.54286e+07
59.901 1.54316e+07
60.001 1.54347e+07
60.101 1.54377e+07
60.201 1.54407e+07
60.301 1.54438e+07
60.401 1.54467e+07
60.501 1.54497e+07
60.601 1.54527e+07
60.701 1.54557e+07
60.801 1.54587e+07
60.901 1.54616e+07
61.001 1.54646e+07
61.101 1.54675e+07
61.201 1.54704e+07
61.301 1.54734e+07
61.401 1.54762e+07
61.501 1.54792e+07
61.601 1.54821e+07
61.701 1.54849e+07
61.801 1.54878e+07
61.901 1.54907e+07
62.001 1.54935e+07
62.101 1.54963e+07
62.201 1.54992e+07
62.301 1.5502e+07
62.401 1.55048e+07
62.501 1.55076e+07
62.601 1.55104e+07
62.701 1.55132e+07
62.801 1.5516e+07
62.901 1.55188e+07
63.001 1.55215e+07
63.101 1.55243e+07
63.201 1.5527e+07
63.301 1.55298e+07
63.401 1.55325e+07
63.501 1.55352e+07
63.601 1.55379e+07
63.701 1.55406e+07
63.801 1.55433e+07
63.901 1.5546e+07
64.001 1.55487e+07
64.101 1.55513e+07
64.201 1.5554e+07
64.301 1.55567e+07
64.401 1.55593e+07
64.501 1.5562e+07
64.601 1.55646e+07
64.701 1.55672e+07
64.801 1.55698e+07
64.901 1.55724e+07
65.001 1.5575e+07
65.101 1.55776e+07
65.201 1.55801e+07
65.301 1.55827e+07
65.401 1.55853e+07
65.501 1.55879e+07
65.601 1.55818e+07
65.701 1.55594e+07
65.801 1.55388e+07
65.901 1.55201e+07
66.001 1.55025e+07
66.101 1.54875e+07
66.201 1.54742e+07
66.301 1.5462e+07
66.401 1.54524e+07
66.501 1.54442e+07
66.601 1.54375e+07
66.701 1.54332e+07
66.801 1.54301e+07
66.901 1.54287e+07
67.001 1.54293e+07
67.101 1.54313e+07
67.201 1.54341e+07
67.301 1.54368e+07
67.401 1.54395e+07
67.501 1.54422e+07
67.601 1.54449e+07
67.701 1.54475e+07
67.801 1.54502e+07
67.901 1.54529e+07
68.001 1.54555e+07
68.101 1.54582e+07
68.201 1.54608e+07
68.301 1.54634e+07
68.401 1.54661e+07
68.501 1.54687e+07
68.601 1.54713e+07
68.701 1.54739e+07
68.801 1.54765e+07
68.901 1.54791e+07
69.001 1.54817e+07
69.101 1.54843e+07
69.201 1.54868e+07
69.301 1.54894e+07
69.401 1.54919e+07
69.501 1.54945e+07
69.601 1.5497e+07
69.701 1.54995e+07
69.801 1.5502e+07
69.901 1.55046e+07
70.001 1.5507e+07
70.101 1.55096e+07
70.201 1.5512e+07
70.301 1.55145e+07
70.401 1.5517e+07
70.501 1.55195e+07
70.601 1.55219e+07
70.701 1.55244e+07
70.801 1.55268e+07
70.901 1.55293e+07
71.001 1.55317e+07
71.101 1.55342e+07
71.201 1.55366e+07
71.301 1.5539e+07
71.401 1.55414e+07
71.501 1.55438e+07
71.601 1.55462e+07
71.701 1.55486e+07
71.801 1.5551e+07
71.901 1.55533e+07
72.001 1.55557e+07
72.101 1.55581e+07
72.201 1.55604e+07
72.301 1.55628e+07
72.401 1.55651e+07
72.501 1.55675e+07
72.601 1.55698e+07
72.701 1.55721e+07
72.801 1.55744e+07
72.901 1.55767e+07
73.001 1.55791e+07
73.101 1.55813e+07
73.201 1.55836e+07
73.301 1.55859e+07
73.401 1.55882e+07
73.501 1.55905e+07
73.601 1.55927e+07
73.701 1.5595e+07
73.801 1.55973e+07
73.901 1.55995e+07
74.001 1.56017e+07
74.101 1.5604e+07
74.201 1.56062e+07
74.301 1.56084e+07
74.401 1.56107e+07
74.501 1.56129e+07
74.601 1.56151e+07
74.701 1.56173e+07
74.801 1.56132e+07
74.901 1.55936e+07
75.001 1.55753e+07
75.101 1.55586e+07
75.201 1.55436e+07
75.301 1.55297e+07
75.401 1.55178e+07
75.501 1.55076e+07
75.601 1.54984e+07
75.701 1.54911e+07
75.801 1.54855e+07
75.901 1.5481e+07
76.001 1.54784e+07
76.101 1.54771e+07
76.201 1.54773e+07
76.301 1.5479e+07
76.401 1.54814e+07
76.501 1.54837e+07
76.601 1.5486e+07
76.701 1.54883e+07
76.801 1.54906e+07
76.901 1.54929e+07
77.001 1.54952e+07
77.101 1.54975e+07
77.201 1.54998e+07
77.301 1.5502e+07
77.401 1.55043e+07
77.501 1.55066e+07
77.601 1.55088e+07
77.701 1.55111e+07
77.801 1.55133e+07
77.901 1.55156e+07
78.001 1.55178e+07
78.101 1.552e+07
78.201 1.55223e+07
78.301 1.55245e+07
78.401 1.55267e+07
78.501 1.55289e+07
78.601 1.55311e+07
78.701 1.55333e+07
78.801 1.55355e+07
78.901 1.55377e+07
79.001 1.55399e+07
79.101 1.5542e+07
79.201 1.55442e+07
79.301 1.55464e+07
79.401 1.55485e+07
79.501 1.55507e+07
79.601 1.55528e+07
79.701 1.5555e+07
79.801 1.55571e+07
79.901 1.55592e+07
80.001 1.55613e+07
80.101 1.55635e+07
80.201 1.55656e+07
80.301 1.55677e+07
80.401 1.55698e+07
80.501 1.55719e+07
80.601 1.5574e+07
80.701 1.55761e+07
80.801 1.55781e+07
80.901 1.55802e+07
81.001 1.55823e+07
81.101 1.55844e+07
81.201 1.55864e+07
81.301 1.55885e+07
81.401 1.55905e+07
81.501 1.55926e+07
81.601 1.55946e+07
81.701 1.55967e+07
81.801 1.55987e+07
81.901 1.56007e+07
82.001 1.56028e+07
82.101 1.56048e+07
82.201 1.56068e+07
82.301 1.56088e+07
82.401 1.56108e+07
82.501 1.56128e+07
82.601 1.56148e+07
82.701 1.56168e+07
82.801 1.56188e+07
82.901 1.56207e+07
83.001 1.56227e+07
83.101 1.56247e+07
83.201 1.56266e+07
83.301 1.56286e+07
83.401 1.56306e+07
83.501 1.56325e+07
83.601 1.56344e+07
83.701 1.56364e+07
83.801 1.56383e+07
83.901 1.56402e+07
84.001 1.56379e+07
84.101 1.56202e+07
84.201 1.5604e+07
84.301 1.5589e+07
84.401 1.55751e+07
84.501 1.55631e+07
84.601 1.55521e+07
84.701 1.55426e+07
84.801 1.55349e+07
84.901 1.55279e+07
85.001 1.55227e+07
85.101 1.55189e+07
85.201 1.55162e+07
85.301 1.55149e+07
85.401 1.55151e+07
85.501 1.55164e+07
85.601 1.55185e+07
85.701 1.55205e+07
85.801 1.55225e+07
85.901 1.55246e+07
86.001 1.55266e+07
86.101 1.55286e+07
86.201 1.55306e+07
86.301 1.55326e+07
86.401 1.55346e+07
86.501 1.55366e+07
86.601 1.55386e+07
86.701 1.55406e+07
86.801 1.55426e+07
86.901 1.55445e+07
87.001 1.55465e+07
87.101 1.55484e+07
87.201 1.55504e+07
87.301 1.55524e+07
87.401 1.55543e+07
87.501 1.55563e+07
87.601 1.55582e+07
87.701 1.55601e+07
87.801 1.55621e+07
87.901 1.5564e+07
88.001 1.5566e+07
88.101 1.55679e+07
88.201 1.55698e+07
88.301 1.55717e+07
88.401 1.55736e+07
88.501 1.55755e+07
88.601 1.55774e+07
88.701 1.55793e+07
88.801 1.55812e+07
88.901 1.55831e+07
89.001 1.5585e+07
89.101 1.55869e+07
89.201 1.55887e+07
89.301 1.55906e+07
89.401 1.55925e+07
89.501 1.55943e+07
89.601 1.55962e+07
89.701 1.5598e+07
89.801 1.55999e+07
89.901 1.56017e+07
90.001 1.56036e+07
90.101 1.56054e+07
90.201 1.56072e+07
90.301 1.56091e+07
90.401 1.56109e+07
90.501 1.56127e+07
90.601 1.56145e+07
90.701 1.56163e+07
90.801 1.56181e+07
90.901 1.562e+07
91.001 1.56217e+07
91.101 1.56236e+07
91.201 1.56253e+07
91.301 1.56271e+07
91.401 1.56289e+07
91.501 1.56307e+07
91.601 1.56325e+07
91.701 1.56343e+07
91.801 1.5636e+07
91.901 1.56378e+07
92.001 1.56396e+07
92.101 1.56413e+07
92.201 1.56431e+07
92.301 1.56448e+07
92.401 1.56466e+07
92.501 1.56483e+07
92.601 1.56501e+07
92.701 1.56518e+07
92.801 1.56535e+07
92.901 1.56552e+07
93.001 1.5657e+07
93.101 1.56587e+07
93.201 1.56576e+07
93.301 1.56418e+07
93.401 1.56268e+07
93.501 1.56132e+07
93.601 1.5601e+07
93.701 1.55895e+07
93.801 1.55799e+07
93.901 1.55712e+07
94.001 1.55636e+07
94.101 1.55579e+07
94.201 1.55528e+07
94.301 1.5549e+07
94.401 1.55468e+07
94.501 1.55455e+07
94.601 1.55454e+07
94.701 1.55466e+07
94.801 1.55484e+07
94.901 1.55502e+07
95.001 1.5552e+07
95.101 1.55538e+07
95.201 1.55556e+07
95.301 1.55574e+07
95.401 1.55591e+07
95.501 1.55609e+07
95.601 1.55627e+07
95.701 1.55645e+07
95.801 1.55662e+07
95.901 1.5568e+07
96.001 1.55698e+07
96.101 1.55715e+07
96.201 1.55733e+07
96.301 1.5575e+07
96.401 1.55768e+07
96.501 1.55785e+07
96.601 1.55803e+07
96.701 1.5582e+07
96.801 1.55838e+07
96.901 1.55855e+07
97.001 1.55872e+07
97.101 1.55889e+07
97.201 1.55906e+07
97.301 1.55923e+07
97.401 1.55941e+07
97.501 1.55958e+07
97.601 1.55975e+07
97.701 1.55992e+07
97.801 1.56009e+07
97.901 1.56026e+07
98.001 1.56043e+07
98.101 1.56059e+07
98.201 1.56076e+07
98.301 1.56093e+07
98.401 1.5611e+07
98.501 1.56126e+07
98.601 1.56143e+07
98.701 1.5616e+07
98.801 1.56177e+07
98.901 1.56193e+07
99.001 1.5621e+07
99.101 1.56226e+07
99.201 1.56243e+07
99.301 1.56259e+07
99.401 1.56276e+07
99.501 1.56292e+07
99.601 1.56308e+07
99.701 1.56325e+07
99.801 1.56341e+07
99.901 1.56357e+07
100.001 1.56373e+07
100.101 1.5639e+07
100.201 1.56406e+07
100.301 1.56422e+07
100.401 1.56438e+07
100.501 1.56454e+07
100.601 1.5647e+07
100.701 1.56486e+07
100.801 1.56502e+07
100.901 1.56518e+07
101.001 1.56534e+07
101.101 1.5655e+07
101.201 1.56566e+07
101.301 1.56582e+07
101.401 1.56597e+07
101.501 1.56613e+07
101.601 1.56629e+07
101.701 1.56645e+07
101.801 1.5666e+07
101.901 1.56676e+07
102.001 1.56692e+07
102.101 1.56707e+07
102.201 1.56723e+07
102.301 1.56738e+07
102.401 1.56738e+07
102.501 1.56593e+07
102.601 1.56458e+07
102.701 1.56331e+07
102.801 1.56218e+07
102.901 1.56117e+07
103.001 1.56023e+07
103.101 1.55946e+07
103.201 1.55878e+07
103.301 1.55819e+07
103.401 1.55777e+07
103.501 1.55741e+07
103.601 1.55717e+07
103.701 1.55707e+07
103.801 1.55705e+07
103.901 1.55714e+07
104.001 1.5573e+07
104.101 1.55747e+07
104.201 1.55763e+07
104.301 1.55779e+07
104.401 1.55795e+07
104.501 1.55811e+07
104.601 1.55827e+07
104.701 1.55843e+07
104.801 1.55859e+07
104.901 1.55875e+07
105.001 1.55891e+07
105.101 1.55907e+07
105.201 1.55923e+07
105.301 1.55938e+07
105.401 1.55954e+07
105.501 1.5597e+07
105.601 1.55986e+07
105.701 1.56001e+07
105.801 1.56017e+07
105.901 1.56033e+07
106.001 1.56049e+07
106.101 1.56064e+07
106.201 1.5608e+07
106.301 1.56095e+07
106.401 1.56111e+07
106.501 1.56126e+07
106.601 1.56142e+07
106.701 1.56157e+07
106.801 1.56172e+07
106.901 1.56188e+07
107.001 1.56203e+07
107.101 1.56218e+07
107.201 1.56234e+07
107.301 1.56249e+07
107.401 1.56264e+07
107.501 1.56279e+07
107.601 1.56294e+07
107.701 1.56309e+07
107.801 1.56325e+07
107.901 1.5634e+07
108.001 1.56355e+07
108.101 1.5637e+07
108.201 1.56385e+07
108.301 1.564e+07
108.401 1.56415e+07
108.501 1.56429e+07
108.601 1.56444e+07
108.701 1.56459e+07
108.801 1.56474e+07
108.901 1.56489e+07
109.001 1.56504e+07
109.101 1.56518e+07
109.201 1.56533e+07
109.301 1.56548e+07
109.401 1.56562e+07
109.501 1.56577e+07
109.601 1.56592e+07
109.701 1.56606e+07
109.801 1.56621e+07
109.901 1.56635e+07
110.001 1.5665e+07
110.101 1.56664e+07
110.201 1.56679e+07
110.301 1.56693e+07
110.401 1.56708e+07
110.501 1.56722e+07
110.601 1.56736e+07
110.701 1.56751e+07
110.801 1.56765e+07
110.901 1.56779e+07
111.001 1.56793e+07
111.101 1.56808e+07
111.201 1.56822e+07
111.301 1.56836e+07
111.401 1.5685e+07
111.501 1.56864e+07
111.601 1.56874e+07
111.701 1.56739e+07
111.801 1.56614e+07
111.901 1.565e+07
112.001 1.56393e+07
112.101 1.56298e+07
112.201 1.56216e+07
112.301 1.56139e+07
112.401 1.56078e+07
112.501 1.56026e+07
112.601 1.55981e+07
112.701 1.55951e+07
112.801 1.55928e+07
112.901 1.55915e+07
113.001 1.55915e+07
113.101 1.55922e+07
113.201 1.55937e+07
113.301 1.55951e+07
113.401 1.55966e+07
113.501 1.55981e+07
113.601 1.55995e+07
113.701 1.5601e+07
113.801 1.56024e+07
113.901 1.56039e+07
114.001 1.56053e+07
114.101 1.56068e+07
114.201 1.56082e+07
114.301 1.56097e+07
114.401 1.56111e+07
114.501 1.56126e+07
114.601 1.5614e+07
114.701 1.56154e+07
114.801 1.56169e+07
114.901 1.56183e+07
115.001 1.56197e+07
115.101 1.56211e+07
115.201 1.56226e+07
115.301 1.5624e+07
115.401 1.56254e+07
115.501 1.56268e+07
115.601 1.56282e+07
115.701 1.56296e+07
115.801 1.5631e+07
115.901 1.56324e+07
116.001 1.56338e+07
116.101 1.56352e+07
116.201 1.56367e+07
116.301 1.5638e+07
116.401 1.56394e+07
116.501 1.56408e+07
116.601 1.56422e+07
116.701 1.56436e+07
116.801 1.5645e+07
116.901 1.56464e+07
117.001 1.56477e+07
117.101 1.56491e+07
117.201 1.56505e+07
117.301 1.56519e+07
117.401 1.56532e+07
117.501 1.56546e+07
117.601 1.5656e+07
117.701 1.56573e+07
117.801 1.56587e+07
117.901 1.566e+07
118.001 1.56614e+07
118.101 1.56627e+07
118.201 1.56641e+07
118.301 1.56654e+07
118.401 1.56668e+07
118.501 1.56681e+07
118.601 1.56695e+07
118.701 1.56708e+07
118.801 1.56722e+07
118.901 1.56735e+07
119.001 1.56748e+07
119.101 1.56762e+07
119.201 1.56775e+07
119.301 1.56788e+07
119.401 1.56801e+07
119.501 1.56815e+07
119.601 1.56828e+07
119.701 1.56841e+07
119.801 1.56854e+07
119.901 1.56867e+07
120.001 1.5688e+07
120.101 1.56893e+07
120.201 1.56906e+07
120.301 1.56919e+07
120.401 1.56932e+07
120.501 1.56945e+07
120.601 1.56958e+07
120.701 1.56971e+07
120.801 1.56943e+07
120.901 1.56864e+07
121.001 1.56748e+07
121.101 1.5664e+07
121.201 1.56543e+07
121.301 1.56454e+07
121.401 1.56375e+07
121.501 1.56308e+07
121.601 1.56247e+07
121.701 1.56198e+07
121.801 1.56159e+07
121.901 1.56126e+07
122.001 1.56106e+07
122.101 1.56094e+07
122.201 1.56092e+07
122.301 1.56098e+07
122.401 1.56112e+07
122.501 1.56125e+07
122.601 1.56139e+07
122.701 1.56152e+07
122.801 1.56165e+07
122.901 1.56179e+07
123.001 1.56192e+07
123.101 1.56205e+07
123.201 1.56219e+07
123.301 1.56232e+07
123.401 1.56245e+07
123.501 1.56259e+07
123.601 1.56272e+07
123.701 1.56285e+07
123.801 1.56298e+07
123.901 1.56311e+07
124.001 1.56324e+07
124.101 1.56338e+07
124.201 1.56351e+07
124.301 1.56364e+07
124.401 1.56377e+07
124.501 1.5639e+07
124.601 1.56403e+07
124.701 1.56416e+07
124.801 1.56429e+07
124.901 1.56442e+07
125.001 1.56454e+07
125.101 1.56467e+07
125.201 1.5648e+07
125.301 1.56493e+07
125.401 1.56506e+07
125.501 1.56519e+07
125.601 1.56532e+07
125.701 1.56544e+07
125.801 1.56557e+07
125.901 1.5657e+07
126.001 1.56582e+07
126.101 1.56595e+07
126.201 1.56608e+07
126.301 1.56621e+07
126.401 1.56633e+07
126.501 1.56646e+07
126.601 1.56659e+07
126.701 1.56671e+07
126.801 1.56684e+07
126.901 1.56696e+07
127.001 1.56709e+07
127.101 1.56721e+07
127.201 1.56734e+07
127.301 1.56746e+07
127.401 1.56759e+07
127.501 1.56771e+07
127.601 1.56783e+07
127.701 1.56796e+07
127.801 1.56808e+07
127.901 1.5682e+07
128.001 1.56833e+07
128.101 1.56845e+07
128.201 1.56857e+07
128.301 1.56869e+07
128.401 1.56882e+07
128.501 1.56894e+07
128.601 1.56906e+07
128.701 1.56918e+07
128.801 1.56931e+07
128.901 1.56943e+07
129.001 1.56955e+07
129.101 1.56967e+07
129.201 1.56979e+07
129.301 1.56991e+07
129.401 1.57003e+07
129.501 1.57015e+07
129.601 1.57027e+07
129.701 1.57039e+07
129.801 1.57051e+07
129.901 1.57063e+07
130.001 1.57045e+07
130.101 1.56971e+07
130.201 1.56863e+07
130.301 1.56762e+07
130.401 1.5667e+07
130.501 1.56588e+07
130.601 1.56514e+07
130.701 1.56448e+07
130.801 1.56395e+07
130.901 1.56346e+07
131.001 1.56308e+07
131.101 1.56281e+07
131.201 1.56259e+07
131.301 1.56247e+07
131.401 1.56245e+07
131.501 1.5625e+07
131.601 1.56263e+07
131.701 1.56275e+07
131.801 1.56287e+07
131.901 1.563e+07
132.001 1.56312e+07
132.101 1.56324e+07
132.201 1.56337e+07
132.301 1.56349e+07
132.401 1.56361e+07
132.501 1.56373e+07
132.601 1.56386e+07
132.701 1.56398e+07
132.801 1.5641e+07
132.901 1.56422e+07
133.001 1.56434e+07
133.101 1.56446e+07
133.201 1.56459e+07
133.301 1.56471e+07
133.401 1.56483e+07
133.501 1.56495e+07
133.601 1.56507e+07
133.701 1.56519e+07
133.801 1.56531e+07
133.901 1.56543e+07
134.001 1.56555e+07
134.101 1.56567e+07
134.201 1.56579e+07
134.301 1.56591e+07
134.401 1.56603e+07
134.501 1.56615e+07
134.601 1.56626e+07
134.701 1.56638e+07
134.801 1.5665e+07
134.901 1.56662e+07
135.001 1.56674e+07
135.101 1.56686e+07
135.201 1.56697e+07
135.301 1.56709e+07
135.401 1.56721e+07
135.501 1.56732e+07
135.601 1.56744e+07
135.701 1.56756e+07
135.801 1.56767e+07
135.901 1.56779e+07
136.001 1.56791e+07
136.101 1.56802e+07
136.201 1.56814e+07
136.301 1.56826e+07
136.401 1.56837e+07
136.501 1.56849e+07
136.601 1.5686e+07
136.701 1.56872e+07
136.801 1.56883e+07
136.901 1.56895e+07
137.001 1.56906e+07
137.101 1.56917e+07
137.201 1.56929e+07
137.301 1.5694e+07
137.401 1.56952e+07
137.501 1.56963e+07
137.601 1.56974e+07
137.701 1.56986e+07
137.801 1.56997e+07
137.901 1.57008e+07
138.001 1.5702e+07
138.101 1.57031e+07
138.201 1.57042e+07
138.301 1.57053e+07
138.401 1.57065e+07
138.501 1.57076e+07
138.601 1.57087e+07
138.701 1.57098e+07
138.801 1.57109e+07
138.901 1.57121e+07
139.001 1.57132e+07
139.101 1.57143e+07
139.201 1.57134e+07
139.301 1.57064e+07
139.401 1.56961e+07
139.501 1.56868e+07
139.601 1.56782e+07
139.701 1.56702e+07
139.801 1.56634e+07
139.901 1.56573e+07
140.001 1.56519e+07
140.101 1.56478e+07
140.201 1.5644e+07
140.301 1.56411e+07
140.401 1.56393e+07
140.501 1.56381e+07
140.601 1.56377e+07
140.701 1.56382e+07
140.801 1.56394e+07
140.901 1.56405e+07
141.001 1.56417e+07
141.101 1.56428e+07
141.201 1.5644e+07
141.301 1.56451e+07
141.401 1.56462e+07
141.501 1.56474e+07
141.601 1.56485e+07
141.701 1.56496e+07
141.801 1.56508e+07
141.901 1.56519e+07
142.001 1.5653e+07
142.101 1.56542e+07
142.201 1.56553e+07
142.301 1.56564e+07
142.401 1.56576e+07
142.501 1.56587e+07
142.601 1.56598e+07
142.701 1.56609e+07
142.801 1.5662e+07
142.901 1.56632e+07
143.001 1.56643e+07
143.101 1.56654e+07
143.201 1.56665e+07
143.301 1.56676e+07
143.401 1.56687e+07
143.501 1.56698e+07
143.601 1.56709e+07
143.701 1.56721e+07
143.801 1.56731e+07
143.901 1.56743e+07
144.001 1.56753e+07
144.101 1.56765e+07
144.201 1.56775e+07
144.301 1.56786e+07
144.401 1.56797e+07
144.501 1.56808e+07
144.601 1.56819e+07
144.701 1.5683e+07
144.801 1.56841e+07
144.901 1.56852e+07
145.001 1.56863e+07
145.101 1.56874e+07
145.201 1.56884e+07
145.301 1.56895e+07
145.401 1.56906e+07
145.501 1.56917e+07
145.601 1.56927e+07
145.701 1.56938e+07
145.801 1.56949e+07
145.901 1.5696e+07
146.001 1.5697e+07
146.101 1.56981e+07
146.201 1.56992e+07
146.301 1.57002e+07
146.401 1.57013e+07
146.501 1.57024e+07
146.601 1.57034e+07
146.701 1.57045e+07
146.801 1.57056e+07
146.901 1.57066e+07
147.001 1.57077e+07
147.101 1.57087e+07
147.201 1.57098e+07
147.301 1.57108e+07
147.401 1.57119e+07
147.501 1.57129e+07
147.601 1.5714e+07
147.701 1.5715e+07
147.801 1.57161e+07
147.901 1.57171e+07
148.001 1.57181e+07
148.101 1.57192e+07
148.201 1.57202e+07
148.301 1.57213e+07
148.401 1.57211e+07
148.501 1.57145e+07
148.601 1.57049e+07
148.701 1.56959e+07
148.801 1.56879e+07
148.901 1.56806e+07
149.001 1.56738e+07
149.101 1.56682e+07
149.201 1.56632e+07
149.301 1.56588e+07
149.401 1.56556e+07
149.501 1.56529e+07
149.601 1.56509e+07
149.701 1.56499e+07
149.801 1.56495e+07
149.901 1.56498e+07
150.001 1.56508e+07
150.101 1.56519e+07
150.201 1.5653e+07
150.301 1.56541e+07
150.401 1.56551e+07
150.501 1.56562e+07
150.601 1.56573e+07
150.701 1.56583e+07
150.801 1.56594e+07
150.901 1.56604e+07
151.001 1.56615e+07
151.101 1.56626e+07
151.201 1.56636e+07
151.301 1.56647e+07
151.401 1.56657e+07
151.501 1.56668e+07
151.601 1.56678e+07
151.701 1.56689e+07
151.801 1.56699e+07
151.901 1.5671e+07
152.001 1.5672e+07
152.101 1.56731e+07
152.201 1.56741e+07
152.301 1.56751e+07
152.401 1.56762e+07
152.501 1.56772e+07
152.601 1.56783e+07
152.701 1.56793e+07
152.801 1.56803e+07
152.901 1.56813e+07
153.001 1.56824e+07
153.101 1.56834e+07
153.201 1.56844e+07
153.301 1.56855e+07
153.401 1.56865e+07
153.501 1.56875e+07
153.601 1.56885e+07
153.701 1.56896e+07
153.801 1.56906e+07
153.901 1.56916e+07
154.001 1.56926e+07
154.101 1.56936e+07
154.201 1.56947e+07
154.301 1.56957e+07
154.401 1.56967e+07
154.501 1.56977e+07
154.601 1.56987e+07
154.701 1.56997e+07
154.801 1.57007e+07
154.901 1.57017e+07
155.001 1.57027e+07
155.101 1.57037e+07
155.201 1.57047e+07
155.301 1.57057e+07
155.401 1.57067e+07
155.501 1.57077e+07
155.601 1.57087e+07
155.701 1.57097e+07
155.801 1.57107e+07
155.901 1.57117e+07
156.001 1.57127e+07
156.101 1.57137e+07
156.201 1.57147e+07
156.301 1.57157e+07
156.401 1.57167e+07
156.501 1.57176e+07
156.601 1.57186e+07
156.701 1.57196e+07
156.801 1.57206e+07
156.901 1.57216e+07
157.001 1.57226e+07
157.101 1.57235e+07
157.201 1.57245e+07
157.301 1.57255e+07
157.401 1.57265e+07
157.501 1.57274e+07
157.601 1.5728e+07
157.701 1.57217e+07
157.801 1.57126e+07
157.901 1.57042e+07
158.001 1.56964e+07
158.101 1.56894e+07
158.201 1.56834e+07
158.301 1.56777e+07
158.401 1.5673e+07
158.501 1.56691e+07
158.601 1.56656e+07
158.701 1.56632e+07
158.801 1.56613e+07
158.901 1.56601e+07
159.001 1.56598e+07
159.101 1.56601e+07
159.201 1.5661e+07
159.301 1.5662e+07
159.401 1.5663e+07
159.501 1.5664e+07
159.601 1.5665e+07
159.701 1.5666e+07
159.801 1.5667e+07
159.901 1.5668e+07
160.001 1.5669e+07
160.101 1.567e+07
160.201 1.5671e+07
160.301 1.5672e+07
160.401 1.5673e+07
160.501 1.5674e+07
160.601 1.5675e+07
160.701 1.56759e+07
160.801 1.56769e+07
160.901 1.56779e+07
161.001 1.56789e+07
161.101 1.56799e+07
161.201 1.56809e+07
161.301 1.56818e+07
161.401 1.56828e+07
161.501 1.56838e+07
161.601 1.56848e+07
161.701 1.56857e+07
161.801 1.56867e+07
161.901 1.56877e+07
162.001 1.56886e+07
162.101 1.56896e+07
162.201 1.56906e+07
162.301 1.56915e+07
162.401 1.56925e+07
162.501 1.56935e+07
162.601 1.56944e+07
162.701 1.56954e+07
162.801 1.56964e+07
162.901 1.56973e+07
163.001 1.56983e+07
163.101 1.56992e+07
163.201 1.57002e+07
163.301 1.57011e+07
163.401 1.57021e+07
163.501 1.57031e+07
163.601 1.5704e+07
163.701 1.5705e+07
163.801 1.57059e+07
163.901 1.57069e+07
164.001 1.57078e+07
164.101 1.57087e+07
164.201 1.57097e+07
164.301 1.57106e+07
164.401 1.57116e+07
164.501 1.57125e+07
164.601 1.57134e+07
164.701 1.57144e+07
164.801 1.57153e+07
164.901 1.57163e+07
165.001 1.57172e+07
165.101 1.57181e+07
165.201 1.57191e+07
165.301 1.572e+07
165.401 1.57209e+07
165.501 1.57219e+07
165.601 1.57228e+07
165.701 1.57237e+07
165.801 1.57246e+07
165.901 1.57256e+07
166.001 1.57265e+07
166.101 1.57274e+07
166.201 1.57283e+07
166.301 1.57292e+07
166.401 1.57302e+07
166.501 1.57311e+07
166.601 1.5732e+07
166.701 1.57329e+07
166.801 1.57338e+07
166.901 1.57281e+07
167.001 1.57195e+07
167.101 1.57114e+07
167.201 1.57042e+07
167.301 1.56975e+07
167.401 1.56915e+07
167.501 1.56864e+07
167.601 1.56817e+07
167.701 1.56779e+07
167.801 1.56748e+07
167.901 1.56722e+07
168.001 1.56705e+07
168.101 1.56694e+07
168.201 1.5669e+07
168.301 1.56692e+07
168.401 1.56701e+07
168.501 1.5671e+07
168.601 1.5672e+07
168.701 1.56729e+07
168.801 1.56738e+07
168.901 1.56748e+07
169.001 1.56757e+07
169.101 1.56767e+07
169.201 1.56776e+07
169.301 1.56785e+07
169.401 1.56795e+07
169.501 1.56804e+07
169.601 1.56813e+07
169.701 1.56823e+07
169.801 1.56832e+07
169.901 1.56841e+07
170.001 1.5685e+07
170.101 1.5686e+07
170.201 1.56869e+07
170.301 1.56878e+07
170.401 1.56887e+07
170.501 1.56896e+07
170.601 1.56906e+07
170.701 1.56915e+07
170.801 1.56924e+07
170.901 1.56933e+07
171.001 1.56942e+07
171.101 1.56952e+07
171.201 1.56961e+07
171.301 1.5697e+07
171.401 1.56979e+07
171.501 1.56988e+07
171.601 1.56997e+07
171.701 1.57006e+07
171.801 1.57015e+07
171.901 1.57024e+07
172.001 1.57033e+07
172.101 1.57042e+07
172.201 1.57051e+07
172.301 1.5706e+07
172.401 1.57069e+07
172.501 1.57078e+07
172.601 1.57087e+07
172.701 1.57096e+07
172.801 1.57105e+07
172.901 1.57114e+07
173.001 1.57123e+07
173.101 1.57132e+07
173.201 1.57141e+07
173.301 1.5715e+07
173.401 1.57159e+07
173.501 1.57168e+07
173.601 1.57177e+07
173.701 1.57186e+07
173.801 1.57194e+07
173.901 1.57203e+07
174.001 1.57212e+07
174.101 1.57221e+07
174.201 1.5723e+07
174.301 1.57239e+07
174.401 1.57247e+07
174.501 1.57256e+07
174.601 1.57265e+07
174.701 1.57274e+07
174.801 1.57282e+07
174.901 1.57291e+07
175.001 1.573e+07
175.101 1.57309e+07
175.201 1.57317e+07
175.301 1.57326e+07
175.401 1.57335e+07
175.501 1.57344e+07
175.601 1.57352e+07
175.701 1.57361e+07
175.801 1.5737e+07
175.901 1.57378e+07
176.001 1.57387e+07
176.101 1.57339e+07
176.201 1.57256e+07
176.301 1.57181e+07
176.401 1.57109e+07
176.501 1.57047e+07
176.601 1.5699e+07
176.701 1.56939e+07
176.801 1.56897e+07
176.901 1.56859e+07
177.001 1.56828e+07
177.101 1.56806e+07
177.201 1.56787e+07
177.301 1.56776e+07
177.401 1.56773e+07
177.501 1.56774e+07
177.601 1.56782e+07
177.701 1.56791e+07
177.801 1.568e+07
177.901 1.56809e+07
178.001 1.56818e+07
178.101 1.56826e+07
178.201 1.56835e+07
178.301 1.56844e+07
178.401 1.56853e+07
178.501 1.56862e+07
178.601 1.5687e+07
178.701 1.56879e+07
178.801 1.56888e+07
178.901 1.56897e+07
179.001 1.56906e+07
179.101 1.56914e+07
179.201 1.56923e+07
179.301 1.56932e+07
179.401 1.56941e+07
179.501 1.56949e+07
179.601 1.56958e+07
179.701 1.56967e+07
179.801 1.56975e+07
179.901 1.56984e+07
180.001 1.56993e+07
180.101 1.57001e+07
180.201 1.5701e+07
180.301 1.57019e+07
180.401 1.57027e+07
180.501 1.57036e+07
180.601 1.57044e+07
180.701 1.57053e+07
180.801 1.57062e+07
180.901 1.5707e+07
181.001 1.57079e+07
181.101 1.57087e+07
181.201 1.57096e+07
181.301 1.57105e+07
181.401 1.57113e+07
181.501 1.57122e+07
181.601 1.5713e+07
181.701 1.57139e+07
181.801 1.57147e+07
181.901 1.57156e+07
182.001 1.57164e+07
182.101 1.57173e+07
182.201 1.57181e+07
182.301 1.57189e+07
182.401 1.57198e+07
182.501 1.57206e+07
182.601 1.57215e+07
182.701 1.57223e+07
182.801 1.57232e+07
182.901 1.5724e+07
183.001 1.57248e+07
183.101 1.57257e+07
183.201 1.57265e+07
183.301 1.57273e+07
183.401 1.57282e+07
183.501 1.5729e+07
183.601 1.57299e+07
183.701 1.57307e+07
183.801 1.57315e+07
183.901 1.57324e+07
184.001 1.57332e+07
184.101 1.5734e+07
184.201 1.57348e+07
184.301 1.57357e+07
184.401 1.57365e+07
184.501 1.57373e+07
184.601 1.57381e+07
184.701 1.5739e+07
184.801 1.57398e+07
184.901 1.57406e+07
185.001 1.57414e+07
185.101 1.57422e+07
185.201 1.57431e+07
185.301 1.57391e+07
185.401 1.57312e+07
185.501 1.57239e+07
185.601 1.57173e+07
185.701 1.5711e+07
185.801 1.57057e+07
185.901 1.57009e+07
186.001 1.56966e+07
186.101 1.56932e+07
186.201 1.56902e+07
186.301 1.56878e+07
186.401 1.56863e+07
186.501 1.56851e+07
186.601 1.56846e+07
186.701 1.56848e+07
186.801 1.56855e+07
186.901 1.56864e+07
187.001 1.56872e+07
187.101 1.5688e+07
187.201 1.56889e+07
187.301 1.56897e+07
187.401 1.56906e+07
187.501 1.56914e+07
187.601 1.56922e+07
187.701 1.56931e+07
187.801 1.56939e+07
187.901 1.56947e+07
188.001 1.56956e+07
188.101 1.56964e+07
188.201 1.56972e+07
188.301 1.56981e+07
188.401 1.56989e+07
188.501 1.56997e+07
188.601 1.57005e+07
188.701 1.57014e+07
188.801 1.57022e+07
188.901 1.5703e+07
189.001 1.57038e+07
189.101 1.57047e+07
189.201 1.57055e+07
189.301 1.57063e+07
189.401 1.57071e+07
189.501 1.57079e+07
189.601 1.57087e+07
189.701 1.57096e+07
189.801 1.57104e+07
189.901 1.57112e+07
190.001 1.5712e+07
190.101 1.57128e+07
190.201 1.57136e+07
190.301 1.57145e+07
190.401 1.57153e+07
190.501 1.57161e+07
190.601 1.57169e+07
190.701 1.57177e+07
190.801 1.57185e+07
190.901 1.57193e+07
191.001 1.57201e+07
191.101 1.57209e+07
191.201 1.57217e+07
191.301 1.57225e+07
191.401 1.57233e+07
191.501 1.57241e+07
191.601 1.57249e+07
191.701 1.57257e+07
191.801 1.57265e+07
191.901 1.57273e+07
192.001 1.57281e+07
192.101 1.57289e+07
192.201 1.57297e+07
192.301 1.57305e+07
192.401 1.57313e+07
192.501 1.57321e+07
192.601 1.57329e+07
192.701 1.57337e+07
192.801 1.57345e+07
192.901 1.57353e+07
193.001 1.57361e+07
193.101 1.57368e+07
193.201 1.57376e+07
193.301 1.57384e+07
193.401 1.57392e+07
193.501 1.574e+07
193.601 1.57408e+07
193.701 1.57416e+07
193.801 1.57423e+07
193.901 1.57431e+07
194.001 1.57439e+07
194.101 1.57447e+07
194.201 1.57455e+07
194.301 1.57463e+07
194.401 1.5747e+07
194.501 1.57437e+07
194.601 1.57362e+07
194.701 1.57291e+07
194.801 1.57228e+07
194.901 1.5717e+07
195.001 1.57116e+07
195.101 1.57071e+07
195.201 1.57031e+07
195.301 1.56996e+07
195.401 1.56969e+07
195.501 1.56946e+07
195.601 1.56929e+07
195.701 1.56919e+07
195.801 1.56914e+07
195.901 1.56915e+07
196.001 1.56922e+07
196.101 1.56929e+07
196.201 1.56938e+07
196.301 1.56945e+07
196.401 1.56953e+07
196.501 1.56961e+07
196.601 1.56969e+07
196.701 1.56977e+07
196.801 1.56985e+07
196.901 1.56993e+07
197.001 1.57001e+07
197.101 1.57009e+07
197.201 1.57017e+07
197.301 1.57025e+07
197.401 1.57033e+07
197.501 1.5704e+07
197.601 1.57048e+07
197.701 1.57056e+07
197.801 1.57064e+07
197.901 1.57072e+07
198.001 1.5708e+07
198.101 1.57058e+07
198.201 1.56979e+07
198.301 1.569e+07
198.401 1.56821e+07
198.501 1.56742e+07
198.601 1.56663e+07
198.701 1.56584e+07
198.801 1.56505e+07
198.901 1.56426e+07
199.001 1.56348e+07
199.101 1.56269e+07
199.201 1.56191e+07
199.301 1.56112e+07
199.401 1.56034e+07
199.501 1.55956e+07
199.601 1.55878e+07
199.701 1.558e+07
199.801 1.55722e+07
199.901 1.55644e+07
200.001 1.55566e+07
