0.001 0
0.101 0
0.201 0
0.301 903654
0.401 698653
0.501 1.35186e+06
0.601 2.14522e+06
0.701 1.8392e+06
0.801 2.75056e+06
0.901 2.82264e+06
1.001 3.57051e+06
1.101 4.17758e+06
1.201 4.68809e+06
1.301 5.6428e+06
1.401 6.01662e+06
1.501 5.61578e+06
1.601 5.26501e+06
1.701 6.21235e+06
1.801 7.1753e+06
1.901 6.79785e+06
2.001 6.46085e+06
2.101 6.15334e+06
2.201 5.87624e+06
2.301 5.62322e+06
2.401 5.38902e+06
2.501 5.17681e+06
2.601 4.97987e+06
2.701 4.7955e+06
2.801 4.62623e+06
2.901 4.46676e+06
3.001 4.32064e+06
3.101 4.18482e+06
3.201 4.05408e+06
3.301 3.93457e+06
3.401 3.82288e+06
3.501 3.71368e+06
3.601 3.61357e+06
3.701 3.51594e+06
3.801 3.42701e+06
3.901 3.34335e+06
4.001 3.25979e+06
4.101 3.18494e+06
4.201 3.11301e+06
4.301 3.04063e+06
4.401 2.97525e+06
4.501 2.90915e+06
4.601 2.85006e+06
4.701 2.79406e+06
4.801 2.73586e+06
4.901 2.68504e+06
5.001 2.6357e+06
5.101 2.58403e+06
5.201 2.53853e+06
5.301 2.49064e+06
5.401 2.44906e+06
5.501 2.40948e+06
5.601 2.36646e+06
5.701 2.3302e+06
5.801 2.29472e+06
5.901 2.25583e+06
6.001 2.22323e+06
6.101 2.18679e+06
6.201 2.15679e+06
6.301 2.12817e+06
6.401 2.09492e+06
6.501 2.06772e+06
6.601 2.04134e+06
6.701 2.01088e+06
6.801 1.98651e+06
6.901 1.95772e+06
7.001 1.9352e+06
7.101 1.91369e+06
7.201 1.88712e+06
7.301 1.86648e+06
7.401 1.84678e+06
7.501 1.82216e+06
7.601 1.80391e+06
7.701 1.78049e+06
7.801 1.76359e+06
7.901 1.74678e+06
8.001 1.72494e+06
8.101 1.70902e+06
8.201 1.69382e+06
8.301 1.67342e+06
8.401 1.65933e+06
8.501 1.63981e+06
8.601 1.62675e+06
8.701 1.61368e+06
8.801 1.59535e+06
8.901 1.58323e+06
9.001 1.56987e+06
9.101 1.55441e+06
9.201 1.54373e+06
9.301 1.52713e+06
9.401 1.51667e+06
9.501 1.50672e+06
9.601 1.49103e+06
9.701 1.48183e+06
9.801 1.46754e+06
9.901 1.45794e+06
10.001 1.44962e+06
10.101 1.43526e+06
10.201 1.42706e+06
10.301 1.41928e+06
10.401 1.40563e+06
10.501 1.39846e+06
10.601 1.38527e+06
10.701 1.37868e+06
10.801 1.37196e+06
10.901 1.35938e+06
11.001 1.3532e+06
11.101 1.34738e+06
11.201 1.33535e+06
11.301 1.33003e+06
11.401 1.31837e+06
11.501 1.31305e+06
11.601 1.30807e+06
11.701 1.29689e+06
11.801 1.29235e+06
11.901 1.28789e+06
12.001 1.27716e+06
12.101 1.27312e+06
12.201 1.26269e+06
12.301 1.25862e+06
12.401 1.25483e+06
12.501 1.24479e+06
12.601 1.24139e+06
12.701 1.23825e+06
12.801 1.22858e+06
12.901 1.22538e+06
13.001 1.21596e+06
13.101 1.21311e+06
13.201 1.21051e+06
13.301 1.20141e+06
13.401 1.19915e+06
13.501 1.19671e+06
13.601 1.18791e+06
13.701 1.18579e+06
13.801 1.1772e+06
13.901 1.17539e+06
14.001 1.1736e+06
14.101 1.16527e+06
14.201 1.16377e+06
14.301 1.1621e+06
14.401 1.15403e+06
14.501 1.15264e+06
14.601 1.14474e+06
14.701 1.14362e+06
14.801 1.14269e+06
14.901 1.13502e+06
15.001 1.13398e+06
15.101 1.13314e+06
15.201 1.12568e+06
15.301 1.12508e+06
15.401 1.11778e+06
15.501 1.11741e+06
15.601 1.11687e+06
15.701 1.10976e+06
15.801 1.10928e+06
15.901 1.10897e+06
16.001 1.10204e+06
16.101 1.10195e+06
16.201 1.09515e+06
16.301 1.09528e+06
16.401 1.09523e+06
16.501 1.08859e+06
16.601 1.08875e+06
16.701 1.08859e+06
16.801 1.08259e+06
16.901 1.08311e+06
17.001 1.07674e+06
17.101 1.07712e+06
17.201 1.07766e+06
17.301 1.07143e+06
17.401 1.07215e+06
17.501 1.07038e+06
17.601 1.06677e+06
17.701 1.06765e+06
17.801 1.06166e+06
17.901 1.06241e+06
18.001 1.06331e+06
18.101 1.05744e+06
18.201 1.0585e+06
18.301 1.05524e+06
18.401 1.05394e+06
18.501 1.05501e+06
18.601 1.04934e+06
18.701 1.05056e+06
18.801 1.05192e+06
18.901 1.04635e+06
19.001 1.04786e+06
19.101 1.04323e+06
19.201 1.04375e+06
19.301 1.0451e+06
19.401 1.03972e+06
19.501 1.04122e+06
19.601 1.04284e+06
19.701 1.03755e+06
19.801 1.03932e+06
19.901 1.03409e+06
20.001 1.03572e+06
20.101 1.03747e+06
20.201 1.03234e+06
20.301 1.03422e+06
20.401 1.03622e+06
20.501 1.03116e+06
20.601 1.03302e+06
20.701 1.02803e+06
20.801 1.02989e+06
20.901 1.03186e+06
21.001 1.02695e+06
21.101 1.02904e+06
21.201 1.03124e+06
21.301 1.0264e+06
21.401 1.02847e+06
21.501 1.02368e+06
21.601 1.02587e+06
21.701 1.02816e+06
21.801 1.02345e+06
21.901 1.02585e+06
22.001 1.02811e+06
22.101 1.02346e+06
22.201 1.02583e+06
22.301 1.02123e+06
22.401 1.02372e+06
22.501 1.02618e+06
22.601 1.02164e+06
22.701 1.02421e+06
22.801 1.02664e+06
22.901 1.02215e+06
23.001 1.02469e+06
23.101 1.02025e+06
23.201 1.02289e+06
23.301 1.02562e+06
23.401 1.02123e+06
23.501 1.02383e+06
23.601 1.02641e+06
23.701 1.02208e+06
23.801 1.02476e+06
23.901 1.02047e+06
24.001 1.02324e+06
24.101 1.02611e+06
24.201 1.02187e+06
24.301 1.0246e+06
24.401 1.02743e+06
24.501 1.02323e+06
24.601 1.02615e+06
24.701 1.022e+06
24.801 1.025e+06
24.901 1.02788e+06
25.001 1.02377e+06
25.101 1.02673e+06
25.201 1.0287e+06
25.301 1.02571e+06
25.401 1.02885e+06
25.501 1.02481e+06
25.601 1.02782e+06
25.701 1.03081e+06
25.801 1.02681e+06
25.901 1.02988e+06
26.001 1.03074e+06
26.101 1.02908e+06
26.201 1.03231e+06
26.301 1.02839e+06
26.401 1.0315e+06
26.501 1.03459e+06
26.601 1.0307e+06
26.701 1.03387e+06
26.801 1.03366e+06
26.901 1.03326e+06
27.001 1.03658e+06
27.101 1.03276e+06
27.201 1.03596e+06
27.301 1.03924e+06
27.401 1.03545e+06
27.501 1.0388e+06
27.601 1.0375e+06
27.701 1.03837e+06
27.801 1.04178e+06
27.901 1.03805e+06
28.001 1.04133e+06
28.101 1.04469e+06
28.201 1.04099e+06
28.301 1.04442e+06
28.401 1.04209e+06
28.501 1.04425e+06
28.601 1.04764e+06
28.701 1.04399e+06
28.801 1.04735e+06
28.901 1.05079e+06
29.001 1.04716e+06
29.101 1.05067e+06
29.201 1.04744e+06
29.301 1.05065e+06
29.401 1.0541e+06
29.501 1.05053e+06
29.601 1.05406e+06
29.701 1.05765e+06
29.801 1.0541e+06
29.901 1.05776e+06
30.001 1.05424e+06
30.101 1.05778e+06
30.201 1.06131e+06
30.301 1.0578e+06
30.401 1.06139e+06
30.501 1.06505e+06
30.601 1.06157e+06
30.701 1.06528e+06
30.801 1.06183e+06
30.901 1.06543e+06
31.001 1.0691e+06
31.101 1.06566e+06
31.201 1.0694e+06
31.301 1.07319e+06
31.401 1.06977e+06
31.501 1.07346e+06
31.601 1.07006e+06
31.701 1.07381e+06
31.801 1.07762e+06
31.901 1.07424e+06
32.001 1.07811e+06
32.101 1.08187e+06
32.201 1.07851e+06
32.301 1.08224e+06
32.401 1.0789e+06
32.501 1.08269e+06
32.601 1.08655e+06
32.701 1.08323e+06
32.801 1.08714e+06
32.901 1.0907e+06
33.001 1.08764e+06
33.101 1.09142e+06
33.201 1.08813e+06
33.301 1.09197e+06
33.401 1.09587e+06
33.501 1.0926e+06
33.601 1.09647e+06
33.701 1.09911e+06
33.801 1.09714e+06
33.901 1.10097e+06
34.001 1.09773e+06
34.101 1.10161e+06
34.201 1.10554e+06
34.301 1.10232e+06
34.401 1.10623e+06
34.501 1.10791e+06
34.601 1.10699e+06
34.701 1.11086e+06
34.801 1.10766e+06
34.901 1.11158e+06
35.001 1.11556e+06
35.101 1.11238e+06
35.201 1.11633e+06
35.301 1.11709e+06
35.401 1.11717e+06
35.501 1.12107e+06
35.601 1.11792e+06
35.701 1.12187e+06
35.801 1.12588e+06
35.901 1.12275e+06
36.001 1.12673e+06
36.101 1.12662e+06
36.201 1.12764e+06
36.301 1.13158e+06
36.401 1.12847e+06
36.501 1.13246e+06
36.601 1.1365e+06
36.701 1.1334e+06
36.801 1.13749e+06
36.901 1.13655e+06
37.001 1.1384e+06
37.101 1.14237e+06
37.201 1.1393e+06
37.301 1.14332e+06
37.401 1.14739e+06
37.501 1.14433e+06
37.601 1.14845e+06
37.701 1.14677e+06
37.801 1.14942e+06
37.901 1.15349e+06
38.001 1.15046e+06
38.101 1.15458e+06
38.201 1.15868e+06
38.301 1.15565e+06
38.401 1.15979e+06
38.501 1.15735e+06
38.601 1.16083e+06
38.701 1.16493e+06
38.801 1.16193e+06
38.901 1.16607e+06
39.001 1.17027e+06
39.101 1.16727e+06
39.201 1.17137e+06
39.301 1.16839e+06
39.401 1.17254e+06
39.501 1.17673e+06
39.601 1.17376e+06
39.701 1.17793e+06
39.801 1.18215e+06
39.901 1.17918e+06
40.001 1.18331e+06
40.101 1.18036e+06
40.201 1.18452e+06
40.301 1.18874e+06
40.401 1.1858e+06
40.501 1.19005e+06
40.601 1.19422e+06
40.701 1.19129e+06
40.801 1.1955e+06
40.901 1.19258e+06
41.001 1.19684e+06
41.101 1.20114e+06
41.201 1.19822e+06
41.301 1.20243e+06
41.401 1.2059e+06
41.501 1.20378e+06
41.601 1.20808e+06
41.701 1.20519e+06
41.801 1.20953e+06
41.901 1.21378e+06
42.001 1.21089e+06
42.101 1.21518e+06
42.201 1.21791e+06
42.301 1.21664e+06
42.401 1.22102e+06
42.501 1.21815e+06
42.601 1.22244e+06
42.701 1.22671e+06
42.801 1.22384e+06
42.901 1.22816e+06
43.001 1.23017e+06
43.101 1.22965e+06
43.201 1.23398e+06
43.301 1.23113e+06
43.401 1.2355e+06
43.501 1.23979e+06
43.601 1.23695e+06
43.701 1.24121e+06
43.801 1.24248e+06
43.901 1.24268e+06
44.001 1.24703e+06
44.101 1.2442e+06
44.201 1.24853e+06
44.301 1.25289e+06
44.401 1.25007e+06
44.501 1.25435e+06
44.601 1.25495e+06
44.701 1.2558e+06
44.801 1.2601e+06
44.901 1.25729e+06
45.001 1.26163e+06
45.101 1.26595e+06
45.201 1.26315e+06
45.301 1.2675e+06
45.401 1.26741e+06
45.501 1.26899e+06
45.601 1.27324e+06
45.701 1.27046e+06
45.801 1.27475e+06
45.901 1.27908e+06
46.001 1.2763e+06
46.101 1.28061e+06
46.201 1.2799e+06
46.301 1.28219e+06
46.401 1.28646e+06
46.501 1.2837e+06
46.601 1.288e+06
46.701 1.29235e+06
46.801 1.28959e+06
46.901 1.29392e+06
47.001 1.29255e+06
47.101 1.29552e+06
47.201 1.29981e+06
47.301 1.29706e+06
47.401 1.30133e+06
47.501 1.30563e+06
47.601 1.30289e+06
47.701 1.30723e+06
47.801 1.30529e+06
47.901 1.30881e+06
48.001 1.31317e+06
48.101 1.31044e+06
48.201 1.31471e+06
48.301 1.31903e+06
48.401 1.31631e+06
48.501 1.32066e+06
48.601 1.31811e+06
48.701 1.32227e+06
48.801 1.32664e+06
48.901 1.32393e+06
49.001 1.32822e+06
49.101 1.33233e+06
49.201 1.32979e+06
49.301 1.3341e+06
49.401 1.3314e+06
49.501 1.33574e+06
49.601 1.34007e+06
49.701 1.33737e+06
49.801 1.34173e+06
49.901 1.34515e+06
50.001 1.34333e+06
50.101 1.34765e+06
50.201 1.34496e+06
50.301 1.34932e+06
50.401 1.35366e+06
50.501 1.35098e+06
50.601 1.35535e+06
50.701 1.3581e+06
50.801 1.35697e+06
50.901 1.36131e+06
51.001 1.35864e+06
51.101 1.36301e+06
51.201 1.36736e+06
51.301 1.36469e+06
51.401 1.36908e+06
51.501 1.37117e+06
51.601 1.37073e+06
51.701 1.37502e+06
51.801 1.37237e+06
51.901 1.37669e+06
52.001 1.38105e+06
52.101 1.3784e+06
52.201 1.3828e+06
52.301 1.38431e+06
52.401 1.38447e+06
52.501 1.38878e+06
52.601 1.38614e+06
52.701 1.39048e+06
52.801 1.39485e+06
52.901 1.39221e+06
53.001 1.39662e+06
53.101 1.39757e+06
53.201 1.39832e+06
53.301 1.40264e+06
53.401 1.40001e+06
53.501 1.40436e+06
53.601 1.40874e+06
53.701 1.40612e+06
53.801 1.41053e+06
53.901 1.41094e+06
54.001 1.41226e+06
54.101 1.41659e+06
54.201 1.41397e+06
54.301 1.41833e+06
54.401 1.42272e+06
54.501 1.42011e+06
54.601 1.42454e+06
54.701 1.42442e+06
54.801 1.42629e+06
54.901 1.43067e+06
55.001 1.42807e+06
55.101 1.43249e+06
55.201 1.43689e+06
55.301 1.43429e+06
55.401 1.43873e+06
55.501 1.43805e+06
55.601 1.4405e+06
55.701 1.44489e+06
55.801 1.44231e+06
55.901 1.44673e+06
56.001 1.45114e+06
56.101 1.44856e+06
56.201 1.453e+06
56.301 1.45177e+06
56.401 1.45479e+06
56.501 1.45919e+06
56.601 1.45662e+06
56.701 1.46105e+06
56.801 1.46552e+06
56.901 1.46294e+06
57.001 1.46734e+06
57.101 1.46563e+06
57.201 1.46915e+06
57.301 1.47357e+06
57.401 1.471e+06
57.501 1.47544e+06
57.601 1.47945e+06
57.701 1.47735e+06
57.801 1.48176e+06
57.901 1.47958e+06
58.001 1.48364e+06
58.101 1.48811e+06
58.201 1.48555e+06
58.301 1.49e+06
58.401 1.49341e+06
58.501 1.49193e+06
58.601 1.49635e+06
58.701 1.4938e+06
58.801 1.49824e+06
58.901 1.50272e+06
59.001 1.50017e+06
59.101 1.50467e+06
59.201 1.50751e+06
59.301 1.50657e+06
59.401 1.51104e+06
59.501 1.5085e+06
59.601 1.513e+06
59.701 1.51752e+06
59.801 1.51499e+06
59.901 1.51945e+06
60.001 1.52177e+06
60.101 1.52136e+06
60.201 1.52584e+06
60.301 1.52331e+06
60.401 1.52781e+06
60.501 1.53235e+06
60.601 1.52982e+06
60.701 1.53429e+06
60.801 1.5361e+06
60.901 1.53626e+06
61.001 1.54079e+06
61.101 1.53827e+06
61.201 1.54282e+06
61.301 1.54731e+06
61.401 1.54479e+06
61.501 1.54931e+06
61.601 1.55064e+06
61.701 1.55134e+06
61.801 1.55592e+06
61.901 1.55341e+06
62.001 1.55792e+06
62.101 1.56242e+06
62.201 1.55991e+06
62.301 1.56443e+06
62.401 1.56528e+06
62.501 1.56648e+06
62.601 1.57106e+06
62.701 1.56855e+06
62.801 1.57307e+06
62.901 1.57762e+06
63.001 1.57511e+06
63.101 1.57969e+06
63.201 1.58003e+06
63.301 1.58179e+06
63.401 1.58633e+06
63.501 1.58383e+06
63.601 1.5884e+06
63.701 1.59299e+06
63.801 1.59049e+06
63.901 1.59511e+06
64.001 1.59496e+06
64.101 1.59718e+06
64.201 1.60177e+06
64.301 1.59928e+06
64.401 1.60389e+06
64.501 1.60853e+06
64.601 1.60604e+06
64.701 1.61062e+06
64.801 1.61002e+06
64.901 1.61274e+06
65.001 1.61737e+06
65.101 1.61489e+06
65.201 1.6195e+06
65.301 1.62394e+06
65.401 1.62162e+06
65.501 1.62624e+06
65.601 1.62513e+06
65.701 1.62833e+06
65.801 1.63288e+06
65.901 1.63041e+06
66.001 1.63494e+06
66.101 1.63889e+06
66.201 1.63703e+06
66.301 1.64162e+06
66.401 1.64017e+06
66.501 1.64371e+06
66.601 1.64827e+06
66.701 1.6458e+06
66.801 1.65038e+06
66.901 1.65377e+06
67.001 1.65244e+06
67.101 1.65695e+06
67.201 1.65505e+06
67.301 1.65897e+06
67.401 1.66349e+06
67.501 1.66103e+06
67.601 1.66557e+06
67.701 1.66854e+06
67.801 1.66764e+06
67.901 1.67215e+06
68.001 1.66982e+06
68.101 1.67423e+06
68.201 1.67872e+06
68.301 1.67626e+06
68.401 1.68073e+06
68.501 1.6832e+06
68.601 1.68273e+06
68.701 1.68721e+06
68.801 1.68475e+06
68.901 1.68926e+06
69.001 1.69375e+06
69.101 1.6913e+06
69.201 1.69577e+06
69.301 1.69776e+06
69.401 1.69782e+06
69.501 1.70227e+06
69.601 1.69982e+06
69.701 1.70425e+06
69.801 1.70867e+06
69.901 1.70622e+06
70.001 1.71066e+06
70.101 1.71226e+06
70.201 1.71268e+06
70.301 1.71714e+06
70.401 1.7147e+06
70.501 1.71917e+06
70.601 1.72359e+06
70.701 1.72115e+06
70.801 1.72556e+06
70.901 1.7267e+06
71.001 1.72752e+06
71.101 1.73194e+06
71.201 1.72951e+06
71.301 1.73395e+06
71.401 1.73838e+06
71.501 1.73594e+06
71.601 1.74036e+06
71.701 1.74104e+06
71.801 1.74237e+06
71.901 1.74675e+06
72.001 1.74433e+06
72.101 1.7487e+06
72.201 1.75306e+06
72.301 1.75063e+06
72.401 1.75501e+06
72.501 1.75533e+06
72.601 1.757e+06
72.701 1.76139e+06
72.801 1.75897e+06
72.901 1.76335e+06
73.001 1.76775e+06
73.101 1.76533e+06
73.201 1.76969e+06
73.301 1.76953e+06
73.401 1.77161e+06
73.501 1.77597e+06
73.601 1.77356e+06
73.701 1.77794e+06
73.801 1.78224e+06
73.901 1.7799e+06
74.001 1.78426e+06
74.101 1.78369e+06
74.201 1.78623e+06
74.301 1.79056e+06
74.401 1.78816e+06
74.501 1.79247e+06
74.601 1.79631e+06
74.701 1.79437e+06
74.801 1.7987e+06
74.901 1.79779e+06
75.001 1.80065e+06
75.101 1.80499e+06
75.201 1.80259e+06
75.301 1.80695e+06
75.401 1.81033e+06
75.501 1.80887e+06
75.601 1.81317e+06
75.701 1.81185e+06
75.801 1.81506e+06
75.901 1.81937e+06
76.001 1.81697e+06
76.101 1.8213e+06
76.201 1.8243e+06
76.301 1.82323e+06
76.401 1.82754e+06
76.501 1.82583e+06
76.601 1.82948e+06
76.701 1.83376e+06
76.801 1.83137e+06
76.901 1.83564e+06
77.001 1.8382e+06
77.101 1.83755e+06
77.201 1.84186e+06
77.301 1.83979e+06
77.401 1.84378e+06
77.501 1.84807e+06
77.601 1.84569e+06
77.701 1.85e+06
77.801 1.85209e+06
77.901 1.85188e+06
78.001 1.85613e+06
78.101 1.85376e+06
78.201 1.85803e+06
78.301 1.86233e+06
78.401 1.85995e+06
78.501 1.86423e+06
78.601 1.86594e+06
78.701 1.86613e+06
78.801 1.87042e+06
78.901 1.86805e+06
79.001 1.8723e+06
79.101 1.87654e+06
79.201 1.87417e+06
79.301 1.87842e+06
79.401 1.87976e+06
79.501 1.88033e+06
79.601 1.8846e+06
79.701 1.88224e+06
79.801 1.88649e+06
79.901 1.89077e+06
80.001 1.8884e+06
80.101 1.89263e+06
80.201 1.89353e+06
80.301 1.89449e+06
80.401 1.89873e+06
80.501 1.89637e+06
80.601 1.90064e+06
80.701 1.90489e+06
80.801 1.90253e+06
80.901 1.90677e+06
81.001 1.90727e+06
81.101 1.90867e+06
81.201 1.91289e+06
81.301 1.91053e+06
81.401 1.91474e+06
81.501 1.91896e+06
81.601 1.91661e+06
81.701 1.92086e+06
81.801 1.921e+06
81.901 1.92274e+06
82.001 1.92696e+06
82.101 1.92462e+06
82.201 1.92886e+06
82.301 1.93293e+06
82.401 1.93071e+06
82.501 1.9349e+06
82.601 1.93467e+06
82.701 1.93677e+06
82.801 1.941e+06
82.901 1.93866e+06
83.001 1.94288e+06
83.101 1.94656e+06
83.201 1.94474e+06
83.301 1.94897e+06
83.401 1.94833e+06
83.501 1.95082e+06
83.601 1.95499e+06
83.701 1.95266e+06
83.801 1.95685e+06
83.901 1.96016e+06
84.001 1.95873e+06
84.101 1.96294e+06
84.201 1.96196e+06
84.301 1.96483e+06
84.401 1.96901e+06
84.501 1.96668e+06
84.601 1.97085e+06
84.701 1.97376e+06
84.801 1.97268e+06
84.901 1.97686e+06
85.001 1.97559e+06
85.101 1.97874e+06
85.201 1.98293e+06
85.301 1.9806e+06
85.401 1.98481e+06
85.501 1.98733e+06
85.601 1.98666e+06
85.701 1.99081e+06
85.801 1.98919e+06
85.901 1.99264e+06
86.001 1.9968e+06
86.101 1.99449e+06
86.201 1.99867e+06
86.301 2.00089e+06
86.401 2.00053e+06
86.501 2.00473e+06
86.601 2.00276e+06
86.701 2.00657e+06
86.801 2.01071e+06
86.901 2.00839e+06
87.001 2.01256e+06
87.101 2.01443e+06
87.201 2.01443e+06
87.301 2.0186e+06
87.401 2.01632e+06
87.501 2.02049e+06
87.601 2.02464e+06
87.701 2.02233e+06
87.801 2.02647e+06
87.901 2.02797e+06
88.001 2.02829e+06
88.101 2.03244e+06
88.201 2.03014e+06
88.301 2.03431e+06
88.401 2.03847e+06
88.501 2.03617e+06
88.601 2.04035e+06
88.701 2.04148e+06
88.801 2.04218e+06
88.901 2.04631e+06
89.001 2.04401e+06
89.101 2.04816e+06
89.201 2.05233e+06
89.301 2.05003e+06
89.401 2.05419e+06
89.501 2.05499e+06
89.601 2.05607e+06
89.701 2.0602e+06
89.801 2.05791e+06
89.901 2.06203e+06
90.001 2.06615e+06
90.101 2.06386e+06
90.201 2.06799e+06
90.301 2.0685e+06
90.401 2.06985e+06
90.501 2.074e+06
90.601 2.07171e+06
90.701 2.07587e+06
90.801 2.07994e+06
90.901 2.07771e+06
91.001 2.08182e+06
91.101 2.08199e+06
91.201 2.08367e+06
91.301 2.08782e+06
91.401 2.08554e+06
91.501 2.08968e+06
91.601 2.0934e+06
91.701 2.09156e+06
91.801 2.09568e+06
91.901 2.0955e+06
92.001 2.09751e+06
92.101 2.10164e+06
92.201 2.09936e+06
92.301 2.10351e+06
92.401 2.10689e+06
92.501 2.10537e+06
92.601 2.10953e+06
92.701 2.10902e+06
92.801 2.11138e+06
92.901 2.11549e+06
93.001 2.11321e+06
93.101 2.11734e+06
93.201 2.12038e+06
93.301 2.11922e+06
93.401 2.12335e+06
93.501 2.12254e+06
93.601 2.12521e+06
93.701 2.12936e+06
93.801 2.12709e+06
93.901 2.13119e+06
94.001 2.13385e+06
94.101 2.13302e+06
94.201 2.13714e+06
94.301 2.13603e+06
94.401 2.13901e+06
94.501 2.14314e+06
94.601 2.14087e+06
94.701 2.14501e+06
94.801 2.14731e+06
94.901 2.14686e+06
95.001 2.15095e+06
95.101 2.14952e+06
95.201 2.15281e+06
95.301 2.15694e+06
95.401 2.15468e+06
95.501 2.1588e+06
95.601 2.16078e+06
95.701 2.16069e+06
95.801 2.16479e+06
95.901 2.16304e+06
96.001 2.16663e+06
96.101 2.17074e+06
96.201 2.16848e+06
96.301 2.17262e+06
96.401 2.17428e+06
96.501 2.17448e+06
96.601 2.17862e+06
96.701 2.17657e+06
96.801 2.18047e+06
96.901 2.18457e+06
97.001 2.18231e+06
97.101 2.18643e+06
97.201 2.18779e+06
97.301 2.18831e+06
97.401 2.19243e+06
97.501 2.19018e+06
97.601 2.19432e+06
97.701 2.19842e+06
97.801 2.19617e+06
97.901 2.20026e+06
98.001 2.20129e+06
98.101 2.20212e+06
98.201 2.20625e+06
98.301 2.20401e+06
98.401 2.20813e+06
98.501 2.21226e+06
98.601 2.21002e+06
98.701 2.21412e+06
98.801 2.21482e+06
98.901 2.21597e+06
99.001 2.22007e+06
99.101 2.21783e+06
99.201 2.22196e+06
99.301 2.22597e+06
99.401 2.22384e+06
99.501 2.22797e+06
99.601 2.22836e+06
99.701 2.22983e+06
99.801 2.23392e+06
99.901 2.23168e+06
100.001 2.23579e+06
100.101 2.23948e+06
100.201 2.23768e+06
100.301 2.24179e+06
100.401 2.24189e+06
100.501 2.24369e+06
100.601 2.24779e+06
100.701 2.24556e+06
100.801 2.24967e+06
100.901 2.25302e+06
101.001 2.25157e+06
101.101 2.25569e+06
101.201 2.25548e+06
101.301 2.2576e+06
101.401 2.26171e+06
101.501 2.25948e+06
101.601 2.26357e+06
101.701 2.26659e+06
101.801 2.26546e+06
101.901 2.26959e+06
102.001 2.2691e+06
102.101 2.27148e+06
102.201 2.27562e+06
102.301 2.2734e+06
102.401 2.2775e+06
102.501 2.28019e+06
102.601 2.27937e+06
102.701 2.28348e+06
102.801 2.28271e+06
102.901 2.28539e+06
103.001 2.2895e+06
103.101 2.28728e+06
103.201 2.29142e+06
103.301 2.29378e+06
103.401 2.2933e+06
103.501 2.29739e+06
103.601 2.29633e+06
103.701 2.29928e+06
103.801 2.30341e+06
103.901 2.30119e+06
104.001 2.30533e+06
104.101 2.30741e+06
104.201 2.30723e+06
104.301 2.31133e+06
104.401 2.31e+06
104.501 2.31323e+06
104.601 2.31736e+06
104.701 2.31515e+06
104.801 2.31927e+06
104.901 2.32105e+06
105.001 2.3212e+06
105.101 2.32531e+06
105.201 2.32369e+06
105.301 2.32719e+06
105.401 2.33131e+06
105.501 2.3291e+06
105.601 2.33323e+06
105.701 2.33473e+06
105.801 2.33514e+06
105.901 2.33928e+06
106.001 2.33738e+06
106.101 2.34118e+06
106.201 2.3453e+06
106.301 2.34309e+06
106.401 2.34723e+06
106.501 2.34842e+06
106.601 2.34915e+06
106.701 2.3533e+06
106.801 2.35112e+06
106.901 2.35521e+06
107.001 2.35931e+06
107.101 2.35711e+06
107.201 2.36123e+06
107.301 2.36214e+06
107.401 2.36316e+06
107.501 2.36729e+06
107.601 2.36509e+06
107.701 2.36923e+06
107.801 2.37317e+06
107.901 2.37114e+06
108.001 2.37527e+06
108.101 2.37589e+06
108.201 2.37721e+06
108.301 2.38135e+06
108.401 2.37915e+06
108.501 2.3833e+06
108.601 2.38692e+06
108.701 2.38522e+06
108.801 2.38933e+06
108.901 2.38968e+06
109.001 2.39126e+06
109.101 2.3954e+06
109.201 2.3932e+06
109.301 2.39736e+06
109.401 2.40069e+06
109.501 2.39929e+06
109.601 2.40341e+06
109.701 2.4035e+06
109.801 2.40534e+06
109.901 2.40949e+06
110.001 2.4073e+06
110.101 2.41144e+06
110.201 2.41448e+06
110.301 2.4134e+06
110.401 2.41753e+06
110.501 2.41733e+06
110.601 2.41947e+06
110.701 2.42363e+06
110.801 2.42144e+06
110.901 2.42559e+06
111.001 2.42833e+06
111.101 2.42756e+06
111.201 2.43169e+06
111.301 2.43121e+06
111.401 2.43362e+06
111.501 2.43776e+06
111.601 2.43557e+06
111.701 2.43972e+06
111.801 2.44219e+06
111.901 2.44171e+06
112.001 2.44584e+06
112.101 2.44512e+06
112.201 2.44778e+06
112.301 2.45193e+06
112.401 2.44974e+06
112.501 2.4539e+06
112.601 2.45609e+06
112.701 2.45589e+06
112.801 2.46003e+06
112.901 2.45906e+06
113.001 2.46199e+06
113.101 2.46614e+06
113.201 2.46396e+06
113.301 2.46812e+06
113.401 2.47005e+06
113.501 2.4701e+06
113.601 2.47427e+06
113.701 2.47303e+06
113.801 2.47623e+06
113.901 2.48038e+06
114.001 2.47821e+06
114.101 2.48238e+06
114.201 2.48401e+06
114.301 2.48436e+06
114.401 2.48854e+06
114.501 2.48703e+06
114.601 2.49051e+06
114.701 2.49467e+06
114.801 2.4925e+06
114.901 2.49667e+06
115.001 2.49803e+06
115.101 2.49867e+06
115.201 2.50285e+06
115.301 2.50108e+06
115.401 2.50483e+06
115.501 2.509e+06
115.601 2.50683e+06
115.701 2.51101e+06
115.801 2.51208e+06
115.901 2.51301e+06
116.001 2.5172e+06
116.101 2.51517e+06
116.201 2.51919e+06
116.301 2.52305e+06
116.401 2.52119e+06
116.501 2.52538e+06
116.601 2.52617e+06
116.701 2.52739e+06
116.801 2.53158e+06
116.901 2.52942e+06
117.001 2.53358e+06
117.101 2.53715e+06
117.201 2.53559e+06
117.301 2.53978e+06
117.401 2.54031e+06
117.501 2.5418e+06
117.601 2.546e+06
117.701 2.54384e+06
117.801 2.548e+06
117.901 2.55129e+06
118.001 2.55002e+06
118.101 2.55422e+06
118.201 2.55448e+06
118.301 2.55625e+06
118.401 2.56045e+06
118.501 2.55829e+06
118.601 2.56247e+06
118.701 2.56546e+06
118.801 2.56449e+06
118.901 2.5687e+06
119.001 2.56869e+06
119.101 2.57073e+06
119.201 2.57494e+06
119.301 2.57278e+06
119.401 2.57696e+06
119.501 2.57968e+06
119.601 2.579e+06
119.701 2.58321e+06
119.801 2.58293e+06
119.901 2.58525e+06
120.001 2.58946e+06
120.101 2.58731e+06
120.201 2.59149e+06
120.301 2.59393e+06
120.401 2.59353e+06
120.501 2.59775e+06
120.601 2.59722e+06
120.701 2.5998e+06
120.801 2.60402e+06
120.901 2.60186e+06
121.001 2.60605e+06
121.101 2.60821e+06
121.201 2.6081e+06
121.301 2.61232e+06
121.401 2.61154e+06
121.501 2.6144e+06
121.601 2.6186e+06
121.701 2.61645e+06
121.801 2.62065e+06
121.901 2.62256e+06
122.001 2.62271e+06
122.101 2.62693e+06
122.201 2.62591e+06
122.301 2.62902e+06
122.401 2.63322e+06
122.501 2.63107e+06
122.601 2.63529e+06
122.701 2.63696e+06
122.801 2.63738e+06
122.901 2.64161e+06
123.001 2.64035e+06
123.101 2.6437e+06
123.201 2.64792e+06
123.301 2.64577e+06
123.401 2.64999e+06
123.501 2.65139e+06
123.601 2.65209e+06
123.701 2.65632e+06
123.801 2.65481e+06
123.901 2.65842e+06
124.001 2.66242e+06
124.101 2.66049e+06
124.201 2.66472e+06
124.301 2.66586e+06
124.401 2.66682e+06
124.501 2.67108e+06
124.601 2.66933e+06
124.701 2.67317e+06
124.801 2.67691e+06
124.901 2.67525e+06
125.001 2.67948e+06
125.101 2.68039e+06
125.201 2.68159e+06
125.301 2.68585e+06
125.401 2.68389e+06
125.501 2.68795e+06
125.601 2.69144e+06
125.701 2.69005e+06
125.801 2.69431e+06
125.901 2.69496e+06
126.001 2.69645e+06
126.101 2.70069e+06
126.201 2.69855e+06
126.301 2.70279e+06
126.401 2.70603e+06
126.501 2.70491e+06
126.601 2.70917e+06
126.701 2.70959e+06
126.801 2.71131e+06
126.901 2.71556e+06
127.001 2.71342e+06
127.101 2.71769e+06
127.201 2.72068e+06
127.301 2.71983e+06
127.401 2.7241e+06
127.501 2.72427e+06
127.601 2.72625e+06
127.701 2.7305e+06
127.801 2.72836e+06
127.901 2.73263e+06
128.001 2.73536e+06
128.101 2.73478e+06
128.201 2.73907e+06
128.301 2.739e+06
128.401 2.7412e+06
128.501 2.74549e+06
128.601 2.74335e+06
128.701 2.74764e+06
128.801 2.75014e+06
128.901 2.7498e+06
129.001 2.75409e+06
129.101 2.75377e+06
129.201 2.75623e+06
129.301 2.76052e+06
129.401 2.75838e+06
129.501 2.76268e+06
129.601 2.76491e+06
129.701 2.76486e+06
129.801 2.76914e+06
129.901 2.7686e+06
130.001 2.7713e+06
130.101 2.77561e+06
130.201 2.77348e+06
130.301 2.77778e+06
130.401 2.77976e+06
130.501 2.77996e+06
130.601 2.78425e+06
130.701 2.78347e+06
130.801 2.78642e+06
130.901 2.79073e+06
131.001 2.7886e+06
131.101 2.79293e+06
131.201 2.79465e+06
131.301 2.79509e+06
131.401 2.79941e+06
131.501 2.79843e+06
131.601 2.8016e+06
131.701 2.80581e+06
131.801 2.80381e+06
131.901 2.80812e+06
132.001 2.80962e+06
132.101 2.81031e+06
132.201 2.81464e+06
132.301 2.81344e+06
132.401 2.81684e+06
132.501 2.82079e+06
132.601 2.81906e+06
132.701 2.82337e+06
132.801 2.82462e+06
132.901 2.82557e+06
133.001 2.8299e+06
133.101 2.82847e+06
133.201 2.83213e+06
133.301 2.83582e+06
133.401 2.83432e+06
133.501 2.83866e+06
133.601 2.83969e+06
133.701 2.84088e+06
133.801 2.84525e+06
133.901 2.84359e+06
134.001 2.84745e+06
134.101 2.85091e+06
134.201 2.84968e+06
134.301 2.85403e+06
134.401 2.85483e+06
134.501 2.85626e+06
134.601 2.86063e+06
134.701 2.85875e+06
134.801 2.86284e+06
134.901 2.86604e+06
135.001 2.86507e+06
135.101 2.86943e+06
135.201 2.86998e+06
135.301 2.87168e+06
135.401 2.87603e+06
135.501 2.87394e+06
135.601 2.87826e+06
135.701 2.88123e+06
135.801 2.88051e+06
135.901 2.8849e+06
136.001 2.88522e+06
136.101 2.88714e+06
136.201 2.89151e+06
136.301 2.88939e+06
136.401 2.89377e+06
136.501 2.89649e+06
136.601 2.89604e+06
136.701 2.90041e+06
136.801 2.90052e+06
136.901 2.90267e+06
137.001 2.90706e+06
137.101 2.90494e+06
137.201 2.90935e+06
137.301 2.91182e+06
137.401 2.91161e+06
137.501 2.916e+06
137.601 2.91589e+06
137.701 2.91828e+06
137.801 2.9227e+06
137.901 2.92058e+06
138.001 2.92496e+06
138.101 2.92722e+06
138.201 2.92723e+06
138.301 2.93162e+06
138.401 2.93131e+06
138.501 2.93391e+06
138.601 2.93832e+06
138.701 2.93621e+06
138.801 2.9406e+06
138.901 2.94263e+06
139.001 2.94288e+06
139.101 2.9473e+06
139.201 2.94676e+06
139.301 2.94961e+06
139.401 2.95397e+06
139.501 2.95189e+06
139.601 2.9563e+06
139.701 2.95812e+06
139.801 2.95861e+06
139.901 2.96305e+06
140.001 2.96229e+06
140.101 2.96534e+06
140.201 2.96947e+06
140.301 2.96765e+06
140.401 2.97208e+06
140.501 2.97366e+06
140.601 2.97441e+06
140.701 2.97883e+06
140.801 2.97788e+06
140.901 2.98115e+06
141.001 2.98505e+06
141.101 2.98348e+06
141.201 2.98793e+06
141.301 2.98928e+06
141.401 2.99025e+06
141.501 2.99469e+06
141.601 2.99353e+06
141.701 2.99703e+06
141.801 3.00069e+06
141.901 2.99938e+06
142.001 3.00382e+06
142.101 3.00496e+06
142.201 3.00615e+06
142.301 3.01062e+06
142.401 3.00925e+06
142.501 3.01298e+06
142.601 3.01639e+06
142.701 3.01531e+06
142.801 3.01977e+06
142.901 3.0207e+06
143.001 3.02213e+06
143.101 3.02661e+06
143.201 3.02503e+06
143.301 3.02895e+06
143.401 3.03215e+06
143.501 3.03131e+06
143.601 3.03579e+06
143.701 3.0365e+06
143.801 3.03817e+06
143.901 3.04264e+06
144.001 3.04086e+06
144.101 3.045e+06
144.201 3.04798e+06
144.301 3.04738e+06
144.401 3.05188e+06
144.501 3.05236e+06
144.601 3.05426e+06
144.701 3.05877e+06
144.801 3.05679e+06
144.901 3.06117e+06
145.001 3.0639e+06
145.101 3.06355e+06
145.201 3.06805e+06
145.301 3.06834e+06
145.401 3.07045e+06
145.501 3.07498e+06
145.601 3.07287e+06
145.701 3.07737e+06
145.801 3.07988e+06
145.901 3.07977e+06
146.001 3.08429e+06
146.101 3.08436e+06
146.201 3.08671e+06
146.301 3.09122e+06
146.401 3.08911e+06
146.501 3.09363e+06
146.601 3.09594e+06
146.701 3.09605e+06
146.801 3.10059e+06
146.901 3.10045e+06
147.001 3.103e+06
147.101 3.10751e+06
147.201 3.10542e+06
147.301 3.10996e+06
147.401 3.11204e+06
147.501 3.1124e+06
147.601 3.11692e+06
147.701 3.11658e+06
147.801 3.11935e+06
147.901 3.12366e+06
148.001 3.1218e+06
148.101 3.12634e+06
148.201 3.12822e+06
148.301 3.12879e+06
148.401 3.13335e+06
148.501 3.13281e+06
148.601 3.13581e+06
148.701 3.13989e+06
148.801 3.13825e+06
148.901 3.14281e+06
149.001 3.14448e+06
149.101 3.14527e+06
149.201 3.14986e+06
149.301 3.14911e+06
149.401 3.1523e+06
149.501 3.15616e+06
149.601 3.15476e+06
149.701 3.15934e+06
149.801 3.16079e+06
149.901 3.16182e+06
150.001 3.1664e+06
150.101 3.16547e+06
150.201 3.16889e+06
150.301 3.17252e+06
150.401 3.17138e+06
150.501 3.17596e+06
150.601 3.1772e+06
150.701 3.17844e+06
150.801 3.18305e+06
150.901 3.18191e+06
151.001 3.18555e+06
151.101 3.18895e+06
151.201 3.18803e+06
151.301 3.19263e+06
151.401 3.19368e+06
151.501 3.19513e+06
151.601 3.19975e+06
151.701 3.19841e+06
151.801 3.20225e+06
151.901 3.20544e+06
152.001 3.20477e+06
152.101 3.2094e+06
152.201 3.21022e+06
152.301 3.2119e+06
152.401 3.21652e+06
152.501 3.215e+06
152.601 3.21904e+06
152.701 3.22201e+06
152.801 3.22158e+06
152.901 3.22619e+06
153.001 3.22682e+06
153.101 3.22871e+06
153.201 3.23337e+06
153.301 3.23165e+06
153.401 3.23589e+06
153.501 3.23866e+06
153.601 3.23843e+06
153.701 3.24308e+06
153.801 3.24352e+06
153.901 3.24563e+06
154.001 3.25027e+06
154.101 3.24839e+06
154.201 3.25281e+06
154.301 3.25538e+06
154.401 3.25536e+06
154.501 3.26004e+06
154.601 3.26027e+06
154.701 3.26259e+06
154.801 3.26725e+06
154.901 3.26519e+06
155.001 3.26984e+06
155.101 3.27217e+06
155.201 3.27239e+06
155.301 3.27706e+06
155.401 3.27711e+06
155.501 3.27963e+06
155.601 3.28406e+06
155.701 3.28222e+06
155.801 3.2869e+06
155.901 3.28903e+06
156.001 3.28949e+06
156.101 3.29419e+06
156.201 3.29402e+06
156.301 3.29677e+06
156.401 3.30097e+06
156.501 3.29935e+06
156.601 3.30405e+06
156.701 3.30597e+06
156.801 3.30665e+06
156.901 3.31136e+06
157.001 3.311e+06
157.101 3.31396e+06
157.201 3.31795e+06
157.301 3.31658e+06
157.401 3.32128e+06
157.501 3.32299e+06
157.601 3.32388e+06
157.701 3.32861e+06
157.801 3.32805e+06
157.901 3.33123e+06
158.001 3.33499e+06
158.101 3.33385e+06
158.201 3.33858e+06
158.301 3.34008e+06
158.401 3.34122e+06
158.501 3.34594e+06
158.601 3.34518e+06
158.701 3.34856e+06
158.801 3.35212e+06
158.901 3.35121e+06
159.001 3.35595e+06
159.101 3.35726e+06
159.201 3.35858e+06
159.301 3.36334e+06
159.401 3.3624e+06
159.501 3.36599e+06
159.601 3.36934e+06
159.701 3.36864e+06
159.801 3.37341e+06
159.901 3.37451e+06
160.001 3.37608e+06
160.101 3.38083e+06
160.201 3.37971e+06
160.301 3.38349e+06
160.401 3.38663e+06
160.501 3.38615e+06
160.601 3.39093e+06
160.701 3.39184e+06
160.801 3.3936e+06
160.901 3.39839e+06
161.001 3.39707e+06
161.101 3.40108e+06
161.201 3.40399e+06
161.301 3.40374e+06
161.401 3.40852e+06
161.501 3.40924e+06
161.601 3.41122e+06
161.701 3.41601e+06
161.801 3.41452e+06
161.901 3.41869e+06
162.001 3.42144e+06
162.101 3.42141e+06
162.201 3.42621e+06
162.301 3.42674e+06
162.401 3.4289e+06
162.501 3.43366e+06
162.601 3.43206e+06
162.701 3.43644e+06
162.801 3.43897e+06
162.901 3.43915e+06
163.001 3.44398e+06
163.101 3.44432e+06
163.201 3.44671e+06
163.301 3.45123e+06
163.401 3.44968e+06
163.501 3.45425e+06
163.601 3.45659e+06
163.701 3.45699e+06
163.801 3.46182e+06
163.901 3.46198e+06
164.001 3.46455e+06
164.101 3.46888e+06
164.201 3.46738e+06
164.301 3.47214e+06
164.401 3.47428e+06
164.501 3.47488e+06
164.601 3.47974e+06
164.701 3.47971e+06
164.801 3.4825e+06
164.901 3.48661e+06
165.001 3.48525e+06
165.101 3.49013e+06
165.201 3.49207e+06
165.301 3.4929e+06
165.401 3.49776e+06
165.501 3.49754e+06
165.601 3.50052e+06
165.701 3.50443e+06
165.801 3.5033e+06
165.901 3.50817e+06
166.001 3.50993e+06
166.101 3.51094e+06
166.201 3.51585e+06
166.301 3.51545e+06
166.401 3.51862e+06
166.501 3.52234e+06
166.601 3.5214e+06
166.701 3.5263e+06
166.801 3.52787e+06
166.901 3.5291e+06
167.001 3.53401e+06
167.101 3.53344e+06
167.201 3.53681e+06
167.301 3.54032e+06
167.401 3.53962e+06
167.501 3.54454e+06
167.601 3.54591e+06
167.701 3.54735e+06
167.801 3.55229e+06
167.901 3.55151e+06
168.001 3.5551e+06
168.101 3.55841e+06
168.201 3.55792e+06
168.301 3.56287e+06
168.401 3.56403e+06
168.501 3.56568e+06
168.601 3.57062e+06
168.701 3.56968e+06
168.801 3.57346e+06
168.901 3.57656e+06
169.001 3.57628e+06
169.101 3.58123e+06
169.201 3.58223e+06
169.301 3.58408e+06
169.401 3.58903e+06
169.501 3.58792e+06
169.601 3.59187e+06
169.701 3.5948e+06
169.801 3.59474e+06
169.901 3.5997e+06
170.001 3.60052e+06
170.101 3.60255e+06
170.201 3.60741e+06
170.301 3.60627e+06
170.401 3.6104e+06
170.501 3.61316e+06
170.601 3.61326e+06
170.701 3.61826e+06
170.801 3.61892e+06
170.901 3.62113e+06
171.001 3.6258e+06
171.101 3.6247e+06
171.201 3.629e+06
171.301 3.63158e+06
171.401 3.63189e+06
171.501 3.6369e+06
171.601 3.63738e+06
171.701 3.63979e+06
171.801 3.64426e+06
171.901 3.6432e+06
172.001 3.6477e+06
172.101 3.65009e+06
172.201 3.65061e+06
172.301 3.65564e+06
172.401 3.65592e+06
172.501 3.65854e+06
172.601 3.66281e+06
172.701 3.66179e+06
172.801 3.6665e+06
172.901 3.66868e+06
173.001 3.66942e+06
173.101 3.67446e+06
173.201 3.67455e+06
173.301 3.67739e+06
173.401 3.68144e+06
173.501 3.68048e+06
173.601 3.68538e+06
173.701 3.68736e+06
173.801 3.68832e+06
173.901 3.69338e+06
174.001 3.6933e+06
174.101 3.69634e+06
174.201 3.70018e+06
174.301 3.69927e+06
174.401 3.70434e+06
174.501 3.70615e+06
174.601 3.70731e+06
174.701 3.71238e+06
174.801 3.71214e+06
174.901 3.71534e+06
175.001 3.71901e+06
175.101 3.71832e+06
175.201 3.7234e+06
175.301 3.72503e+06
175.401 3.72636e+06
175.501 3.73148e+06
175.601 3.73107e+06
175.701 3.73444e+06
175.801 3.73794e+06
175.901 3.73742e+06
176.001 3.74254e+06
176.101 3.744e+06
176.201 3.74552e+06
176.301 3.75063e+06
176.401 3.75008e+06
176.501 3.75364e+06
176.601 3.75695e+06
176.701 3.75663e+06
176.801 3.76175e+06
176.901 3.76305e+06
177.001 3.76477e+06
177.101 3.7699e+06
177.201 3.76919e+06
177.301 3.77292e+06
177.401 3.77606e+06
177.501 3.77595e+06
177.601 3.7811e+06
177.701 3.78222e+06
177.801 3.78413e+06
177.901 3.78908e+06
178.001 3.78839e+06
178.101 3.79232e+06
178.201 3.79526e+06
178.301 3.79536e+06
178.401 3.80054e+06
178.501 3.80146e+06
178.601 3.80358e+06
178.701 3.80833e+06
178.801 3.80769e+06
178.901 3.81181e+06
179.001 3.81456e+06
179.101 3.81486e+06
179.201 3.82006e+06
179.301 3.82081e+06
179.401 3.82311e+06
179.501 3.82768e+06
179.601 3.82708e+06
179.701 3.83138e+06
179.801 3.83395e+06
179.901 3.83444e+06
180.001 3.83964e+06
180.101 3.84024e+06
180.201 3.84273e+06
180.301 3.84711e+06
180.401 3.84656e+06
180.501 3.85103e+06
180.601 3.85343e+06
180.701 3.85413e+06
180.801 3.85935e+06
180.901 3.85978e+06
181.001 3.86247e+06
181.101 3.86666e+06
181.201 3.86615e+06
181.301 3.8708e+06
181.401 3.87302e+06
181.501 3.87392e+06
181.601 3.87915e+06
181.701 3.87941e+06
181.801 3.88226e+06
181.901 3.88629e+06
182.001 3.88583e+06
182.101 3.89065e+06
182.201 3.89271e+06
182.301 3.89379e+06
182.401 3.89906e+06
182.501 3.89915e+06
182.601 3.9022e+06
182.701 3.90603e+06
182.801 3.9056e+06
182.901 3.91062e+06
183.001 3.91248e+06
183.101 3.91376e+06
183.201 3.91907e+06
183.301 3.91897e+06
183.401 3.92221e+06
183.501 3.92585e+06
183.601 3.92547e+06
183.701 3.93067e+06
183.801 3.93236e+06
183.901 3.93383e+06
184.001 3.93914e+06
184.101 3.9389e+06
184.201 3.94232e+06
184.301 3.94578e+06
184.401 3.9455e+06
184.501 3.95083e+06
184.601 3.95235e+06
184.701 3.95401e+06
184.801 3.95923e+06
184.901 3.95892e+06
185.001 3.96253e+06
185.101 3.96581e+06
185.201 3.96573e+06
185.301 3.97108e+06
185.401 3.97243e+06
185.501 3.97429e+06
185.601 3.97931e+06
185.701 3.97906e+06
185.801 3.98286e+06
185.901 3.98596e+06
186.001 3.98607e+06
186.101 3.99142e+06
186.201 3.99261e+06
186.301 3.99466e+06
186.401 3.9995e+06
186.501 3.9993e+06
186.601 4.00326e+06
186.701 4.00619e+06
186.801 4.0065e+06
186.901 4.01188e+06
187.001 4.01289e+06
187.101 4.01514e+06
187.201 4.0198e+06
187.301 4.01962e+06
187.401 4.02376e+06
187.501 4.02652e+06
187.601 4.02703e+06
187.701 4.03243e+06
187.801 4.03328e+06
187.901 4.0357e+06
188.001 4.04018e+06
188.101 4.04005e+06
188.201 4.04438e+06
188.301 4.04696e+06
188.401 4.04767e+06
188.501 4.0531e+06
188.601 4.05377e+06
188.701 4.05638e+06
188.801 4.06067e+06
188.901 4.0606e+06
189.001 4.06511e+06
189.101 4.06751e+06
189.201 4.06842e+06
189.301 4.07386e+06
189.401 4.07436e+06
189.501 4.07715e+06
189.601 4.08127e+06
189.701 4.08124e+06
189.801 4.08593e+06
189.901 4.08816e+06
190.001 4.08926e+06
190.101 4.09472e+06
190.201 4.09507e+06
190.301 4.09803e+06
190.401 4.10199e+06
190.501 4.102e+06
190.601 4.10685e+06
190.701 4.10892e+06
190.801 4.11019e+06
190.901 4.11568e+06
191.001 4.11587e+06
191.101 4.11902e+06
191.201 4.1228e+06
191.301 4.12285e+06
191.401 4.12788e+06
191.501 4.12978e+06
191.601 4.13124e+06
191.701 4.13671e+06
191.801 4.13678e+06
191.901 4.14012e+06
192.001 4.14371e+06
192.101 4.14381e+06
192.201 4.14903e+06
192.301 4.15074e+06
192.401 4.1524e+06
192.501 4.15768e+06
192.601 4.15779e+06
192.701 4.16132e+06
192.801 4.16474e+06
192.901 4.16488e+06
193.001 4.17027e+06
193.101 4.17183e+06
193.201 4.17367e+06
193.301 4.17876e+06
193.401 4.17892e+06
193.501 4.18264e+06
193.601 4.18587e+06
193.701 4.18605e+06
193.801 4.19163e+06
193.901 4.19301e+06
194.001 4.19505e+06
194.101 4.19995e+06
194.201 4.20015e+06
194.301 4.20405e+06
194.401 4.20711e+06
194.501 4.20749e+06
194.601 4.21309e+06
194.701 4.2143e+06
194.801 4.21654e+06
194.901 4.22125e+06
195.001 4.2215e+06
195.101 4.22557e+06
195.201 4.22846e+06
195.301 4.22903e+06
195.401 4.23465e+06
195.501 4.23571e+06
195.601 4.23812e+06
195.701 4.24266e+06
195.801 4.24297e+06
195.901 4.24719e+06
196.001 4.24992e+06
196.101 4.25067e+06
196.201 4.25631e+06
196.301 4.25721e+06
196.401 4.2598e+06
196.501 4.26418e+06
196.601 4.26454e+06
196.701 4.26894e+06
196.801 4.2715e+06
196.901 4.27244e+06
197.001 4.2781e+06
197.101 4.27884e+06
197.201 4.28161e+06
197.301 4.2858e+06
197.401 4.28621e+06
197.501 4.2908e+06
197.601 4.29319e+06
197.701 4.2943e+06
197.801 4.29998e+06
197.901 4.30057e+06
198.001 4.30351e+06
198.101 4.30755e+06
198.201 4.30799e+06
198.301 4.31275e+06
198.401 4.31498e+06
198.501 4.31628e+06
198.601 4.32196e+06
198.701 4.32242e+06
198.801 4.32375e+06
198.901 4.32158e+06
199.001 4.31941e+06
199.101 4.31724e+06
199.201 4.31507e+06
199.301 4.3129e+06
199.401 4.31074e+06
199.501 4.30858e+06
199.601 4.30642e+06
199.701 4.30427e+06
199.801 4.30211e+06
199.901 4.29996e+06
200.001 4.29781e+06
