0.001 0
0.101 0
0.201 0
0.301 903654
0.401 698653
0.501 1.35186e+06
0.601 2.14522e+06
0.701 1.8392e+06
0.801 2.75056e+06
0.901 2.82264e+06
1.001 3.57051e+06
1.101 4.17758e+06
1.201 4.68809e+06
1.301 5.6428e+06
1.401 6.01662e+06
1.501 5.61578e+06
1.601 5.26501e+06
1.701 7.22935e+06
1.801 8.41675e+06
1.901 8.75379e+06
2.001 8.91578e+06
2.101 9.31351e+06
2.201 9.43535e+06
2.301 9.54896e+06
2.401 9.86949e+06
2.501 9.95774e+06
2.601 1.01438e+07
2.701 1.0308e+07
2.801 1.03741e+07
2.901 1.06118e+07
3.001 1.06634e+07
3.101 1.07133e+07
3.201 1.09174e+07
3.301 1.09583e+07
3.401 1.10847e+07
3.501 1.1176e+07
3.601 1.12078e+07
3.701 1.13717e+07
3.801 1.13967e+07
3.901 1.14218e+07
4.001 1.1568e+07
4.101 1.15884e+07
4.201 1.16867e+07
4.301 1.17401e+07
4.401 1.1757e+07
4.501 1.18795e+07
4.601 1.18927e+07
4.701 1.19076e+07
4.801 1.20188e+07
4.901 1.20299e+07
5.001 1.21125e+07
5.101 1.21438e+07
5.201 1.21534e+07
5.301 1.225e+07
5.401 1.22579e+07
5.501 1.22714e+07
5.601 1.23558e+07
5.701 1.23624e+07
5.801 1.24358e+07
5.901 1.24523e+07
6.001 1.24587e+07
6.101 1.25376e+07
6.201 1.25424e+07
6.301 1.25566e+07
6.401 1.26218e+07
6.501 1.2626e+07
6.601 1.26935e+07
6.701 1.27001e+07
6.801 1.27045e+07
6.901 1.27707e+07
7.001 1.2774e+07
7.101 1.27899e+07
7.201 1.28404e+07
7.301 1.28437e+07
7.401 1.29036e+07
7.501 1.29067e+07
7.601 1.29097e+07
7.701 1.29664e+07
7.801 1.29693e+07
7.901 1.29865e+07
8.001 1.30265e+07
8.101 1.30292e+07
8.201 1.30809e+07
8.301 1.30836e+07
8.401 1.30865e+07
8.501 1.31357e+07
8.601 1.31383e+07
8.701 1.31573e+07
8.801 1.31883e+07
8.901 1.31911e+07
9.001 1.32365e+07
9.101 1.32393e+07
9.201 1.3242e+07
9.301 1.32853e+07
9.401 1.32878e+07
9.501 1.33088e+07
9.601 1.33326e+07
9.701 1.33353e+07
9.801 1.33755e+07
9.901 1.33783e+07
10.001 1.33813e+07
10.101 1.34199e+07
10.201 1.3423e+07
10.301 1.3445e+07
10.401 1.3463e+07
10.501 1.34661e+07
10.601 1.3502e+07
10.701 1.35052e+07
10.801 1.35083e+07
10.901 1.35429e+07
11.001 1.35461e+07
11.101 1.35696e+07
11.201 1.35828e+07
11.301 1.3586e+07
11.401 1.36184e+07
11.501 1.36218e+07
11.601 1.36253e+07
11.701 1.36565e+07
11.801 1.36602e+07
11.901 1.3685e+07
12.001 1.36938e+07
12.101 1.36976e+07
12.201 1.37268e+07
12.301 1.37307e+07
12.401 1.37345e+07
12.501 1.37628e+07
12.601 1.37669e+07
12.701 1.37934e+07
12.801 1.37982e+07
12.901 1.38024e+07
13.001 1.38289e+07
13.101 1.38332e+07
13.201 1.38374e+07
13.301 1.38632e+07
13.401 1.38675e+07
13.501 1.38925e+07
13.601 1.3897e+07
13.701 1.39016e+07
13.801 1.39258e+07
13.901 1.39303e+07
14.001 1.39349e+07
14.101 1.39586e+07
14.201 1.39633e+07
14.301 1.39863e+07
14.401 1.3991e+07
14.501 1.3996e+07
14.601 1.40182e+07
14.701 1.40231e+07
14.801 1.40295e+07
14.901 1.405e+07
15.001 1.40551e+07
15.101 1.40762e+07
15.201 1.40813e+07
15.301 1.40867e+07
15.401 1.41072e+07
15.501 1.41126e+07
15.601 1.41208e+07
15.701 1.41379e+07
15.801 1.41434e+07
15.901 1.4163e+07
16.001 1.41684e+07
16.101 1.41742e+07
16.201 1.41932e+07
16.301 1.41989e+07
16.401 1.4209e+07
16.501 1.42231e+07
16.601 1.4229e+07
16.701 1.42471e+07
16.801 1.42529e+07
16.901 1.42589e+07
17.001 1.42764e+07
17.101 1.42825e+07
17.201 1.42947e+07
17.301 1.43057e+07
17.401 1.4312e+07
17.501 1.43288e+07
17.601 1.4335e+07
17.701 1.43413e+07
17.801 1.43576e+07
17.901 1.4364e+07
18.001 1.43776e+07
18.101 1.43864e+07
18.201 1.43929e+07
18.301 1.44085e+07
18.401 1.44151e+07
18.501 1.44217e+07
18.601 1.44369e+07
18.701 1.44436e+07
18.801 1.44585e+07
18.901 1.44652e+07
19.001 1.44721e+07
19.101 1.44866e+07
19.201 1.44934e+07
19.301 1.45004e+07
19.401 1.45145e+07
19.501 1.45215e+07
19.601 1.45354e+07
19.701 1.45424e+07
19.801 1.45496e+07
19.901 1.45632e+07
20.001 1.45703e+07
20.101 1.45777e+07
20.201 1.45909e+07
20.301 1.45982e+07
20.401 1.46112e+07
20.501 1.46184e+07
20.601 1.46259e+07
20.701 1.46385e+07
20.801 1.4646e+07
20.901 1.46536e+07
21.001 1.46659e+07
21.101 1.46735e+07
21.201 1.46858e+07
21.301 1.46933e+07
21.401 1.4701e+07
21.501 1.47129e+07
21.601 1.47207e+07
21.701 1.47286e+07
21.801 1.47401e+07
21.901 1.47479e+07
22.001 1.47594e+07
22.101 1.47672e+07
22.201 1.47752e+07
22.301 1.47863e+07
22.401 1.47943e+07
22.501 1.48024e+07
22.601 1.48132e+07
22.701 1.48214e+07
22.801 1.48322e+07
22.901 1.48402e+07
23.001 1.48485e+07
23.101 1.48589e+07
23.201 1.48672e+07
23.301 1.48757e+07
23.401 1.48858e+07
23.501 1.48942e+07
23.601 1.49043e+07
23.701 1.49127e+07
23.801 1.49212e+07
23.901 1.4931e+07
24.001 1.49394e+07
24.101 1.49482e+07
24.201 1.49576e+07
24.301 1.49662e+07
24.401 1.49757e+07
24.501 1.49843e+07
24.601 1.4993e+07
24.701 1.50022e+07
24.801 1.50109e+07
24.901 1.502e+07
25.001 1.50287e+07
25.101 1.50376e+07
25.201 1.50464e+07
25.301 1.50552e+07
25.401 1.50639e+07
25.501 1.50725e+07
25.601 1.50811e+07
25.701 1.50895e+07
25.801 1.50979e+07
25.901 1.51062e+07
26.001 1.51146e+07
26.101 1.51227e+07
26.201 1.51309e+07
26.301 1.5139e+07
26.401 1.5147e+07
26.501 1.5155e+07
26.601 1.51629e+07
26.701 1.51707e+07
26.801 1.51786e+07
26.901 1.51862e+07
27.001 1.5194e+07
27.101 1.52015e+07
27.201 1.52091e+07
27.301 1.52166e+07
27.401 1.52241e+07
27.501 1.52314e+07
27.601 1.52388e+07
27.701 1.52461e+07
27.801 1.52534e+07
27.901 1.52605e+07
28.001 1.52677e+07
28.101 1.52748e+07
28.201 1.52818e+07
28.301 1.52888e+07
28.401 1.52957e+07
28.501 1.53027e+07
28.601 1.53095e+07
28.701 1.53163e+07
28.801 1.5323e+07
28.901 1.53297e+07
29.001 1.53363e+07
29.101 1.5343e+07
29.201 1.53495e+07
29.301 1.53561e+07
29.401 1.53625e+07
29.501 1.5369e+07
29.601 1.53753e+07
29.701 1.53817e+07
29.801 1.53879e+07
29.901 1.53942e+07
30.001 1.54004e+07
30.101 1.54066e+07
30.201 1.54127e+07
30.301 1.54188e+07
30.401 1.54248e+07
30.501 1.54309e+07
30.601 1.54368e+07
30.701 1.54428e+07
30.801 1.54487e+07
30.901 1.54546e+07
31.001 1.54604e+07
31.101 1.54662e+07
31.201 1.54719e+07
31.301 1.54776e+07
31.401 1.54833e+07
31.501 1.54889e+07
31.601 1.54946e+07
31.701 1.55001e+07
31.801 1.55057e+07
31.901 1.55111e+07
32.001 1.55166e+07
32.101 1.5522e+07
32.201 1.55274e+07
32.301 1.55327e+07
32.401 1.55381e+07
32.501 1.55434e+07
32.601 1.55487e+07
32.701 1.55538e+07
32.801 1.55591e+07
32.901 1.55642e+07
33.001 1.55694e+07
33.101 1.55744e+07
33.201 1.55796e+07
33.301 1.55846e+07
33.401 1.55896e+07
33.501 1.55946e+07
33.601 1.55995e+07
33.701 1.56044e+07
33.801 1.56094e+07
33.901 1.56143e+07
34.001 1.56191e+07
34.101 1.56239e+07
34.201 1.56286e+07
34.301 1.56334e+07
34.401 1.56381e+07
34.501 1.56429e+07
34.601 1.56475e+07
34.701 1.56522e+07
34.801 1.56567e+07
34.901 1.56614e+07
35.001 1.56659e+07
35.101 1.56705e+07
35.201 1.56749e+07
35.301 1.56795e+07
35.401 1.56839e+07
35.501 1.56884e+07
35.601 1.56927e+07
35.701 1.56972e+07
35.801 1.57015e+07
35.901 1.57059e+07
36.001 1.57101e+07
36.101 1.57145e+07
36.201 1.57187e+07
36.301 1.5723e+07
36.401 1.57271e+07
36.501 1.57314e+07
36.601 1.57356e+07
36.701 1.57397e+07
36.801 1.57439e+07
36.901 1.57479e+07
37.001 1.5752e+07
37.101 1.57561e+07
37.201 1.57601e+07
37.301 1.57641e+07
37.401 1.57682e+07
37.501 1.57721e+07
37.601 1.57761e+07
37.701 1.578e+07
37.801 1.57839e+07
37.901 1.57878e+07
38.001 1.57917e+07
38.101 1.57955e+07
38.201 1.57994e+07
38.301 1.58031e+07
38.401 1.5807e+07
38.501 1.58107e+07
38.601 1.58145e+07
38.701 1.58182e+07
38.801 1.58219e+07
38.901 1.58256e+07
39.001 1.58293e+07
39.101 1.58329e+07
39.201 1.58366e+07
39.301 1.58354e+07
39.401 1.57952e+07
39.501 1.58021e+07
39.601 1.58205e+07
39.701 1.57943e+07
39.801 1.5794e+07
39.901 1.5771e+07
40.001 1.57543e+07
40.101 1.57485e+07
40.201 1.57226e+07
40.301 1.57148e+07
40.401 1.57005e+07
40.501 1.56761e+07
40.601 1.56763e+07
40.701 1.56534e+07
40.801 1.56382e+07
40.901 1.56322e+07
41.001 1.56073e+07
41.101 1.5601e+07
41.201 1.55866e+07
41.301 1.55638e+07
41.401 1.55645e+07
41.501 1.55418e+07
41.601 1.55279e+07
41.701 1.55218e+07
41.801 1.54978e+07
41.901 1.54929e+07
42.001 1.54783e+07
42.101 1.54572e+07
42.201 1.54585e+07
42.301 1.54357e+07
42.401 1.54233e+07
42.501 1.54169e+07
42.601 1.53939e+07
42.701 1.53901e+07
42.801 1.53755e+07
42.901 1.53558e+07
43.001 1.53573e+07
43.101 1.53349e+07
43.201 1.53239e+07
43.301 1.53171e+07
43.401 1.52951e+07
43.501 1.52926e+07
43.601 1.52778e+07
43.701 1.52596e+07
43.801 1.52607e+07
43.901 1.52391e+07
44.001 1.52294e+07
44.101 1.52223e+07
44.201 1.52012e+07
44.301 1.51998e+07
44.401 1.51849e+07
44.501 1.51682e+07
44.601 1.51688e+07
44.701 1.51481e+07
44.801 1.51397e+07
44.901 1.51324e+07
45.001 1.5112e+07
45.101 1.51117e+07
45.201 1.50966e+07
45.301 1.50813e+07
45.401 1.50815e+07
45.501 1.50616e+07
45.601 1.50544e+07
45.701 1.50467e+07
45.801 1.50273e+07
45.901 1.50281e+07
46.001 1.50128e+07
46.101 1.49988e+07
46.201 1.49985e+07
46.301 1.49795e+07
46.401 1.49734e+07
46.501 1.49655e+07
46.601 1.49467e+07
46.701 1.49485e+07
46.801 1.49331e+07
46.901 1.49203e+07
47.001 1.49196e+07
47.101 1.49013e+07
47.201 1.48964e+07
47.301 1.48882e+07
47.401 1.48702e+07
47.501 1.48729e+07
47.601 1.48573e+07
47.701 1.48459e+07
47.801 1.48447e+07
47.901 1.48272e+07
48.001 1.48233e+07
48.101 1.48148e+07
48.201 1.47975e+07
48.301 1.48012e+07
48.401 1.47854e+07
48.501 1.47751e+07
48.601 1.47735e+07
48.701 1.47566e+07
48.801 1.47538e+07
48.901 1.4745e+07
49.001 1.47283e+07
49.101 1.4733e+07
49.201 1.47171e+07
49.301 1.47078e+07
49.401 1.47059e+07
49.501 1.46896e+07
49.601 1.46879e+07
49.701 1.46788e+07
49.801 1.46633e+07
49.901 1.4668e+07
50.001 1.46522e+07
50.101 1.4644e+07
50.201 1.46417e+07
50.301 1.4626e+07
50.401 1.46252e+07
50.501 1.46158e+07
50.601 1.46015e+07
50.701 1.46057e+07
50.801 1.45905e+07
50.901 1.45834e+07
51.001 1.45806e+07
51.101 1.45656e+07
51.201 1.45657e+07
51.301 1.45561e+07
51.401 1.45429e+07
51.501 1.45466e+07
51.601 1.4532e+07
51.701 1.45259e+07
51.801 1.45228e+07
51.901 1.45084e+07
52.001 1.45094e+07
52.101 1.44995e+07
52.201 1.44874e+07
52.301 1.44906e+07
52.401 1.44766e+07
52.501 1.44716e+07
52.601 1.4468e+07
52.701 1.44542e+07
52.801 1.4456e+07
52.901 1.44458e+07
53.001 1.44347e+07
53.101 1.44374e+07
53.201 1.4424e+07
53.301 1.44198e+07
53.401 1.44159e+07
53.501 1.44026e+07
53.601 1.44053e+07
53.701 1.43948e+07
53.801 1.43847e+07
53.901 1.4387e+07
54.001 1.43741e+07
54.101 1.43708e+07
54.201 1.43666e+07
54.301 1.43538e+07
54.401 1.43573e+07
54.501 1.43465e+07
54.601 1.43375e+07
54.701 1.43393e+07
54.801 1.43269e+07
54.901 1.43246e+07
55.001 1.43199e+07
55.101 1.43077e+07
55.201 1.4312e+07
55.301 1.43009e+07
55.401 1.42929e+07
55.501 1.42942e+07
55.601 1.42823e+07
55.701 1.42808e+07
55.801 1.42758e+07
55.901 1.42641e+07
56.001 1.42691e+07
56.101 1.42578e+07
56.201 1.42507e+07
56.301 1.42516e+07
56.401 1.42402e+07
56.501 1.42395e+07
56.601 1.42341e+07
56.701 1.42229e+07
56.801 1.42282e+07
56.901 1.42171e+07
57.001 1.42109e+07
57.101 1.42113e+07
57.201 1.42004e+07
57.301 1.42006e+07
57.401 1.41948e+07
57.501 1.41841e+07
57.601 1.41894e+07
57.701 1.41787e+07
57.801 1.41734e+07
57.901 1.41734e+07
58.001 1.41629e+07
58.101 1.41639e+07
58.201 1.41578e+07
58.301 1.41474e+07
58.401 1.41527e+07
58.501 1.41425e+07
58.601 1.4138e+07
58.701 1.41376e+07
58.801 1.41276e+07
58.901 1.41293e+07
59.001 1.41229e+07
59.101 1.41131e+07
59.201 1.41183e+07
59.301 1.41084e+07
59.401 1.41048e+07
59.501 1.4104e+07
59.601 1.40943e+07
59.701 1.40968e+07
59.801 1.409e+07
59.901 1.40811e+07
60.001 1.40858e+07
60.101 1.40764e+07
60.201 1.40736e+07
60.301 1.40724e+07
60.401 1.40631e+07
60.501 1.40663e+07
60.601 1.40592e+07
60.701 1.40512e+07
60.801 1.40554e+07
60.901 1.40464e+07
61.001 1.40443e+07
61.101 1.40427e+07
61.201 1.40338e+07
61.301 1.40377e+07
61.401 1.40303e+07
61.501 1.40231e+07
61.601 1.40268e+07
61.701 1.40182e+07
61.801 1.40169e+07
61.901 1.40148e+07
62.001 1.40064e+07
62.101 1.40109e+07
62.201 1.40032e+07
62.301 1.39968e+07
62.401 1.40001e+07
62.501 1.39918e+07
62.601 1.39913e+07
62.701 1.39888e+07
62.801 1.39807e+07
62.901 1.39859e+07
63.001 1.39779e+07
63.101 1.39723e+07
63.201 1.39751e+07
63.301 1.39672e+07
63.401 1.39673e+07
63.501 1.39645e+07
63.601 1.39568e+07
63.701 1.3962e+07
63.801 1.39543e+07
63.901 1.39495e+07
64.001 1.39519e+07
64.101 1.39443e+07
64.201 1.39452e+07
64.301 1.3942e+07
64.401 1.39347e+07
64.501 1.39398e+07
64.601 1.39325e+07
64.701 1.39285e+07
64.801 1.39304e+07
64.901 1.39232e+07
65.001 1.39248e+07
65.101 1.39212e+07
65.201 1.39142e+07
65.301 1.39193e+07
65.401 1.39123e+07
65.501 1.3909e+07
65.601 1.39105e+07
65.701 1.39036e+07
65.801 1.39058e+07
65.901 1.39019e+07
66.001 1.38952e+07
66.101 1.39003e+07
66.201 1.38936e+07
66.301 1.3891e+07
66.401 1.38921e+07
66.501 1.38856e+07
66.601 1.38885e+07
66.701 1.38842e+07
66.801 1.38779e+07
66.901 1.38829e+07
67.001 1.38766e+07
67.101 1.38747e+07
67.201 1.38754e+07
67.301 1.38692e+07
67.401 1.38727e+07
67.501 1.3868e+07
67.601 1.3862e+07
67.701 1.3867e+07
67.801 1.3861e+07
67.901 1.38597e+07
68.001 1.386e+07
68.101 1.38541e+07
68.201 1.38582e+07
68.301 1.38533e+07
68.401 1.38475e+07
68.501 1.38525e+07
68.601 1.38468e+07
68.701 1.38463e+07
68.801 1.38462e+07
68.901 1.38406e+07
69.001 1.38453e+07
69.101 1.384e+07
69.201 1.38349e+07
69.301 1.38395e+07
69.401 1.38341e+07
69.501 1.38342e+07
69.601 1.38337e+07
69.701 1.38284e+07
69.801 1.38333e+07
69.901 1.38281e+07
70.001 1.38236e+07
70.101 1.38278e+07
70.201 1.38227e+07
70.301 1.38234e+07
70.401 1.38226e+07
70.501 1.38176e+07
70.601 1.38225e+07
70.701 1.38175e+07
70.801 1.38137e+07
70.901 1.38175e+07
71.001 1.38126e+07
71.101 1.3814e+07
71.201 1.38127e+07
71.301 1.3808e+07
71.401 1.38129e+07
71.501 1.38082e+07
71.601 1.38051e+07
71.701 1.38085e+07
71.801 1.38039e+07
71.901 1.38058e+07
72.001 1.38042e+07
72.101 1.37998e+07
72.201 1.38046e+07
72.301 1.38002e+07
72.401 1.37977e+07
72.501 1.38006e+07
72.601 1.37964e+07
72.701 1.37989e+07
72.801 1.37969e+07
72.901 1.37927e+07
73.001 1.37975e+07
73.101 1.37934e+07
73.201 1.37915e+07
73.301 1.37941e+07
73.401 1.37901e+07
73.501 1.37932e+07
73.601 1.37909e+07
73.701 1.3787e+07
73.801 1.37917e+07
73.901 1.37879e+07
74.001 1.37866e+07
74.101 1.37887e+07
74.201 1.3785e+07
74.301 1.37886e+07
74.401 1.3786e+07
74.501 1.37823e+07
74.601 1.3787e+07
74.701 1.37834e+07
74.801 1.37828e+07
74.901 1.37846e+07
75.001 1.37811e+07
75.101 1.37853e+07
75.201 1.37823e+07
75.301 1.37789e+07
75.401 1.37835e+07
75.501 1.37802e+07
75.601 1.37801e+07
75.701 1.37815e+07
75.801 1.37783e+07
75.901 1.37828e+07
76.001 1.37797e+07
76.101 1.37765e+07
76.201 1.37811e+07
76.301 1.3778e+07
76.401 1.37785e+07
76.501 1.37795e+07
76.601 1.37765e+07
76.701 1.37811e+07
76.801 1.37781e+07
76.901 1.37753e+07
77.001 1.37798e+07
77.101 1.37769e+07
77.201 1.3778e+07
77.301 1.37786e+07
77.401 1.37759e+07
77.501 1.37804e+07
77.601 1.37777e+07
77.701 1.37751e+07
77.801 1.37795e+07
77.901 1.37769e+07
78.001 1.37786e+07
78.101 1.37788e+07
78.201 1.37763e+07
78.301 1.37808e+07
78.401 1.37783e+07
78.501 1.37759e+07
78.601 1.37803e+07
78.701 1.3778e+07
78.801 1.37801e+07
78.901 1.37801e+07
79.001 1.37778e+07
79.101 1.37822e+07
79.201 1.378e+07
79.301 1.37781e+07
79.401 1.37821e+07
79.501 1.378e+07
79.601 1.37827e+07
79.701 1.37823e+07
79.801 1.37802e+07
79.901 1.37846e+07
80.001 1.37826e+07
80.101 1.37813e+07
80.201 1.37849e+07
80.301 1.3783e+07
80.401 1.37863e+07
80.501 1.37855e+07
80.601 1.37837e+07
80.701 1.3788e+07
80.801 1.37862e+07
80.901 1.37855e+07
81.001 1.37887e+07
81.101 1.3787e+07
81.201 1.37908e+07
81.301 1.37897e+07
81.401 1.37881e+07
81.501 1.37923e+07
81.601 1.37907e+07
81.701 1.37906e+07
81.801 1.37935e+07
81.901 1.3792e+07
82.001 1.37962e+07
82.101 1.37948e+07
82.201 1.37934e+07
82.301 1.37976e+07
82.401 1.37962e+07
82.501 1.37967e+07
82.601 1.37991e+07
82.701 1.37979e+07
82.801 1.38021e+07
82.901 1.38008e+07
83.001 1.37996e+07
83.101 1.38038e+07
83.201 1.38027e+07
83.301 1.38036e+07
83.401 1.38057e+07
83.501 1.38046e+07
83.601 1.38088e+07
83.701 1.38078e+07
83.801 1.38068e+07
83.901 1.38109e+07
84.001 1.381e+07
84.101 1.38114e+07
84.201 1.38131e+07
84.301 1.38123e+07
84.401 1.38164e+07
84.501 1.38156e+07
84.601 1.38148e+07
84.701 1.38188e+07
84.801 1.38181e+07
84.901 1.38201e+07
85.001 1.38215e+07
85.101 1.38208e+07
85.201 1.38249e+07
85.301 1.38242e+07
85.401 1.38237e+07
85.501 1.38277e+07
85.601 1.38272e+07
85.701 1.38297e+07
85.801 1.38307e+07
85.901 1.38302e+07
86.001 1.38342e+07
86.101 1.38338e+07
86.201 1.38334e+07
86.301 1.38374e+07
86.401 1.3837e+07
86.501 1.384e+07
86.601 1.38407e+07
86.701 1.38404e+07
86.801 1.38444e+07
86.901 1.38441e+07
87.001 1.3844e+07
87.101 1.38479e+07
87.201 1.38478e+07
87.301 1.38512e+07
87.401 1.38516e+07
87.501 1.38515e+07
87.601 1.38554e+07
87.701 1.38553e+07
87.801 1.38554e+07
87.901 1.38592e+07
88.001 1.38593e+07
88.101 1.38631e+07
88.201 1.38632e+07
88.301 1.38633e+07
88.401 1.38672e+07
88.501 1.38673e+07
88.601 1.38677e+07
88.701 1.38714e+07
88.801 1.38716e+07
88.901 1.38754e+07
89.001 1.38757e+07
89.101 1.3876e+07
89.201 1.38798e+07
89.301 1.38801e+07
89.401 1.3881e+07
89.501 1.38843e+07
89.601 1.38847e+07
89.701 1.38885e+07
89.801 1.3889e+07
89.901 1.38894e+07
90.001 1.38932e+07
90.101 1.38937e+07
90.201 1.38951e+07
90.301 1.3898e+07
90.401 1.38986e+07
90.501 1.39023e+07
90.601 1.3903e+07
90.701 1.39036e+07
90.801 1.39073e+07
90.901 1.3908e+07
91.001 1.391e+07
91.101 1.39125e+07
91.201 1.39132e+07
91.301 1.39169e+07
91.401 1.39177e+07
91.501 1.39186e+07
91.601 1.39222e+07
91.701 1.39231e+07
91.801 1.39255e+07
91.901 1.39277e+07
92.001 1.39286e+07
92.101 1.39322e+07
92.201 1.39332e+07
92.301 1.39343e+07
92.401 1.39379e+07
92.501 1.3939e+07
92.601 1.39418e+07
92.701 1.39436e+07
92.801 1.39447e+07
92.901 1.39483e+07
93.001 1.39495e+07
93.101 1.39507e+07
93.201 1.39542e+07
93.301 1.39555e+07
93.401 1.39588e+07
93.501 1.39603e+07
93.601 1.39616e+07
93.701 1.39651e+07
93.801 1.39665e+07
93.901 1.39678e+07
94.001 1.39713e+07
94.101 1.39728e+07
94.201 1.39762e+07
94.301 1.39777e+07
94.401 1.39792e+07
94.501 1.39826e+07
94.601 1.39842e+07
94.701 1.39857e+07
94.801 1.39891e+07
94.901 1.39907e+07
95.001 1.39942e+07
95.101 1.39958e+07
95.201 1.39975e+07
95.301 1.40009e+07
95.401 1.40026e+07
95.501 1.40042e+07
95.601 1.40077e+07
95.701 1.40094e+07
95.801 1.40128e+07
95.901 1.40146e+07
96.001 1.40164e+07
96.101 1.40198e+07
96.201 1.40216e+07
96.301 1.40235e+07
96.401 1.40268e+07
96.501 1.40288e+07
96.601 1.40321e+07
96.701 1.4034e+07
96.801 1.4036e+07
96.901 1.40393e+07
97.001 1.40414e+07
97.101 1.40434e+07
97.201 1.40467e+07
97.301 1.40488e+07
97.401 1.40521e+07
97.501 1.40542e+07
97.601 1.40563e+07
97.701 1.40596e+07
97.801 1.40618e+07
97.901 1.4064e+07
98.001 1.40672e+07
98.101 1.40695e+07
98.201 1.40727e+07
98.301 1.4075e+07
98.401 1.40773e+07
98.501 1.40805e+07
98.601 1.40828e+07
98.701 1.40855e+07
98.801 1.40884e+07
98.901 1.40908e+07
99.001 1.4094e+07
99.101 1.40964e+07
99.201 1.40989e+07
99.301 1.41021e+07
99.401 1.41046e+07
99.501 1.41077e+07
99.601 1.41102e+07
99.701 1.41128e+07
99.801 1.41159e+07
99.901 1.41185e+07
100.001 1.41212e+07
100.101 1.41243e+07
100.201 1.41269e+07
100.301 1.41301e+07
100.401 1.41327e+07
100.501 1.41354e+07
100.601 1.41385e+07
100.701 1.41413e+07
100.801 1.4144e+07
100.901 1.41471e+07
101.001 1.41499e+07
101.101 1.4153e+07
101.201 1.41558e+07
101.301 1.41587e+07
101.401 1.41617e+07
101.501 1.41646e+07
101.601 1.41676e+07
101.701 1.41706e+07
101.801 1.41735e+07
101.901 1.41766e+07
102.001 1.41795e+07
102.101 1.41826e+07
102.201 1.41856e+07
102.301 1.41886e+07
102.401 1.41916e+07
102.501 1.41946e+07
102.601 1.41975e+07
102.701 1.42005e+07
102.801 1.42035e+07
102.901 1.42065e+07
103.001 1.42094e+07
103.101 1.42124e+07
103.201 1.42153e+07
103.301 1.42183e+07
103.401 1.42212e+07
103.501 1.42242e+07
103.601 1.42271e+07
103.701 1.423e+07
103.801 1.4233e+07
103.901 1.42359e+07
104.001 1.42388e+07
104.101 1.42417e+07
104.201 1.42446e+07
104.301 1.42474e+07
104.401 1.42503e+07
104.501 1.42532e+07
104.601 1.42561e+07
104.701 1.4259e+07
104.801 1.42618e+07
104.901 1.42647e+07
105.001 1.42675e+07
105.101 1.42704e+07
105.201 1.42732e+07
105.301 1.4276e+07
105.401 1.42789e+07
105.501 1.42817e+07
105.601 1.42845e+07
105.701 1.42873e+07
105.801 1.42901e+07
105.901 1.42929e+07
106.001 1.42957e+07
106.101 1.42985e+07
106.201 1.43013e+07
106.301 1.43041e+07
106.401 1.43069e+07
106.501 1.43096e+07
106.601 1.43124e+07
106.701 1.43152e+07
106.801 1.43179e+07
106.901 1.43207e+07
107.001 1.43234e+07
107.101 1.43262e+07
107.201 1.43289e+07
107.301 1.43317e+07
107.401 1.43344e+07
107.501 1.43371e+07
107.601 1.43398e+07
107.701 1.43425e+07
107.801 1.43452e+07
107.901 1.43479e+07
108.001 1.43506e+07
108.101 1.43533e+07
108.201 1.4356e+07
108.301 1.43587e+07
108.401 1.43613e+07
108.501 1.4364e+07
108.601 1.43667e+07
108.701 1.43694e+07
108.801 1.4372e+07
108.901 1.43747e+07
109.001 1.43773e+07
109.101 1.43799e+07
109.201 1.43826e+07
109.301 1.43852e+07
109.401 1.43878e+07
109.501 1.43905e+07
109.601 1.43931e+07
109.701 1.43957e+07
109.801 1.43983e+07
109.901 1.44009e+07
110.001 1.44035e+07
110.101 1.44061e+07
110.201 1.44087e+07
110.301 1.44113e+07
110.401 1.44138e+07
110.501 1.44164e+07
110.601 1.4419e+07
110.701 1.44215e+07
110.801 1.44241e+07
110.901 1.44267e+07
111.001 1.44292e+07
111.101 1.44318e+07
111.201 1.44343e+07
111.301 1.44368e+07
111.401 1.44394e+07
111.501 1.44419e+07
111.601 1.44444e+07
111.701 1.44469e+07
111.801 1.44495e+07
111.901 1.4452e+07
112.001 1.44545e+07
112.101 1.4457e+07
112.201 1.44595e+07
112.301 1.4462e+07
112.401 1.44645e+07
112.501 1.4467e+07
112.601 1.44694e+07
112.701 1.44719e+07
112.801 1.44744e+07
112.901 1.44768e+07
113.001 1.44793e+07
113.101 1.44818e+07
113.201 1.44842e+07
113.301 1.44867e+07
113.401 1.44891e+07
113.501 1.44916e+07
113.601 1.4494e+07
113.701 1.44964e+07
113.801 1.44988e+07
113.901 1.45013e+07
114.001 1.45037e+07
114.101 1.45061e+07
114.201 1.45085e+07
114.301 1.45109e+07
114.401 1.45133e+07
114.501 1.45157e+07
114.601 1.45181e+07
114.701 1.45205e+07
114.801 1.45229e+07
114.901 1.45253e+07
115.001 1.45276e+07
115.101 1.453e+07
115.201 1.45324e+07
115.301 1.45347e+07
115.401 1.45371e+07
115.501 1.45395e+07
115.601 1.45418e+07
115.701 1.45442e+07
115.801 1.45465e+07
115.901 1.45488e+07
116.001 1.45512e+07
116.101 1.45535e+07
116.201 1.45559e+07
116.301 1.45582e+07
116.401 1.45463e+07
116.501 1.45497e+07
116.601 1.45548e+07
116.701 1.45492e+07
116.801 1.45491e+07
116.901 1.45411e+07
117.001 1.45387e+07
117.101 1.45355e+07
117.201 1.45277e+07
117.301 1.45283e+07
117.401 1.45221e+07
117.501 1.45169e+07
117.601 1.45166e+07
117.701 1.45088e+07
117.801 1.45068e+07
117.901 1.45034e+07
118.001 1.44957e+07
118.101 1.44967e+07
118.201 1.44904e+07
118.301 1.44856e+07
118.401 1.44851e+07
118.501 1.44775e+07
118.601 1.44757e+07
118.701 1.44722e+07
118.801 1.44648e+07
118.901 1.4466e+07
119.001 1.44595e+07
119.101 1.44551e+07
119.201 1.44544e+07
119.301 1.4447e+07
119.401 1.44456e+07
119.501 1.44419e+07
119.601 1.44349e+07
119.701 1.44362e+07
119.801 1.44296e+07
119.901 1.44256e+07
120.001 1.44247e+07
120.101 1.44174e+07
120.201 1.44164e+07
120.301 1.44125e+07
120.401 1.44059e+07
120.501 1.44073e+07
120.601 1.44005e+07
120.701 1.43969e+07
120.801 1.43958e+07
120.901 1.43887e+07
121.001 1.4388e+07
121.101 1.4384e+07
121.201 1.43777e+07
121.301 1.43793e+07
121.401 1.43723e+07
121.501 1.43691e+07
121.601 1.43678e+07
121.701 1.43609e+07
121.801 1.43606e+07
121.901 1.43564e+07
122.001 1.43505e+07
122.101 1.43519e+07
122.201 1.4345e+07
122.301 1.43421e+07
122.401 1.43406e+07
122.501 1.43339e+07
122.601 1.43339e+07
122.701 1.43295e+07
122.801 1.4324e+07
122.901 1.43252e+07
123.001 1.43186e+07
123.101 1.4316e+07
123.201 1.43143e+07
123.301 1.43077e+07
123.401 1.43081e+07
123.501 1.43036e+07
123.601 1.42984e+07
123.701 1.42994e+07
123.801 1.42929e+07
123.901 1.42907e+07
124.001 1.42888e+07
124.101 1.42824e+07
124.201 1.42831e+07
124.301 1.42784e+07
124.401 1.42737e+07
124.501 1.42744e+07
124.601 1.42681e+07
124.701 1.42663e+07
124.801 1.42642e+07
124.901 1.42579e+07
125.001 1.4259e+07
125.101 1.42541e+07
125.201 1.42497e+07
125.301 1.42503e+07
125.401 1.42441e+07
125.501 1.42426e+07
125.601 1.42403e+07
125.701 1.42342e+07
125.801 1.42356e+07
125.901 1.42305e+07
126.001 1.42265e+07
126.101 1.42269e+07
126.201 1.42209e+07
126.301 1.42198e+07
126.401 1.42173e+07
126.501 1.42113e+07
126.601 1.42131e+07
126.701 1.42078e+07
126.801 1.42042e+07
126.901 1.42043e+07
127.001 1.41984e+07
127.101 1.41977e+07
127.201 1.4195e+07
127.301 1.41892e+07
127.401 1.41913e+07
127.501 1.41858e+07
127.601 1.41826e+07
127.701 1.41825e+07
127.801 1.41768e+07
127.901 1.41763e+07
128.001 1.41735e+07
128.101 1.41678e+07
128.201 1.41702e+07
128.301 1.41646e+07
128.401 1.41617e+07
128.501 1.41614e+07
128.601 1.41559e+07
128.701 1.41558e+07
128.801 1.41528e+07
128.901 1.41474e+07
129.001 1.41497e+07
129.101 1.41442e+07
129.201 1.41417e+07
129.301 1.41412e+07
129.401 1.41358e+07
129.501 1.4136e+07
129.601 1.41328e+07
129.701 1.41278e+07
129.801 1.41299e+07
129.901 1.41245e+07
130.001 1.41223e+07
130.101 1.41216e+07
130.201 1.41163e+07
130.301 1.41169e+07
130.401 1.41135e+07
130.501 1.41089e+07
130.601 1.41107e+07
130.701 1.41055e+07
130.801 1.41037e+07
130.901 1.41028e+07
131.001 1.40977e+07
131.101 1.40986e+07
131.201 1.4095e+07
131.301 1.40907e+07
131.401 1.40923e+07
131.501 1.40873e+07
131.601 1.40858e+07
131.701 1.40847e+07
131.801 1.40797e+07
131.901 1.4081e+07
132.001 1.40772e+07
132.101 1.40732e+07
132.201 1.40747e+07
132.301 1.40698e+07
132.401 1.40686e+07
132.501 1.40673e+07
132.601 1.40625e+07
132.701 1.40641e+07
132.801 1.40601e+07
132.901 1.40565e+07
133.001 1.40578e+07
133.101 1.4053e+07
133.201 1.40522e+07
133.301 1.40507e+07
133.401 1.4046e+07
133.501 1.40479e+07
133.601 1.40438e+07
133.701 1.40405e+07
133.801 1.40415e+07
133.901 1.40369e+07
134.001 1.40364e+07
134.101 1.40348e+07
134.201 1.40302e+07
134.301 1.40324e+07
134.401 1.40281e+07
134.501 1.40252e+07
134.601 1.4026e+07
134.701 1.40216e+07
134.801 1.40214e+07
134.901 1.40195e+07
135.001 1.40151e+07
135.101 1.40175e+07
135.201 1.40131e+07
135.301 1.40106e+07
135.401 1.40112e+07
135.501 1.40069e+07
135.601 1.4007e+07
135.701 1.4005e+07
135.801 1.40007e+07
135.901 1.40031e+07
136.001 1.39989e+07
136.101 1.39966e+07
136.201 1.3997e+07
136.301 1.39929e+07
136.401 1.39933e+07
136.501 1.39911e+07
136.601 1.3987e+07
136.701 1.39893e+07
136.801 1.39852e+07
136.901 1.39833e+07
137.001 1.39835e+07
137.101 1.39795e+07
137.201 1.39802e+07
137.301 1.39778e+07
137.401 1.39738e+07
137.501 1.39762e+07
137.601 1.39723e+07
137.701 1.39707e+07
137.801 1.39707e+07
137.901 1.39668e+07
138.001 1.39678e+07
138.101 1.39653e+07
138.201 1.39614e+07
138.301 1.39638e+07
138.401 1.39599e+07
138.501 1.39587e+07
138.601 1.39585e+07
138.701 1.39547e+07
138.801 1.39561e+07
138.901 1.39533e+07
139.001 1.39498e+07
139.101 1.39519e+07
139.201 1.39482e+07
139.301 1.39473e+07
139.401 1.39469e+07
139.501 1.39432e+07
139.601 1.39449e+07
139.701 1.3942e+07
139.801 1.39388e+07
139.901 1.39407e+07
140.001 1.39371e+07
140.101 1.39365e+07
140.201 1.39359e+07
140.301 1.39324e+07
140.401 1.39344e+07
140.501 1.39313e+07
140.601 1.39284e+07
140.701 1.39301e+07
140.801 1.39267e+07
140.901 1.39264e+07
141.001 1.39256e+07
141.101 1.39222e+07
141.201 1.39245e+07
141.301 1.39212e+07
141.401 1.39187e+07
141.501 1.39202e+07
141.601 1.39169e+07
141.701 1.39169e+07
141.801 1.3916e+07
141.901 1.39127e+07
142.001 1.3915e+07
142.101 1.39118e+07
142.201 1.39096e+07
142.301 1.39109e+07
142.401 1.39077e+07
142.501 1.3908e+07
142.601 1.39069e+07
142.701 1.39037e+07
142.801 1.39061e+07
142.901 1.39029e+07
143.001 1.3901e+07
143.101 1.39022e+07
143.201 1.38991e+07
143.301 1.38997e+07
143.401 1.38984e+07
143.501 1.38954e+07
143.601 1.38977e+07
143.701 1.38947e+07
143.801 1.38932e+07
143.901 1.38941e+07
144.001 1.38912e+07
144.101 1.38921e+07
144.201 1.38906e+07
144.301 1.38877e+07
144.401 1.389e+07
144.501 1.38871e+07
144.601 1.38858e+07
144.701 1.38866e+07
144.801 1.38838e+07
144.901 1.3885e+07
145.001 1.38833e+07
145.101 1.38805e+07
145.201 1.38828e+07
145.301 1.38801e+07
145.401 1.38791e+07
145.501 1.38797e+07
145.601 1.3877e+07
145.701 1.38785e+07
145.801 1.38766e+07
145.901 1.3874e+07
146.001 1.38763e+07
146.101 1.38736e+07
146.201 1.3873e+07
146.301 1.38733e+07
146.401 1.38708e+07
146.501 1.38726e+07
146.601 1.38705e+07
146.701 1.3868e+07
146.801 1.38703e+07
146.901 1.38678e+07
147.001 1.38674e+07
147.101 1.38676e+07
147.201 1.38651e+07
147.301 1.38673e+07
147.401 1.3865e+07
147.501 1.38626e+07
147.601 1.38649e+07
147.701 1.38625e+07
147.801 1.38624e+07
147.901 1.38624e+07
148.001 1.38601e+07
148.101 1.38624e+07
148.201 1.38601e+07
148.301 1.38578e+07
148.401 1.38601e+07
148.501 1.38578e+07
148.601 1.3858e+07
148.701 1.38578e+07
148.801 1.38556e+07
148.901 1.38579e+07
149.001 1.38557e+07
149.101 1.38538e+07
149.201 1.38558e+07
149.301 1.38536e+07
149.401 1.38542e+07
149.501 1.38538e+07
149.601 1.38517e+07
149.701 1.3854e+07
149.801 1.38519e+07
149.901 1.38503e+07
150.001 1.38521e+07
150.101 1.385e+07
150.201 1.38509e+07
150.301 1.38503e+07
150.401 1.38483e+07
150.501 1.38506e+07
150.601 1.38486e+07
150.701 1.38473e+07
150.801 1.38489e+07
150.901 1.3847e+07
151.001 1.38481e+07
151.101 1.38474e+07
151.201 1.38455e+07
151.301 1.38478e+07
151.401 1.38459e+07
151.501 1.38449e+07
151.601 1.38463e+07
151.701 1.38445e+07
151.801 1.38459e+07
151.901 1.3845e+07
152.001 1.38432e+07
152.101 1.38455e+07
152.201 1.38438e+07
152.301 1.3843e+07
152.401 1.38443e+07
152.501 1.38426e+07
152.601 1.38443e+07
152.701 1.38432e+07
152.801 1.38415e+07
152.901 1.38438e+07
153.001 1.38421e+07
153.101 1.38417e+07
153.201 1.38428e+07
153.301 1.38412e+07
153.401 1.38431e+07
153.501 1.38419e+07
153.601 1.38403e+07
153.701 1.38426e+07
153.801 1.38411e+07
153.901 1.38409e+07
154.001 1.38418e+07
154.101 1.38403e+07
154.201 1.38425e+07
154.301 1.38411e+07
154.401 1.38397e+07
154.501 1.38419e+07
154.601 1.38405e+07
154.701 1.38407e+07
154.801 1.38414e+07
154.901 1.384e+07
155.001 1.38422e+07
155.101 1.38409e+07
155.201 1.38396e+07
155.301 1.38418e+07
155.401 1.38405e+07
155.501 1.38409e+07
155.601 1.38414e+07
155.701 1.38402e+07
155.801 1.38424e+07
155.901 1.38412e+07
156.001 1.384e+07
156.101 1.38422e+07
156.201 1.3841e+07
156.301 1.38417e+07
156.401 1.38421e+07
156.501 1.38409e+07
156.601 1.38431e+07
156.701 1.3842e+07
156.801 1.38409e+07
156.901 1.38431e+07
157.001 1.3842e+07
157.101 1.3843e+07
157.201 1.38432e+07
157.301 1.38422e+07
157.401 1.38443e+07
157.501 1.38433e+07
157.601 1.38424e+07
157.701 1.38445e+07
157.801 1.38436e+07
157.901 1.38449e+07
158.001 1.38448e+07
158.101 1.38439e+07
158.201 1.38461e+07
158.301 1.38452e+07
158.401 1.38445e+07
158.501 1.38465e+07
158.601 1.38456e+07
158.701 1.38472e+07
158.801 1.3847e+07
158.901 1.38462e+07
159.001 1.38483e+07
159.101 1.38476e+07
159.201 1.38471e+07
159.301 1.38489e+07
159.401 1.38482e+07
159.501 1.38501e+07
159.601 1.38496e+07
159.701 1.3849e+07
159.801 1.38511e+07
159.901 1.38504e+07
160.001 1.38503e+07
160.101 1.38519e+07
160.201 1.38513e+07
160.301 1.38534e+07
160.401 1.38528e+07
160.501 1.38522e+07
160.601 1.38543e+07
160.701 1.38538e+07
160.801 1.38539e+07
160.901 1.38554e+07
161.001 1.38549e+07
161.101 1.3857e+07
161.201 1.38565e+07
161.301 1.3856e+07
161.401 1.38581e+07
161.501 1.38576e+07
161.601 1.3858e+07
161.701 1.38593e+07
161.801 1.38589e+07
161.901 1.3861e+07
162.001 1.38606e+07
162.101 1.38603e+07
162.201 1.38623e+07
162.301 1.3862e+07
162.401 1.38627e+07
162.501 1.38638e+07
162.601 1.38635e+07
162.701 1.38655e+07
162.801 1.38653e+07
162.901 1.3865e+07
163.001 1.38671e+07
163.101 1.38668e+07
163.201 1.38678e+07
163.301 1.38687e+07
163.401 1.38685e+07
163.501 1.38706e+07
163.601 1.38704e+07
163.701 1.38703e+07
163.801 1.38723e+07
163.901 1.38722e+07
164.001 1.38734e+07
164.101 1.38741e+07
164.201 1.38741e+07
164.301 1.38761e+07
164.401 1.3876e+07
164.501 1.3876e+07
164.601 1.3878e+07
164.701 1.3878e+07
164.801 1.38795e+07
164.901 1.388e+07
165.001 1.38801e+07
165.101 1.38821e+07
165.201 1.38821e+07
165.301 1.38822e+07
165.401 1.38842e+07
165.501 1.38843e+07
165.601 1.38861e+07
165.701 1.38864e+07
165.801 1.38866e+07
165.901 1.38886e+07
166.001 1.38887e+07
166.101 1.38889e+07
166.201 1.38909e+07
166.301 1.38911e+07
166.401 1.38931e+07
166.501 1.38933e+07
166.601 1.38935e+07
166.701 1.38956e+07
166.801 1.38958e+07
166.901 1.38961e+07
167.001 1.38981e+07
167.101 1.38984e+07
167.201 1.39004e+07
167.301 1.39007e+07
167.401 1.3901e+07
167.501 1.3903e+07
167.601 1.39034e+07
167.701 1.39038e+07
167.801 1.39057e+07
167.901 1.39061e+07
168.001 1.39081e+07
168.101 1.39085e+07
168.201 1.39089e+07
168.301 1.39109e+07
168.401 1.39114e+07
168.501 1.39121e+07
168.601 1.39138e+07
168.701 1.39143e+07
168.801 1.39163e+07
168.901 1.39168e+07
169.001 1.39173e+07
169.101 1.39193e+07
169.201 1.39198e+07
169.301 1.39209e+07
169.401 1.39224e+07
169.501 1.3923e+07
169.601 1.3925e+07
169.701 1.39255e+07
169.801 1.39262e+07
169.901 1.39282e+07
170.001 1.39288e+07
170.101 1.39301e+07
170.201 1.39314e+07
170.301 1.39321e+07
170.401 1.39341e+07
170.501 1.39348e+07
170.601 1.39355e+07
170.701 1.39375e+07
170.801 1.39382e+07
170.901 1.39397e+07
171.001 1.39409e+07
171.101 1.39417e+07
171.201 1.39437e+07
171.301 1.39445e+07
171.401 1.39453e+07
171.501 1.39473e+07
171.601 1.39481e+07
171.701 1.39499e+07
171.801 1.39509e+07
171.901 1.39518e+07
172.001 1.39537e+07
172.101 1.39546e+07
172.201 1.39556e+07
172.301 1.39575e+07
172.401 1.39584e+07
172.501 1.39604e+07
172.601 1.39613e+07
172.701 1.39623e+07
172.801 1.39642e+07
172.901 1.39653e+07
173.001 1.39663e+07
173.101 1.39682e+07
173.201 1.39693e+07
173.301 1.39711e+07
173.401 1.39722e+07
173.501 1.39733e+07
173.601 1.39752e+07
173.701 1.39763e+07
173.801 1.39774e+07
173.901 1.39793e+07
174.001 1.39805e+07
174.101 1.39824e+07
174.201 1.39835e+07
174.301 1.39847e+07
174.401 1.39866e+07
174.501 1.39878e+07
174.601 1.39891e+07
174.701 1.39909e+07
174.801 1.39922e+07
174.901 1.3994e+07
175.001 1.39953e+07
175.101 1.39966e+07
175.201 1.39985e+07
175.301 1.39998e+07
175.401 1.40011e+07
175.501 1.4003e+07
175.601 1.40043e+07
175.701 1.40062e+07
175.801 1.40076e+07
175.901 1.4009e+07
176.001 1.40108e+07
176.101 1.40122e+07
176.201 1.40136e+07
176.301 1.40155e+07
176.401 1.40169e+07
176.501 1.40188e+07
176.601 1.40202e+07
176.701 1.40217e+07
176.801 1.40236e+07
176.901 1.40251e+07
177.001 1.40266e+07
177.101 1.40284e+07
177.201 1.403e+07
177.301 1.40318e+07
177.401 1.40334e+07
177.501 1.4035e+07
177.601 1.40368e+07
177.701 1.40384e+07
177.801 1.40402e+07
177.901 1.40418e+07
178.001 1.40435e+07
178.101 1.40453e+07
178.201 1.40469e+07
178.301 1.40486e+07
178.401 1.40504e+07
178.501 1.40521e+07
178.601 1.40539e+07
178.701 1.40556e+07
178.801 1.40574e+07
178.901 1.40592e+07
179.001 1.40609e+07
179.101 1.40627e+07
179.201 1.40645e+07
179.301 1.40663e+07
179.401 1.40681e+07
179.501 1.40699e+07
179.601 1.40716e+07
179.701 1.40734e+07
179.801 1.40752e+07
179.901 1.40769e+07
180.001 1.40787e+07
180.101 1.40805e+07
180.201 1.40822e+07
180.301 1.4084e+07
180.401 1.40858e+07
180.501 1.40875e+07
180.601 1.40893e+07
180.701 1.4091e+07
180.801 1.40928e+07
180.901 1.40945e+07
181.001 1.40963e+07
181.101 1.4098e+07
181.201 1.40998e+07
181.301 1.41015e+07
181.401 1.41032e+07
181.501 1.4105e+07
181.601 1.41067e+07
181.701 1.41085e+07
181.801 1.41102e+07
181.901 1.41119e+07
182.001 1.41136e+07
182.101 1.41154e+07
182.201 1.41171e+07
182.301 1.41188e+07
182.401 1.41206e+07
182.501 1.41223e+07
182.601 1.4124e+07
182.701 1.41257e+07
182.801 1.41274e+07
182.901 1.41291e+07
183.001 1.41308e+07
183.101 1.41325e+07
183.201 1.41343e+07
183.301 1.4136e+07
183.401 1.41377e+07
183.501 1.41394e+07
183.601 1.41411e+07
183.701 1.41428e+07
183.801 1.41445e+07
183.901 1.41461e+07
184.001 1.41478e+07
184.101 1.41495e+07
184.201 1.41512e+07
184.301 1.41529e+07
184.401 1.41546e+07
184.501 1.41563e+07
184.601 1.4158e+07
184.701 1.41596e+07
184.801 1.41613e+07
184.901 1.4163e+07
185.001 1.41647e+07
185.101 1.41663e+07
185.201 1.4168e+07
185.301 1.41697e+07
185.401 1.41713e+07
185.501 1.4173e+07
185.601 1.41747e+07
185.701 1.41763e+07
185.801 1.4178e+07
185.901 1.41796e+07
186.001 1.41813e+07
186.101 1.41829e+07
186.201 1.41846e+07
186.301 1.41862e+07
186.401 1.41879e+07
186.501 1.41895e+07
186.601 1.41912e+07
186.701 1.41928e+07
186.801 1.41945e+07
186.901 1.41961e+07
187.001 1.41977e+07
187.101 1.41994e+07
187.201 1.4201e+07
187.301 1.42027e+07
187.401 1.42043e+07
187.501 1.42059e+07
187.601 1.42075e+07
187.701 1.42092e+07
187.801 1.42108e+07
187.901 1.42124e+07
188.001 1.4214e+07
188.101 1.42156e+07
188.201 1.42173e+07
188.301 1.42189e+07
188.401 1.42205e+07
188.501 1.42221e+07
188.601 1.42237e+07
188.701 1.42253e+07
188.801 1.42269e+07
188.901 1.42285e+07
189.001 1.42301e+07
189.101 1.42317e+07
189.201 1.42333e+07
189.301 1.42349e+07
189.401 1.42365e+07
189.501 1.42381e+07
189.601 1.42397e+07
189.701 1.42413e+07
189.801 1.42429e+07
189.901 1.42445e+07
190.001 1.42461e+07
190.101 1.42477e+07
190.201 1.42493e+07
190.301 1.42508e+07
190.401 1.42524e+07
190.501 1.4254e+07
190.601 1.42556e+07
190.701 1.42571e+07
190.801 1.42587e+07
190.901 1.42603e+07
191.001 1.42619e+07
191.101 1.42634e+07
191.201 1.4265e+07
191.301 1.42666e+07
191.401 1.42681e+07
191.501 1.42697e+07
191.601 1.42712e+07
191.701 1.42728e+07
191.801 1.42744e+07
191.901 1.42759e+07
192.001 1.42775e+07
192.101 1.4279e+07
192.201 1.42806e+07
192.301 1.42821e+07
192.401 1.42837e+07
192.501 1.42852e+07
192.601 1.42867e+07
192.701 1.42883e+07
192.801 1.42898e+07
192.901 1.42914e+07
193.001 1.42929e+07
193.101 1.42944e+07
193.201 1.4296e+07
193.301 1.42975e+07
193.401 1.42919e+07
193.501 1.42845e+07
193.601 1.42959e+07
193.701 1.4294e+07
193.801 1.42927e+07
193.901 1.42881e+07
194.001 1.42881e+07
194.101 1.42849e+07
194.201 1.42814e+07
194.301 1.42818e+07
194.401 1.42772e+07
194.501 1.42756e+07
194.601 1.42742e+07
194.701 1.42696e+07
194.801 1.42698e+07
194.901 1.42665e+07
195.001 1.42633e+07
195.101 1.42635e+07
195.201 1.4259e+07
195.301 1.42576e+07
195.401 1.4256e+07
195.501 1.42515e+07
195.601 1.42519e+07
195.701 1.42486e+07
195.801 1.42455e+07
195.901 1.42457e+07
196.001 1.42412e+07
196.101 1.424e+07
196.201 1.42383e+07
196.301 1.42339e+07
196.401 1.42346e+07
196.501 1.42311e+07
196.601 1.42282e+07
196.701 1.42282e+07
196.801 1.42239e+07
196.901 1.42229e+07
197.001 1.42211e+07
197.101 1.42168e+07
197.201 1.42176e+07
197.301 1.4214e+07
197.401 1.42114e+07
197.501 1.42113e+07
197.601 1.4207e+07
197.701 1.42062e+07
197.801 1.42043e+07
197.901 1.42e+07
198.001 1.42011e+07
198.101 1.41974e+07
198.201 1.4195e+07
198.301 1.41947e+07
198.401 1.41905e+07
198.501 1.41899e+07
198.601 1.41879e+07
198.701 1.41839e+07
198.801 1.41783e+07
198.901 1.41712e+07
199.001 1.41641e+07
199.101 1.4157e+07
199.201 1.41499e+07
199.301 1.41428e+07
199.401 1.41357e+07
199.501 1.41286e+07
199.601 1.41215e+07
199.701 1.41144e+07
199.801 1.41074e+07
199.901 1.41003e+07
200.001 1.40933e+07
