0.001 0
0.101 2.77386e+06
0.201 8.1194e+06
0.301 1.11601e+07
0.401 1.08461e+07
0.501 1.27313e+07
0.601 1.27718e+07
0.701 1.31693e+07
0.801 1.32265e+07
0.901 1.33917e+07
1.001 1.36136e+07
1.101 1.3726e+07
1.201 1.38899e+07
1.301 1.39742e+07
1.401 1.41048e+07
1.501 1.41726e+07
1.601 1.42796e+07
1.701 1.43372e+07
1.801 1.44291e+07
1.901 1.44814e+07
2.001 1.45597e+07
2.101 1.46124e+07
2.201 1.46764e+07
2.301 1.47313e+07
2.401 1.47838e+07
2.501 1.48398e+07
2.601 1.48831e+07
2.701 1.49394e+07
2.801 1.4978e+07
2.901 1.50299e+07
3.001 1.50674e+07
3.101 1.51166e+07
3.201 1.51533e+07
3.301 1.52002e+07
3.401 1.52371e+07
3.501 1.52813e+07
3.601 1.53177e+07
3.701 1.53602e+07
3.801 1.53969e+07
3.901 1.54373e+07
4.001 1.54736e+07
4.101 1.55128e+07
4.201 1.55495e+07
4.301 1.55877e+07
4.401 1.56247e+07
4.501 1.56607e+07
4.601 1.56951e+07
4.701 1.57287e+07
4.801 1.57602e+07
4.901 1.57911e+07
5.001 1.58202e+07
5.101 1.58486e+07
5.201 1.5876e+07
5.301 1.59018e+07
5.401 1.59272e+07
5.501 1.59511e+07
5.601 1.59747e+07
5.701 1.5997e+07
5.801 1.6019e+07
5.901 1.60397e+07
6.001 1.60603e+07
6.101 1.60797e+07
6.201 1.60989e+07
6.301 1.61171e+07
6.401 1.61352e+07
6.501 1.61522e+07
6.601 1.61692e+07
6.701 1.61852e+07
6.801 1.62012e+07
6.901 1.62163e+07
7.001 1.62314e+07
7.101 1.62457e+07
7.201 1.62599e+07
7.301 1.62734e+07
7.401 1.62869e+07
7.501 1.62997e+07
7.601 1.63125e+07
7.701 1.63246e+07
7.801 1.63367e+07
7.901 1.63482e+07
8.001 1.63598e+07
8.101 1.6371e+07
8.201 1.63817e+07
8.301 1.63924e+07
8.401 1.64026e+07
8.501 1.64128e+07
8.601 1.64225e+07
8.701 1.64322e+07
8.801 1.64415e+07
8.901 1.64508e+07
9.001 1.64596e+07
9.101 1.64685e+07
9.201 1.6477e+07
9.301 1.64855e+07
9.401 1.64936e+07
9.501 1.65018e+07
9.601 1.65095e+07
9.701 1.65174e+07
9.801 1.65248e+07
9.901 1.65324e+07
10.001 1.65395e+07
10.101 1.65467e+07
10.201 1.65536e+07
10.301 1.65606e+07
10.401 1.65671e+07
10.501 1.65738e+07
10.601 1.65802e+07
10.701 1.65866e+07
10.801 1.65927e+07
10.901 1.6599e+07
11.001 1.66051e+07
11.101 1.66108e+07
11.201 1.66167e+07
11.301 1.66223e+07
11.401 1.6628e+07
11.501 1.66334e+07
11.601 1.66389e+07
11.701 1.6644e+07
11.801 1.66494e+07
11.901 1.66544e+07
12.001 1.66595e+07
12.101 1.66644e+07
12.201 1.66693e+07
12.301 1.6674e+07
12.401 1.66788e+07
12.501 1.66834e+07
12.601 1.6688e+07
12.701 1.66924e+07
12.801 1.66969e+07
12.901 1.67012e+07
13.001 1.67056e+07
13.101 1.67097e+07
13.201 1.6714e+07
13.301 1.67179e+07
13.401 1.67221e+07
13.501 1.6726e+07
13.601 1.673e+07
13.701 1.67339e+07
13.801 1.67376e+07
13.901 1.67415e+07
14.001 1.67451e+07
14.101 1.67488e+07
14.201 1.67523e+07
14.301 1.67559e+07
14.401 1.67593e+07
14.501 1.67629e+07
14.601 1.67662e+07
14.701 1.67696e+07
14.801 1.67728e+07
14.901 1.67762e+07
15.001 1.67793e+07
15.101 1.67825e+07
15.201 1.67856e+07
15.301 1.67888e+07
15.401 1.67917e+07
15.501 1.67948e+07
15.601 1.67977e+07
15.701 1.68007e+07
15.801 1.68035e+07
15.901 1.68065e+07
16.001 1.68092e+07
16.101 1.68121e+07
16.201 1.68148e+07
16.301 1.68176e+07
16.401 1.68202e+07
16.501 1.68229e+07
16.601 1.68256e+07
16.701 1.68281e+07
16.801 1.68308e+07
16.901 1.68332e+07
17.001 1.68358e+07
17.101 1.68382e+07
17.201 1.68407e+07
17.301 1.68431e+07
17.401 1.68455e+07
17.501 1.68478e+07
17.601 1.68502e+07
17.701 1.68524e+07
17.801 1.68548e+07
17.901 1.6857e+07
18.001 1.68593e+07
18.101 1.68614e+07
18.201 1.68637e+07
18.301 1.68658e+07
18.401 1.6868e+07
18.501 1.687e+07
18.601 1.68722e+07
18.701 1.68742e+07
18.801 1.68673e+07
18.901 1.68425e+07
19.001 1.6827e+07
19.101 1.6803e+07
19.201 1.67883e+07
19.301 1.67655e+07
19.401 1.67515e+07
19.501 1.67297e+07
19.601 1.67165e+07
19.701 1.66965e+07
19.801 1.66831e+07
19.901 1.66655e+07
20.001 1.66514e+07
20.101 1.66364e+07
20.201 1.66213e+07
20.301 1.66085e+07
20.401 1.65929e+07
20.501 1.6582e+07
20.601 1.65658e+07
20.701 1.65561e+07
20.801 1.65405e+07
20.901 1.65313e+07
21.001 1.65165e+07
21.101 1.65081e+07
21.201 1.6494e+07
21.301 1.64861e+07
21.401 1.64729e+07
21.501 1.64656e+07
21.601 1.64531e+07
21.701 1.64463e+07
21.801 1.64347e+07
21.901 1.64284e+07
22.001 1.64175e+07
22.101 1.64119e+07
22.201 1.64028e+07
22.301 1.63967e+07
22.401 1.63896e+07
22.501 1.63826e+07
22.601 1.63774e+07
22.701 1.63697e+07
22.801 1.63656e+07
22.901 1.6358e+07
23.001 1.63544e+07
23.101 1.63476e+07
23.201 1.63445e+07
23.301 1.63382e+07
23.401 1.63356e+07
23.501 1.633e+07
23.601 1.63278e+07
23.701 1.63229e+07
23.801 1.63211e+07
23.901 1.63168e+07
24.001 1.63155e+07
24.101 1.63118e+07
24.201 1.63109e+07
24.301 1.63079e+07
24.401 1.63075e+07
24.501 1.63052e+07
24.601 1.63051e+07
24.701 1.63045e+07
24.801 1.63035e+07
24.901 1.63039e+07
25.001 1.6303e+07
25.101 1.63039e+07
25.201 1.63036e+07
25.301 1.63048e+07
25.401 1.6305e+07
25.501 1.63066e+07
25.601 1.63074e+07
25.701 1.63093e+07
25.801 1.63106e+07
25.901 1.6313e+07
26.001 1.63148e+07
26.101 1.63175e+07
26.201 1.63199e+07
26.301 1.63229e+07
26.401 1.63259e+07
26.501 1.63292e+07
26.601 1.63326e+07
26.701 1.63361e+07
26.801 1.63395e+07
26.901 1.6343e+07
27.001 1.63463e+07
27.101 1.63497e+07
27.201 1.6353e+07
27.301 1.63564e+07
27.401 1.63597e+07
27.501 1.63629e+07
27.601 1.63662e+07
27.701 1.63694e+07
27.801 1.63726e+07
27.901 1.63758e+07
28.001 1.6379e+07
28.101 1.6382e+07
28.201 1.63852e+07
28.301 1.63882e+07
28.401 1.63913e+07
28.501 1.63943e+07
28.601 1.63974e+07
28.701 1.64004e+07
28.801 1.64034e+07
28.901 1.64063e+07
29.001 1.64093e+07
29.101 1.64122e+07
29.201 1.64151e+07
29.301 1.64179e+07
29.401 1.64208e+07
29.501 1.64236e+07
29.601 1.64265e+07
29.701 1.64293e+07
29.801 1.64321e+07
29.901 1.64348e+07
30.001 1.64376e+07
30.101 1.64404e+07
30.201 1.6443e+07
30.301 1.64458e+07
30.401 1.64484e+07
30.501 1.64511e+07
30.601 1.64537e+07
30.701 1.64563e+07
30.801 1.64589e+07
30.901 1.64615e+07
31.001 1.64641e+07
31.101 1.64667e+07
31.201 1.64692e+07
31.301 1.64717e+07
31.401 1.64742e+07
31.501 1.64767e+07
31.601 1.64791e+07
31.701 1.64817e+07
31.801 1.64841e+07
31.901 1.64865e+07
32.001 1.64889e+07
32.101 1.64913e+07
32.201 1.64937e+07
32.301 1.64961e+07
32.401 1.64984e+07
32.501 1.65008e+07
32.601 1.65031e+07
32.701 1.65054e+07
32.801 1.65077e+07
32.901 1.651e+07
33.001 1.65123e+07
33.101 1.65145e+07
33.201 1.65168e+07
33.301 1.6519e+07
33.401 1.65212e+07
33.501 1.65234e+07
33.601 1.65256e+07
33.701 1.65277e+07
33.801 1.65299e+07
33.901 1.65321e+07
34.001 1.65342e+07
34.101 1.65363e+07
34.201 1.65385e+07
34.301 1.65405e+07
34.401 1.65427e+07
34.501 1.65447e+07
34.601 1.65468e+07
34.701 1.65488e+07
34.801 1.65509e+07
34.901 1.65529e+07
35.001 1.65549e+07
35.101 1.65569e+07
35.201 1.65589e+07
35.301 1.65609e+07
35.401 1.65629e+07
35.501 1.65648e+07
35.601 1.65668e+07
35.701 1.65688e+07
35.801 1.65706e+07
35.901 1.65726e+07
36.001 1.65745e+07
36.101 1.65764e+07
36.201 1.65782e+07
36.301 1.65802e+07
36.401 1.6582e+07
36.501 1.65839e+07
36.601 1.65857e+07
36.701 1.65875e+07
36.801 1.65893e+07
36.901 1.65912e+07
37.001 1.65929e+07
37.101 1.65948e+07
37.201 1.65965e+07
37.301 1.65983e+07
37.401 1.66001e+07
37.501 1.66019e+07
37.601 1.66036e+07
37.701 1.66053e+07
37.801 1.6607e+07
37.901 1.66088e+07
38.001 1.66105e+07
38.101 1.66122e+07
38.201 1.66139e+07
38.301 1.66156e+07
38.401 1.66172e+07
38.501 1.66189e+07
38.601 1.66206e+07
38.701 1.66222e+07
38.801 1.66239e+07
38.901 1.66255e+07
39.001 1.66271e+07
39.101 1.66287e+07
39.201 1.66304e+07
39.301 1.66319e+07
39.401 1.66336e+07
39.501 1.66351e+07
39.601 1.66367e+07
39.701 1.66382e+07
39.801 1.66398e+07
39.901 1.66413e+07
40.001 1.66429e+07
40.101 1.66444e+07
40.201 1.6646e+07
40.301 1.66475e+07
40.401 1.6649e+07
40.501 1.66505e+07
40.601 1.6652e+07
40.701 1.66535e+07
40.801 1.6655e+07
40.901 1.66543e+07
41.001 1.66456e+07
41.101 1.66375e+07
41.201 1.66282e+07
41.301 1.6621e+07
41.401 1.66114e+07
41.501 1.66051e+07
41.601 1.65953e+07
41.701 1.65893e+07
41.801 1.65798e+07
41.901 1.65741e+07
42.001 1.65649e+07
42.101 1.65594e+07
42.201 1.65506e+07
42.301 1.65454e+07
42.401 1.6537e+07
42.501 1.6532e+07
42.601 1.65239e+07
42.701 1.65192e+07
42.801 1.65115e+07
42.901 1.6507e+07
43.001 1.65004e+07
43.101 1.64954e+07
43.201 1.64897e+07
43.301 1.64843e+07
43.401 1.64796e+07
43.501 1.64739e+07
43.601 1.64702e+07
43.701 1.6464e+07
43.801 1.64606e+07
43.901 1.64547e+07
44.001 1.64515e+07
44.101 1.6446e+07
44.201 1.64431e+07
44.301 1.64379e+07
44.401 1.64352e+07
44.501 1.64303e+07
44.601 1.64278e+07
44.701 1.64233e+07
44.801 1.6421e+07
44.901 1.64167e+07
45.001 1.64147e+07
45.101 1.64108e+07
45.201 1.6409e+07
45.301 1.64057e+07
45.401 1.64038e+07
45.501 1.64015e+07
45.601 1.63992e+07
45.701 1.63978e+07
45.801 1.63951e+07
45.901 1.6394e+07
46.001 1.63915e+07
46.101 1.63907e+07
46.201 1.63885e+07
46.301 1.63879e+07
46.401 1.63861e+07
46.501 1.63856e+07
46.601 1.63841e+07
46.701 1.63839e+07
46.801 1.63827e+07
46.901 1.63827e+07
47.001 1.63818e+07
47.101 1.6382e+07
47.201 1.63814e+07
47.301 1.63818e+07
47.401 1.63816e+07
47.501 1.63821e+07
47.601 1.63822e+07
47.701 1.6383e+07
47.801 1.63838e+07
47.901 1.63843e+07
48.001 1.63854e+07
48.101 1.63862e+07
48.201 1.63874e+07
48.301 1.63885e+07
48.401 1.639e+07
48.501 1.63914e+07
48.601 1.6393e+07
48.701 1.63947e+07
48.801 1.63965e+07
48.901 1.63983e+07
49.001 1.64e+07
49.101 1.64018e+07
49.201 1.64035e+07
49.301 1.64052e+07
49.401 1.6407e+07
49.501 1.64087e+07
49.601 1.64104e+07
49.701 1.64121e+07
49.801 1.64138e+07
49.901 1.64155e+07
50.001 1.64172e+07
50.101 1.64189e+07
50.201 1.64206e+07
50.301 1.64222e+07
50.401 1.64239e+07
50.501 1.64255e+07
50.601 1.64272e+07
50.701 1.64288e+07
50.801 1.64305e+07
50.901 1.64321e+07
51.001 1.64337e+07
51.101 1.64353e+07
51.201 1.64369e+07
51.301 1.64385e+07
51.401 1.64401e+07
51.501 1.64417e+07
51.601 1.64433e+07
51.701 1.64448e+07
51.801 1.64464e+07
51.901 1.6448e+07
52.001 1.64496e+07
52.101 1.64511e+07
52.201 1.64527e+07
52.301 1.64542e+07
52.401 1.64557e+07
52.501 1.64573e+07
52.601 1.64588e+07
52.701 1.64603e+07
52.801 1.64618e+07
52.901 1.64634e+07
53.001 1.64648e+07
53.101 1.64663e+07
53.201 1.64678e+07
53.301 1.64693e+07
53.401 1.64708e+07
53.501 1.64723e+07
53.601 1.64737e+07
53.701 1.64752e+07
53.801 1.64766e+07
53.901 1.64781e+07
54.001 1.64795e+07
54.101 1.6481e+07
54.201 1.64824e+07
54.301 1.64838e+07
54.401 1.64852e+07
54.501 1.64867e+07
54.601 1.64881e+07
54.701 1.64895e+07
54.801 1.64909e+07
54.901 1.64923e+07
55.001 1.64937e+07
55.101 1.64951e+07
55.201 1.64965e+07
55.301 1.64979e+07
55.401 1.64993e+07
55.501 1.65006e+07
55.601 1.6502e+07
55.701 1.65033e+07
55.801 1.65047e+07
55.901 1.6506e+07
56.001 1.65074e+07
56.101 1.65087e+07
56.201 1.65101e+07
56.301 1.65114e+07
56.401 1.65127e+07
56.501 1.6514e+07
56.601 1.65153e+07
56.701 1.65166e+07
56.801 1.6518e+07
56.901 1.65192e+07
57.001 1.65206e+07
57.101 1.65218e+07
57.201 1.65231e+07
57.301 1.65244e+07
57.401 1.65257e+07
57.501 1.6527e+07
57.601 1.65282e+07
57.701 1.65295e+07
57.801 1.65308e+07
57.901 1.65321e+07
58.001 1.65333e+07
58.101 1.65346e+07
58.201 1.65358e+07
58.301 1.6537e+07
58.401 1.65382e+07
58.501 1.65395e+07
58.601 1.65407e+07
58.701 1.6542e+07
58.801 1.65431e+07
58.901 1.65444e+07
59.001 1.65456e+07
59.101 1.65468e+07
59.201 1.6548e+07
59.301 1.65492e+07
59.401 1.65504e+07
59.501 1.65516e+07
59.601 1.65527e+07
59.701 1.6554e+07
59.801 1.65551e+07
59.901 1.65563e+07
60.001 1.65575e+07
60.101 1.65586e+07
60.201 1.65598e+07
60.301 1.6561e+07
60.401 1.65621e+07
60.501 1.65633e+07
60.601 1.65644e+07
60.701 1.65656e+07
60.801 1.65667e+07
60.901 1.65678e+07
61.001 1.6569e+07
61.101 1.65701e+07
61.201 1.65712e+07
61.301 1.65723e+07
61.401 1.65735e+07
61.501 1.65746e+07
61.601 1.65757e+07
61.701 1.65768e+07
61.801 1.65779e+07
61.901 1.6579e+07
62.001 1.65801e+07
62.101 1.65812e+07
62.201 1.65823e+07
62.301 1.65834e+07
62.401 1.65845e+07
62.501 1.65855e+07
62.601 1.65866e+07
62.701 1.65877e+07
62.801 1.65887e+07
62.901 1.65898e+07
63.001 1.65812e+07
63.101 1.65866e+07
63.201 1.65796e+07
63.301 1.65754e+07
63.401 1.65686e+07
63.501 1.65645e+07
63.601 1.65582e+07
63.701 1.65541e+07
63.801 1.65485e+07
63.901 1.6544e+07
64.001 1.65391e+07
64.101 1.65343e+07
64.201 1.653e+07
64.301 1.6525e+07
64.401 1.65214e+07
64.501 1.6516e+07
64.601 1.65128e+07
64.701 1.65075e+07
64.801 1.65044e+07
64.901 1.64992e+07
65.001 1.64963e+07
65.101 1.64913e+07
65.201 1.64886e+07
65.301 1.64839e+07
65.401 1.64812e+07
65.501 1.64767e+07
65.601 1.64742e+07
65.701 1.647e+07
65.801 1.64676e+07
65.901 1.64636e+07
66.001 1.64614e+07
66.101 1.64578e+07
66.201 1.64555e+07
66.301 1.64526e+07
66.401 1.64499e+07
66.501 1.64477e+07
66.601 1.64448e+07
66.701 1.64431e+07
66.801 1.644e+07
66.901 1.64384e+07
67.001 1.64355e+07
67.101 1.64341e+07
67.201 1.64314e+07
67.301 1.64301e+07
67.401 1.64276e+07
67.501 1.64265e+07
67.601 1.64243e+07
67.701 1.64233e+07
67.801 1.64212e+07
67.901 1.64203e+07
68.001 1.64185e+07
68.101 1.64178e+07
68.201 1.64162e+07
68.301 1.64156e+07
68.401 1.64142e+07
68.501 1.64138e+07
68.601 1.64131e+07
68.701 1.64123e+07
68.801 1.64121e+07
68.901 1.64112e+07
69.001 1.64111e+07
69.101 1.64105e+07
69.201 1.64105e+07
69.301 1.641e+07
69.401 1.64102e+07
69.501 1.641e+07
69.601 1.64103e+07
69.701 1.64103e+07
69.801 1.64107e+07
69.901 1.64109e+07
70.001 1.64115e+07
70.101 1.64119e+07
70.201 1.64126e+07
70.301 1.64132e+07
70.401 1.64141e+07
70.501 1.64149e+07
70.601 1.64159e+07
70.701 1.64169e+07
70.801 1.64181e+07
70.901 1.64192e+07
71.001 1.64204e+07
71.101 1.64216e+07
71.201 1.64228e+07
71.301 1.6424e+07
71.401 1.64251e+07
71.501 1.64263e+07
71.601 1.64275e+07
71.701 1.64286e+07
71.801 1.64298e+07
71.901 1.64309e+07
72.001 1.64321e+07
72.101 1.64332e+07
72.201 1.64344e+07
72.301 1.64355e+07
72.401 1.64367e+07
72.501 1.64378e+07
72.601 1.64389e+07
72.701 1.644e+07
72.801 1.64412e+07
72.901 1.64423e+07
73.001 1.64434e+07
73.101 1.64445e+07
73.201 1.64456e+07
73.301 1.64467e+07
73.401 1.64478e+07
73.501 1.64489e+07
73.601 1.645e+07
73.701 1.64511e+07
73.801 1.64522e+07
73.901 1.64533e+07
74.001 1.64544e+07
74.101 1.64555e+07
74.201 1.64566e+07
74.301 1.64577e+07
74.401 1.64587e+07
74.501 1.64598e+07
74.601 1.64609e+07
74.701 1.6462e+07
74.801 1.6463e+07
74.901 1.64641e+07
75.001 1.64651e+07
75.101 1.64662e+07
75.201 1.64672e+07
75.301 1.64683e+07
75.401 1.64693e+07
75.501 1.64704e+07
75.601 1.64714e+07
75.701 1.64725e+07
75.801 1.64735e+07
75.901 1.64746e+07
76.001 1.64756e+07
76.101 1.64766e+07
76.201 1.64776e+07
76.301 1.64787e+07
76.401 1.64797e+07
76.501 1.64807e+07
76.601 1.64817e+07
76.701 1.64827e+07
76.801 1.64837e+07
76.901 1.64848e+07
77.001 1.64858e+07
77.101 1.64868e+07
77.201 1.64878e+07
77.301 1.64888e+07
77.401 1.64898e+07
77.501 1.64907e+07
77.601 1.64918e+07
77.701 1.64927e+07
77.801 1.64937e+07
77.901 1.64947e+07
78.001 1.64957e+07
78.101 1.64966e+07
78.201 1.64976e+07
78.301 1.64986e+07
78.401 1.64996e+07
78.501 1.65005e+07
78.601 1.65015e+07
78.701 1.65024e+07
78.801 1.65034e+07
78.901 1.65044e+07
79.001 1.65053e+07
79.101 1.65063e+07
79.201 1.65072e+07
79.301 1.65082e+07
79.401 1.65091e+07
79.501 1.65101e+07
79.601 1.6511e+07
79.701 1.6512e+07
79.801 1.65129e+07
79.901 1.65138e+07
80.001 1.65147e+07
80.101 1.65157e+07
80.201 1.65166e+07
80.301 1.65175e+07
80.401 1.65184e+07
80.501 1.65194e+07
80.601 1.65203e+07
80.701 1.65212e+07
80.801 1.65221e+07
80.901 1.6523e+07
81.001 1.65239e+07
81.101 1.65249e+07
81.201 1.65257e+07
81.301 1.65267e+07
81.401 1.65275e+07
81.501 1.65285e+07
81.601 1.65293e+07
81.701 1.65302e+07
81.801 1.65311e+07
81.901 1.6532e+07
82.001 1.65329e+07
82.101 1.65338e+07
82.201 1.65347e+07
82.301 1.65355e+07
82.401 1.65364e+07
82.501 1.65373e+07
82.601 1.65382e+07
82.701 1.6539e+07
82.801 1.65399e+07
82.901 1.65408e+07
83.001 1.65417e+07
83.101 1.65425e+07
83.201 1.65434e+07
83.301 1.65442e+07
83.401 1.65451e+07
83.501 1.65459e+07
83.601 1.65468e+07
83.701 1.65476e+07
83.801 1.65485e+07
83.901 1.65493e+07
84.001 1.65502e+07
84.101 1.6551e+07
84.201 1.65519e+07
84.301 1.65527e+07
84.401 1.65535e+07
84.501 1.65544e+07
84.601 1.65552e+07
84.701 1.6556e+07
84.801 1.65569e+07
84.901 1.65577e+07
85.001 1.65585e+07
85.101 1.65585e+07
85.201 1.65578e+07
85.301 1.65531e+07
85.401 1.655e+07
85.501 1.65449e+07
85.601 1.65419e+07
85.701 1.65371e+07
85.801 1.65342e+07
85.901 1.65295e+07
86.001 1.65267e+07
86.101 1.65221e+07
86.201 1.65195e+07
86.301 1.65151e+07
86.401 1.65125e+07
86.501 1.65083e+07
86.601 1.65058e+07
86.701 1.65018e+07
86.801 1.64994e+07
86.901 1.64958e+07
87.001 1.64932e+07
87.101 1.64901e+07
87.201 1.64873e+07
87.301 1.64848e+07
87.401 1.64817e+07
87.501 1.64796e+07
87.601 1.64763e+07
87.701 1.64744e+07
87.801 1.64712e+07
87.901 1.64694e+07
88.001 1.64664e+07
88.101 1.64647e+07
88.201 1.64618e+07
88.301 1.64602e+07
88.401 1.64574e+07
88.501 1.6456e+07
88.601 1.64534e+07
88.701 1.64521e+07
88.801 1.64496e+07
88.901 1.64484e+07
89.001 1.64461e+07
89.101 1.64449e+07
89.201 1.64429e+07
89.301 1.64418e+07
89.401 1.64402e+07
89.501 1.64389e+07
89.601 1.64378e+07
89.701 1.64363e+07
89.801 1.64355e+07
89.901 1.64339e+07
90.001 1.64332e+07
90.101 1.64318e+07
90.201 1.64312e+07
90.301 1.64299e+07
90.401 1.64295e+07
90.501 1.64283e+07
90.601 1.6428e+07
90.701 1.64271e+07
90.801 1.64268e+07
90.901 1.6426e+07
91.001 1.64259e+07
91.101 1.64253e+07
91.201 1.64252e+07
91.301 1.64247e+07
91.401 1.64248e+07
91.501 1.64245e+07
91.601 1.64247e+07
91.701 1.64248e+07
91.801 1.64248e+07
91.901 1.64251e+07
92.001 1.64252e+07
92.101 1.64256e+07
92.201 1.64259e+07
92.301 1.64264e+07
92.401 1.64268e+07
92.501 1.64274e+07
92.601 1.6428e+07
92.701 1.64287e+07
92.801 1.64295e+07
92.901 1.64303e+07
93.001 1.64312e+07
93.101 1.64321e+07
93.201 1.64329e+07
93.301 1.64338e+07
93.401 1.64347e+07
93.501 1.64356e+07
93.601 1.64365e+07
93.701 1.64374e+07
93.801 1.64383e+07
93.901 1.64391e+07
94.001 1.644e+07
94.101 1.64409e+07
94.201 1.64417e+07
94.301 1.64426e+07
94.401 1.64435e+07
94.501 1.64443e+07
94.601 1.64452e+07
94.701 1.6446e+07
94.801 1.64469e+07
94.901 1.64477e+07
95.001 1.64486e+07
95.101 1.64494e+07
95.201 1.64503e+07
95.301 1.64511e+07
95.401 1.6452e+07
95.501 1.64528e+07
95.601 1.64537e+07
95.701 1.64545e+07
95.801 1.64554e+07
95.901 1.64562e+07
96.001 1.6457e+07
96.101 1.64579e+07
96.201 1.64587e+07
96.301 1.64596e+07
96.401 1.64604e+07
96.501 1.64612e+07
96.601 1.6462e+07
96.701 1.64629e+07
96.801 1.64637e+07
96.901 1.64645e+07
97.001 1.64653e+07
97.101 1.64661e+07
97.201 1.64669e+07
97.301 1.64678e+07
97.401 1.64686e+07
97.501 1.64694e+07
97.601 1.64702e+07
97.701 1.6471e+07
97.801 1.64718e+07
97.901 1.64726e+07
98.001 1.64734e+07
98.101 1.64742e+07
98.201 1.6475e+07
98.301 1.64758e+07
98.401 1.64766e+07
98.501 1.64774e+07
98.601 1.64782e+07
98.701 1.6479e+07
98.801 1.64798e+07
98.901 1.64806e+07
99.001 1.64814e+07
99.101 1.64821e+07
99.201 1.64829e+07
99.301 1.64837e+07
99.401 1.64845e+07
99.501 1.64852e+07
99.601 1.6486e+07
99.701 1.64868e+07
99.801 1.64876e+07
99.901 1.64883e+07
100.001 1.64891e+07
100.101 1.64899e+07
100.201 1.64907e+07
100.301 1.64914e+07
100.401 1.64922e+07
100.501 1.64929e+07
100.601 1.64937e+07
100.701 1.64945e+07
100.801 1.64952e+07
100.901 1.6496e+07
101.001 1.64967e+07
101.101 1.64975e+07
101.201 1.64982e+07
101.301 1.6499e+07
101.401 1.64997e+07
101.501 1.65005e+07
101.601 1.65012e+07
101.701 1.6502e+07
101.801 1.65027e+07
101.901 1.65035e+07
102.001 1.65042e+07
102.101 1.6505e+07
102.201 1.65057e+07
102.301 1.65064e+07
102.401 1.65072e+07
102.501 1.65079e+07
102.601 1.65086e+07
102.701 1.65094e+07
102.801 1.65101e+07
102.901 1.65108e+07
103.001 1.65115e+07
103.101 1.65123e+07
103.201 1.6513e+07
103.301 1.65137e+07
103.401 1.65144e+07
103.501 1.65152e+07
103.601 1.65159e+07
103.701 1.65166e+07
103.801 1.65173e+07
103.901 1.6518e+07
104.001 1.65187e+07
104.101 1.65194e+07
104.201 1.65201e+07
104.301 1.65209e+07
104.401 1.65215e+07
104.501 1.65223e+07
104.601 1.6523e+07
104.701 1.65237e+07
104.801 1.65244e+07
104.901 1.65251e+07
105.001 1.65258e+07
105.101 1.65265e+07
105.201 1.65272e+07
105.301 1.65279e+07
105.401 1.65286e+07
105.501 1.65292e+07
105.601 1.65299e+07
105.701 1.65306e+07
105.801 1.65313e+07
105.901 1.6532e+07
106.001 1.65327e+07
106.101 1.65334e+07
106.201 1.65341e+07
106.301 1.65347e+07
106.401 1.65354e+07
106.501 1.65361e+07
106.601 1.65368e+07
106.701 1.65374e+07
106.801 1.65381e+07
106.901 1.65388e+07
107.001 1.65395e+07
107.101 1.65401e+07
107.201 1.65408e+07
107.301 1.65399e+07
107.401 1.65374e+07
107.501 1.65335e+07
107.601 1.6531e+07
107.701 1.65274e+07
107.801 1.65247e+07
107.901 1.65215e+07
108.001 1.65187e+07
108.101 1.65159e+07
108.201 1.65128e+07
108.301 1.65104e+07
108.401 1.65072e+07
108.501 1.65051e+07
108.601 1.65017e+07
108.701 1.64998e+07
108.801 1.64965e+07
108.901 1.64946e+07
109.001 1.64915e+07
109.101 1.64897e+07
109.201 1.64866e+07
109.301 1.64849e+07
109.401 1.6482e+07
109.501 1.64804e+07
109.601 1.64776e+07
109.701 1.64761e+07
109.801 1.64734e+07
109.901 1.64719e+07
110.001 1.64696e+07
110.101 1.6468e+07
110.201 1.64661e+07
110.301 1.64643e+07
110.401 1.64627e+07
110.501 1.64608e+07
110.601 1.64596e+07
110.701 1.64575e+07
110.801 1.64564e+07
110.901 1.64545e+07
111.001 1.64535e+07
111.101 1.64516e+07
111.201 1.64506e+07
111.301 1.64489e+07
111.401 1.64481e+07
111.501 1.64465e+07
111.601 1.64457e+07
111.701 1.64442e+07
111.801 1.64435e+07
111.901 1.64422e+07
112.001 1.64416e+07
112.101 1.64403e+07
112.201 1.64398e+07
112.301 1.64387e+07
112.401 1.64383e+07
112.501 1.64376e+07
112.601 1.6437e+07
112.701 1.64366e+07
112.801 1.64359e+07
112.901 1.64356e+07
113.001 1.6435e+07
113.101 1.64348e+07
113.201 1.64343e+07
113.301 1.64342e+07
113.401 1.64338e+07
113.501 1.64339e+07
113.601 1.64336e+07
113.701 1.64337e+07
113.801 1.64336e+07
113.901 1.64337e+07
114.001 1.64337e+07
114.101 1.6434e+07
114.201 1.64341e+07
114.301 1.64345e+07
114.401 1.64347e+07
114.501 1.64352e+07
114.601 1.64355e+07
114.701 1.64361e+07
114.801 1.64366e+07
114.901 1.64372e+07
115.001 1.64379e+07
115.101 1.64385e+07
115.201 1.64392e+07
115.301 1.644e+07
115.401 1.64407e+07
115.501 1.64414e+07
115.601 1.64421e+07
115.701 1.64428e+07
115.801 1.64435e+07
115.901 1.64442e+07
116.001 1.64449e+07
116.101 1.64456e+07
116.201 1.64463e+07
116.301 1.6447e+07
116.401 1.64477e+07
116.501 1.64484e+07
116.601 1.64491e+07
116.701 1.64498e+07
116.801 1.64505e+07
116.901 1.64512e+07
117.001 1.64519e+07
117.101 1.64525e+07
117.201 1.64532e+07
117.301 1.64539e+07
117.401 1.64546e+07
117.501 1.64553e+07
117.601 1.6456e+07
117.701 1.64566e+07
117.801 1.64573e+07
117.901 1.6458e+07
118.001 1.64587e+07
118.101 1.64594e+07
118.201 1.646e+07
118.301 1.64607e+07
118.401 1.64614e+07
118.501 1.64621e+07
118.601 1.64627e+07
118.701 1.64634e+07
118.801 1.64641e+07
118.901 1.64648e+07
119.001 1.64654e+07
119.101 1.64661e+07
119.201 1.64667e+07
119.301 1.64674e+07
119.401 1.64681e+07
119.501 1.64687e+07
119.601 1.64694e+07
119.701 1.64701e+07
119.801 1.64707e+07
119.901 1.64714e+07
120.001 1.6472e+07
120.101 1.64727e+07
120.201 1.64733e+07
120.301 1.6474e+07
120.401 1.64746e+07
120.501 1.64753e+07
120.601 1.64759e+07
120.701 1.64766e+07
120.801 1.64772e+07
120.901 1.64779e+07
121.001 1.64785e+07
121.101 1.64792e+07
121.201 1.64798e+07
121.301 1.64805e+07
121.401 1.64811e+07
121.501 1.64817e+07
121.601 1.64824e+07
121.701 1.6483e+07
121.801 1.64837e+07
121.901 1.64843e+07
122.001 1.64849e+07
122.101 1.64856e+07
122.201 1.64862e+07
122.301 1.64868e+07
122.401 1.64875e+07
122.501 1.64881e+07
122.601 1.64887e+07
122.701 1.64893e+07
122.801 1.649e+07
122.901 1.64906e+07
123.001 1.64912e+07
123.101 1.64918e+07
123.201 1.64925e+07
123.301 1.64931e+07
123.401 1.64937e+07
123.501 1.64943e+07
123.601 1.6495e+07
123.701 1.64956e+07
123.801 1.64962e+07
123.901 1.64968e+07
124.001 1.64974e+07
124.101 1.6498e+07
124.201 1.64986e+07
124.301 1.64993e+07
124.401 1.64999e+07
124.501 1.65005e+07
124.601 1.65011e+07
124.701 1.65017e+07
124.801 1.65023e+07
124.901 1.65029e+07
125.001 1.65035e+07
125.101 1.65041e+07
125.201 1.65047e+07
125.301 1.65053e+07
125.401 1.65059e+07
125.501 1.65065e+07
125.601 1.65071e+07
125.701 1.65077e+07
125.801 1.65083e+07
125.901 1.65089e+07
126.001 1.65095e+07
126.101 1.65101e+07
126.201 1.65107e+07
126.301 1.65113e+07
126.401 1.65119e+07
126.501 1.65125e+07
126.601 1.65131e+07
126.701 1.65136e+07
126.801 1.65142e+07
126.901 1.65148e+07
127.001 1.65154e+07
127.101 1.6516e+07
127.201 1.65166e+07
127.301 1.65172e+07
127.401 1.65177e+07
127.501 1.65183e+07
127.601 1.65189e+07
127.701 1.65195e+07
127.801 1.65201e+07
127.901 1.65206e+07
128.001 1.65212e+07
128.101 1.65218e+07
128.201 1.65224e+07
128.301 1.65229e+07
128.401 1.65235e+07
128.501 1.65241e+07
128.601 1.65247e+07
128.701 1.65252e+07
128.801 1.65258e+07
128.901 1.65264e+07
129.001 1.65269e+07
129.101 1.65275e+07
129.201 1.65281e+07
129.301 1.65286e+07
129.401 1.65237e+07
129.501 1.65272e+07
129.601 1.65238e+07
129.701 1.65218e+07
129.801 1.65185e+07
129.901 1.65166e+07
130.001 1.65134e+07
130.101 1.65115e+07
130.201 1.65085e+07
130.301 1.65066e+07
130.401 1.65037e+07
130.501 1.65019e+07
130.601 1.64991e+07
130.701 1.64974e+07
130.801 1.64949e+07
130.901 1.6493e+07
131.001 1.64908e+07
131.101 1.64888e+07
131.201 1.64869e+07
131.301 1.64848e+07
131.401 1.64832e+07
131.501 1.64809e+07
131.601 1.64795e+07
131.701 1.64772e+07
131.801 1.64759e+07
131.901 1.64737e+07
132.001 1.64724e+07
132.101 1.64703e+07
132.201 1.64691e+07
132.301 1.64671e+07
132.401 1.6466e+07
132.501 1.64641e+07
132.601 1.64631e+07
132.701 1.64613e+07
132.801 1.64603e+07
132.901 1.64586e+07
133.001 1.64577e+07
133.101 1.64562e+07
133.201 1.64553e+07
133.301 1.6454e+07
133.401 1.6453e+07
133.501 1.64521e+07
133.601 1.64509e+07
133.701 1.64502e+07
133.801 1.6449e+07
133.901 1.64484e+07
134.001 1.64473e+07
134.101 1.64467e+07
134.201 1.64457e+07
134.301 1.64452e+07
134.401 1.64443e+07
134.501 1.64439e+07
134.601 1.64431e+07
134.701 1.64428e+07
134.801 1.6442e+07
134.901 1.64418e+07
135.001 1.64412e+07
135.101 1.6441e+07
135.201 1.64405e+07
135.301 1.64404e+07
135.401 1.644e+07
135.501 1.644e+07
135.601 1.64398e+07
135.701 1.64397e+07
135.801 1.64398e+07
135.901 1.64396e+07
136.001 1.64398e+07
136.101 1.64397e+07
136.201 1.64399e+07
136.301 1.644e+07
136.401 1.64403e+07
136.501 1.64405e+07
136.601 1.64408e+07
136.701 1.64411e+07
136.801 1.64415e+07
136.901 1.64419e+07
137.001 1.64424e+07
137.101 1.64429e+07
137.201 1.64435e+07
137.301 1.64441e+07
137.401 1.64447e+07
137.501 1.64453e+07
137.601 1.64459e+07
137.701 1.64465e+07
137.801 1.64471e+07
137.901 1.64477e+07
138.001 1.64483e+07
138.101 1.64488e+07
138.201 1.64494e+07
138.301 1.645e+07
138.401 1.64506e+07
138.501 1.64512e+07
138.601 1.64518e+07
138.701 1.64523e+07
138.801 1.64529e+07
138.901 1.64535e+07
139.001 1.64541e+07
139.101 1.64546e+07
139.201 1.64552e+07
139.301 1.64558e+07
139.401 1.64564e+07
139.501 1.6457e+07
139.601 1.64575e+07
139.701 1.64581e+07
139.801 1.64587e+07
139.901 1.64592e+07
140.001 1.64598e+07
140.101 1.64604e+07
140.201 1.6461e+07
140.301 1.64615e+07
140.401 1.64621e+07
140.501 1.64627e+07
140.601 1.64632e+07
140.701 1.64638e+07
140.801 1.64644e+07
140.901 1.64649e+07
141.001 1.64655e+07
141.101 1.64661e+07
141.201 1.64666e+07
141.301 1.64672e+07
141.401 1.64677e+07
141.501 1.64683e+07
141.601 1.64688e+07
141.701 1.64694e+07
141.801 1.647e+07
141.901 1.64705e+07
142.001 1.64711e+07
142.101 1.64716e+07
142.201 1.64722e+07
142.301 1.64727e+07
142.401 1.64733e+07
142.501 1.64738e+07
142.601 1.64744e+07
142.701 1.64749e+07
142.801 1.64755e+07
142.901 1.6476e+07
143.001 1.64766e+07
143.101 1.64771e+07
143.201 1.64777e+07
143.301 1.64782e+07
143.401 1.64788e+07
143.501 1.64793e+07
143.601 1.64799e+07
143.701 1.64804e+07
143.801 1.64809e+07
143.901 1.64815e+07
144.001 1.6482e+07
144.101 1.64826e+07
144.201 1.64831e+07
144.301 1.64836e+07
144.401 1.64842e+07
144.501 1.64847e+07
144.601 1.64852e+07
144.701 1.64858e+07
144.801 1.64863e+07
144.901 1.64868e+07
145.001 1.64874e+07
145.101 1.64879e+07
145.201 1.64884e+07
145.301 1.6489e+07
145.401 1.64895e+07
145.501 1.649e+07
145.601 1.64906e+07
145.701 1.64911e+07
145.801 1.64916e+07
145.901 1.64921e+07
146.001 1.64927e+07
146.101 1.64932e+07
146.201 1.64937e+07
146.301 1.64942e+07
146.401 1.64948e+07
146.501 1.64953e+07
146.601 1.64958e+07
146.701 1.64963e+07
146.801 1.64968e+07
146.901 1.64974e+07
147.001 1.64979e+07
147.101 1.64984e+07
147.201 1.64989e+07
147.301 1.64994e+07
147.401 1.64999e+07
147.501 1.65005e+07
147.601 1.6501e+07
147.701 1.65015e+07
147.801 1.6502e+07
147.901 1.65025e+07
148.001 1.6503e+07
148.101 1.65035e+07
148.201 1.6504e+07
148.301 1.65045e+07
148.401 1.6505e+07
148.501 1.65056e+07
148.601 1.65061e+07
148.701 1.65066e+07
148.801 1.65071e+07
148.901 1.65076e+07
149.001 1.65081e+07
149.101 1.65086e+07
149.201 1.65091e+07
149.301 1.65096e+07
149.401 1.65101e+07
149.501 1.65106e+07
149.601 1.65111e+07
149.701 1.65116e+07
149.801 1.65121e+07
149.901 1.65126e+07
150.001 1.65131e+07
150.101 1.65136e+07
150.201 1.65141e+07
150.301 1.65146e+07
150.401 1.65151e+07
150.501 1.65156e+07
150.601 1.65161e+07
150.701 1.65166e+07
150.801 1.65171e+07
150.901 1.65175e+07
151.001 1.6518e+07
151.101 1.65185e+07
151.201 1.6519e+07
151.301 1.65195e+07
151.401 1.652e+07
151.501 1.65194e+07
151.601 1.6519e+07
151.701 1.6517e+07
151.801 1.65146e+07
151.901 1.65125e+07
152.001 1.65103e+07
152.101 1.65081e+07
152.201 1.65062e+07
152.301 1.65038e+07
152.401 1.65023e+07
152.501 1.64997e+07
152.601 1.64982e+07
152.701 1.64958e+07
152.801 1.64943e+07
152.901 1.6492e+07
153.001 1.64906e+07
153.101 1.64883e+07
153.201 1.64869e+07
153.301 1.64847e+07
153.401 1.64834e+07
153.501 1.64813e+07
153.601 1.64801e+07
153.701 1.64781e+07
153.801 1.64769e+07
153.901 1.64751e+07
154.001 1.64739e+07
154.101 1.64723e+07
154.201 1.6471e+07
154.301 1.64697e+07
154.401 1.64682e+07
154.501 1.64672e+07
154.601 1.64656e+07
154.701 1.64647e+07
154.801 1.64631e+07
154.901 1.64623e+07
155.001 1.64608e+07
155.101 1.646e+07
155.201 1.64586e+07
155.301 1.64579e+07
155.401 1.64566e+07
155.501 1.64559e+07
155.601 1.64547e+07
155.701 1.64541e+07
155.801 1.6453e+07
155.901 1.64524e+07
156.001 1.64514e+07
156.101 1.64509e+07
156.201 1.64499e+07
156.301 1.64495e+07
156.401 1.64488e+07
156.501 1.64483e+07
156.601 1.64479e+07
156.701 1.64472e+07
156.801 1.64469e+07
156.901 1.64463e+07
157.001 1.6446e+07
157.101 1.64455e+07
157.201 1.64453e+07
157.301 1.64449e+07
157.401 1.64448e+07
157.501 1.64444e+07
157.601 1.64444e+07
157.701 1.64441e+07
157.801 1.64441e+07
157.901 1.64439e+07
158.001 1.6444e+07
158.101 1.64439e+07
158.201 1.64441e+07
158.301 1.64441e+07
158.401 1.64443e+07
158.501 1.64444e+07
158.601 1.64446e+07
158.701 1.64449e+07
158.801 1.64451e+07
158.901 1.64455e+07
159.001 1.64458e+07
159.101 1.64462e+07
159.201 1.64467e+07
159.301 1.64471e+07
159.401 1.64476e+07
159.501 1.64481e+07
159.601 1.64487e+07
159.701 1.64492e+07
159.801 1.64497e+07
159.901 1.64502e+07
160.001 1.64507e+07
160.101 1.64512e+07
160.201 1.64517e+07
160.301 1.64522e+07
160.401 1.64527e+07
160.501 1.64532e+07
160.601 1.64537e+07
160.701 1.64542e+07
160.801 1.64547e+07
160.901 1.64552e+07
161.001 1.64557e+07
161.101 1.64562e+07
161.201 1.64567e+07
161.301 1.64572e+07
161.401 1.64577e+07
161.501 1.64582e+07
161.601 1.64587e+07
161.701 1.64592e+07
161.801 1.64597e+07
161.901 1.64601e+07
162.001 1.64606e+07
162.101 1.64611e+07
162.201 1.64616e+07
162.301 1.64621e+07
162.401 1.64626e+07
162.501 1.64631e+07
162.601 1.64636e+07
162.701 1.64641e+07
162.801 1.64646e+07
162.901 1.64651e+07
163.001 1.64655e+07
163.101 1.6466e+07
163.201 1.64665e+07
163.301 1.6467e+07
163.401 1.64675e+07
163.501 1.6468e+07
163.601 1.64685e+07
163.701 1.64689e+07
163.801 1.64694e+07
163.901 1.64699e+07
164.001 1.64704e+07
164.101 1.64709e+07
164.201 1.64713e+07
164.301 1.64718e+07
164.401 1.64723e+07
164.501 1.64728e+07
164.601 1.64733e+07
164.701 1.64737e+07
164.801 1.64742e+07
164.901 1.64747e+07
165.001 1.64752e+07
165.101 1.64756e+07
165.201 1.64761e+07
165.301 1.64766e+07
165.401 1.64771e+07
165.501 1.64775e+07
165.601 1.6478e+07
165.701 1.64785e+07
165.801 1.6479e+07
165.901 1.64794e+07
166.001 1.64799e+07
166.101 1.64803e+07
166.201 1.64808e+07
166.301 1.64813e+07
166.401 1.64818e+07
166.501 1.64822e+07
166.601 1.64827e+07
166.701 1.64832e+07
166.801 1.64836e+07
166.901 1.64841e+07
167.001 1.64846e+07
167.101 1.6485e+07
167.201 1.64855e+07
167.301 1.64859e+07
167.401 1.64864e+07
167.501 1.64869e+07
167.601 1.64873e+07
167.701 1.64878e+07
167.801 1.64882e+07
167.901 1.64887e+07
168.001 1.64892e+07
168.101 1.64896e+07
168.201 1.64901e+07
168.301 1.64905e+07
168.401 1.6491e+07
168.501 1.64914e+07
168.601 1.64919e+07
168.701 1.64924e+07
168.801 1.64928e+07
168.901 1.64933e+07
169.001 1.64937e+07
169.101 1.64942e+07
169.201 1.64946e+07
169.301 1.64951e+07
169.401 1.64955e+07
169.501 1.6496e+07
169.601 1.64964e+07
169.701 1.64969e+07
169.801 1.64973e+07
169.901 1.64978e+07
170.001 1.64982e+07
170.101 1.64987e+07
170.201 1.64991e+07
170.301 1.64996e+07
170.401 1.65e+07
170.501 1.65004e+07
170.601 1.65009e+07
170.701 1.65013e+07
170.801 1.65018e+07
170.901 1.65022e+07
171.001 1.65027e+07
171.101 1.65031e+07
171.201 1.65036e+07
171.301 1.6504e+07
171.401 1.65044e+07
171.501 1.65049e+07
171.601 1.65053e+07
171.701 1.65057e+07
171.801 1.65062e+07
171.901 1.65066e+07
172.001 1.65071e+07
172.101 1.65075e+07
172.201 1.65079e+07
172.301 1.65084e+07
172.401 1.65088e+07
172.501 1.65092e+07
172.601 1.65097e+07
172.701 1.65101e+07
172.801 1.65105e+07
172.901 1.6511e+07
173.001 1.65114e+07
173.101 1.65118e+07
173.201 1.65123e+07
173.301 1.65127e+07
173.401 1.65131e+07
173.501 1.65136e+07
173.601 1.6514e+07
173.701 1.65135e+07
173.801 1.65119e+07
173.901 1.65094e+07
174.001 1.6508e+07
174.101 1.65055e+07
174.201 1.65041e+07
174.301 1.65018e+07
174.401 1.65004e+07
174.501 1.64981e+07
174.601 1.64968e+07
174.701 1.64948e+07
174.801 1.64933e+07
174.901 1.64915e+07
175.001 1.64899e+07
175.101 1.64884e+07
175.201 1.64867e+07
175.301 1.64854e+07
175.401 1.64836e+07
175.501 1.64825e+07
175.601 1.64806e+07
175.701 1.64795e+07
175.801 1.64777e+07
175.901 1.64767e+07
176.001 1.6475e+07
176.101 1.6474e+07
176.201 1.64724e+07
176.301 1.64715e+07
176.401 1.64699e+07
176.501 1.6469e+07
176.601 1.64675e+07
176.701 1.64667e+07
176.801 1.64653e+07
176.901 1.64645e+07
177.001 1.64632e+07
177.101 1.64625e+07
177.201 1.64614e+07
177.301 1.64605e+07
177.401 1.64597e+07
177.501 1.64587e+07
177.601 1.64581e+07
177.701 1.6457e+07
177.801 1.64565e+07
177.901 1.64555e+07
178.001 1.6455e+07
178.101 1.64541e+07
178.201 1.64536e+07
178.301 1.64528e+07
178.401 1.64524e+07
178.501 1.64516e+07
178.601 1.64513e+07
178.701 1.64506e+07
178.801 1.64503e+07
178.901 1.64497e+07
179.001 1.64495e+07
179.101 1.64489e+07
179.201 1.64488e+07
179.301 1.64483e+07
179.401 1.64482e+07
179.501 1.64479e+07
179.601 1.64477e+07
179.701 1.64477e+07
179.801 1.64474e+07
179.901 1.64474e+07
180.001 1.64473e+07
180.101 1.64473e+07
180.201 1.64472e+07
180.301 1.64473e+07
180.401 1.64473e+07
180.501 1.64475e+07
180.601 1.64476e+07
180.701 1.64478e+07
180.801 1.64479e+07
180.901 1.64482e+07
181.001 1.64484e+07
181.101 1.64488e+07
181.201 1.64491e+07
181.301 1.64495e+07
181.401 1.64499e+07
181.501 1.64503e+07
181.601 1.64507e+07
181.701 1.64512e+07
181.801 1.64516e+07
181.901 1.64521e+07
182.001 1.64525e+07
182.101 1.6453e+07
182.201 1.64534e+07
182.301 1.64538e+07
182.401 1.64543e+07
182.501 1.64547e+07
182.601 1.64552e+07
182.701 1.64556e+07
182.801 1.6456e+07
182.901 1.64565e+07
183.001 1.64569e+07
183.101 1.64574e+07
183.201 1.64578e+07
183.301 1.64582e+07
183.401 1.64587e+07
183.501 1.64591e+07
183.601 1.64595e+07
183.701 1.646e+07
183.801 1.64604e+07
183.901 1.64608e+07
184.001 1.64613e+07
184.101 1.64617e+07
184.201 1.64621e+07
184.301 1.64626e+07
184.401 1.6463e+07
184.501 1.64634e+07
184.601 1.64639e+07
184.701 1.64643e+07
184.801 1.64647e+07
184.901 1.64652e+07
185.001 1.64656e+07
185.101 1.6466e+07
185.201 1.64664e+07
185.301 1.64669e+07
185.401 1.64673e+07
185.501 1.64677e+07
185.601 1.64681e+07
185.701 1.64686e+07
185.801 1.6469e+07
185.901 1.64694e+07
186.001 1.64698e+07
186.101 1.64703e+07
186.201 1.64707e+07
186.301 1.64711e+07
186.401 1.64715e+07
186.501 1.6472e+07
186.601 1.64724e+07
186.701 1.64728e+07
186.801 1.64732e+07
186.901 1.64737e+07
187.001 1.64741e+07
187.101 1.64745e+07
187.201 1.64749e+07
187.301 1.64753e+07
187.401 1.64758e+07
187.501 1.64762e+07
187.601 1.64766e+07
187.701 1.6477e+07
187.801 1.64774e+07
187.901 1.64778e+07
188.001 1.64783e+07
188.101 1.64787e+07
188.201 1.64791e+07
188.301 1.64795e+07
188.401 1.64799e+07
188.501 1.64803e+07
188.601 1.64807e+07
188.701 1.64811e+07
188.801 1.64816e+07
188.901 1.6482e+07
189.001 1.64824e+07
189.101 1.64828e+07
189.201 1.64832e+07
189.301 1.64836e+07
189.401 1.6484e+07
189.501 1.64844e+07
189.601 1.64848e+07
189.701 1.64852e+07
189.801 1.64856e+07
189.901 1.64861e+07
190.001 1.64865e+07
190.101 1.64869e+07
190.201 1.64873e+07
190.301 1.64877e+07
190.401 1.64881e+07
190.501 1.64885e+07
190.601 1.64889e+07
190.701 1.64893e+07
190.801 1.64897e+07
190.901 1.64901e+07
191.001 1.64905e+07
191.101 1.64909e+07
191.201 1.64913e+07
191.301 1.64917e+07
191.401 1.64921e+07
191.501 1.64925e+07
191.601 1.64929e+07
191.701 1.64933e+07
191.801 1.64937e+07
191.901 1.64941e+07
192.001 1.64945e+07
192.101 1.64949e+07
192.201 1.64953e+07
192.301 1.64957e+07
192.401 1.64961e+07
192.501 1.64965e+07
192.601 1.64969e+07
192.701 1.64973e+07
192.801 1.64977e+07
192.901 1.64981e+07
193.001 1.64985e+07
193.101 1.64989e+07
193.201 1.64993e+07
193.301 1.64996e+07
193.401 1.65e+07
193.501 1.65004e+07
193.601 1.65008e+07
193.701 1.65012e+07
193.801 1.65016e+07
193.901 1.6502e+07
194.001 1.65024e+07
194.101 1.65028e+07
194.201 1.65032e+07
194.301 1.65036e+07
194.401 1.65039e+07
194.501 1.65043e+07
194.601 1.65047e+07
194.701 1.65051e+07
194.801 1.65055e+07
194.901 1.65059e+07
195.001 1.65063e+07
195.101 1.65066e+07
195.201 1.6507e+07
195.301 1.65074e+07
195.401 1.65078e+07
195.501 1.65082e+07
195.601 1.65086e+07
195.701 1.6509e+07
195.801 1.65052e+07
195.901 1.65076e+07
196.001 1.65058e+07
196.101 1.65043e+07
196.201 1.65023e+07
196.301 1.6501e+07
196.401 1.64989e+07
196.501 1.64977e+07
196.601 1.64957e+07
196.701 1.64945e+07
196.801 1.64925e+07
196.901 1.64914e+07
197.001 1.64895e+07
197.101 1.64884e+07
197.201 1.64866e+07
197.301 1.64855e+07
197.401 1.64837e+07
197.501 1.64827e+07
197.601 1.6481e+07
197.701 1.648e+07
197.801 1.64785e+07
197.901 1.64775e+07
198.001 1.64761e+07
198.101 1.6475e+07
198.201 1.64739e+07
198.301 1.64714e+07
198.401 1.64631e+07
198.501 1.64548e+07
198.601 1.64465e+07
198.701 1.64382e+07
198.801 1.643e+07
198.901 1.64217e+07
199.001 1.64134e+07
199.101 1.64052e+07
199.201 1.6397e+07
199.301 1.63887e+07
199.401 1.63805e+07
199.501 1.63723e+07
199.601 1.63641e+07
199.701 1.63559e+07
199.801 1.63477e+07
199.901 1.63396e+07
200.001 1.63314e+07
