0.001 0
0.101 0
0.201 1.39383e+06
0.301 3.41581e+06
0.401 4.93127e+06
0.501 6.44982e+06
0.601 8.22789e+06
0.701 9.09124e+06
0.801 7.95625e+06
0.901 9.54264e+06
1.001 1.0342e+07
1.101 1.05514e+07
1.201 1.1462e+07
1.301 1.27574e+07
1.401 1.26603e+07
1.501 1.26341e+07
1.601 1.27098e+07
1.701 1.27461e+07
1.801 1.27724e+07
1.901 1.27987e+07
2.001 1.287e+07
2.101 1.29475e+07
2.201 1.29969e+07
2.301 1.30503e+07
2.401 1.31185e+07
2.501 1.32074e+07
2.601 1.328e+07
2.701 1.33462e+07
2.801 1.34174e+07
2.901 1.35072e+07
3.001 1.35955e+07
3.101 1.3671e+07
3.201 1.37445e+07
3.301 1.38332e+07
3.401 1.39215e+07
3.501 1.40087e+07
3.601 1.40955e+07
3.701 1.41813e+07
3.801 1.42619e+07
3.901 1.43391e+07
4.001 1.44117e+07
4.101 1.44815e+07
4.201 1.45472e+07
4.301 1.46106e+07
4.401 1.46704e+07
4.501 1.47282e+07
4.601 1.47829e+07
4.701 1.48359e+07
4.801 1.48866e+07
4.901 1.49347e+07
5.001 1.49815e+07
5.101 1.50259e+07
5.201 1.5069e+07
5.301 1.51101e+07
5.401 1.51501e+07
5.501 1.51882e+07
5.601 1.52254e+07
5.701 1.51759e+07
5.801 1.52125e+07
5.901 1.52488e+07
6.001 1.52453e+07
6.101 1.52406e+07
6.201 1.52164e+07
6.301 1.52227e+07
6.401 1.52305e+07
6.501 1.52401e+07
6.601 1.52342e+07
6.701 1.52496e+07
6.801 1.52662e+07
6.901 1.52842e+07
7.001 1.52974e+07
7.101 1.53206e+07
7.201 1.53455e+07
7.301 1.53719e+07
7.401 1.53972e+07
7.501 1.54222e+07
7.601 1.54461e+07
7.701 1.54698e+07
7.801 1.54926e+07
7.901 1.55151e+07
8.001 1.55367e+07
8.101 1.55582e+07
8.201 1.55787e+07
8.301 1.55991e+07
8.401 1.56187e+07
8.501 1.56382e+07
8.601 1.56568e+07
8.701 1.56754e+07
8.801 1.56932e+07
8.901 1.5711e+07
9.001 1.5728e+07
9.101 1.5745e+07
9.201 1.57613e+07
9.301 1.57775e+07
9.401 1.56719e+07
9.501 1.5689e+07
9.601 1.57718e+07
9.701 1.57458e+07
9.801 1.57414e+07
9.901 1.57387e+07
10.001 1.57372e+07
10.101 1.57233e+07
10.201 1.57262e+07
10.301 1.57298e+07
10.401 1.57347e+07
10.501 1.57338e+07
10.601 1.57427e+07
10.701 1.57524e+07
10.801 1.57635e+07
10.901 1.57758e+07
11.001 1.57894e+07
11.101 1.58028e+07
11.201 1.58156e+07
11.301 1.58285e+07
11.401 1.58409e+07
11.501 1.58534e+07
11.601 1.58654e+07
11.701 1.58774e+07
11.801 1.5889e+07
11.901 1.59006e+07
12.001 1.59118e+07
12.101 1.5923e+07
12.201 1.59339e+07
12.301 1.59448e+07
12.401 1.59552e+07
12.501 1.59658e+07
12.601 1.59759e+07
12.701 1.59861e+07
12.801 1.5996e+07
12.901 1.60059e+07
13.001 1.60099e+07
13.101 1.60198e+07
13.201 1.59986e+07
13.301 1.59914e+07
13.401 1.59855e+07
13.501 1.59805e+07
13.601 1.59644e+07
13.701 1.59627e+07
13.801 1.59621e+07
13.901 1.59623e+07
14.001 1.59561e+07
14.101 1.59591e+07
14.201 1.59632e+07
14.301 1.59679e+07
14.401 1.59715e+07
14.501 1.59794e+07
14.601 1.59882e+07
14.701 1.59968e+07
14.801 1.60054e+07
14.901 1.60137e+07
15.001 1.60221e+07
15.101 1.60302e+07
15.201 1.60384e+07
15.301 1.60462e+07
15.401 1.60542e+07
15.501 1.60619e+07
15.601 1.60696e+07
15.701 1.60773e+07
15.801 1.60847e+07
15.901 1.60922e+07
16.001 1.60994e+07
16.101 1.61066e+07
16.201 1.61137e+07
16.301 1.61208e+07
16.401 1.61276e+07
16.501 1.61346e+07
16.601 1.61412e+07
16.701 1.61044e+07
16.801 1.61115e+07
16.901 1.61332e+07
17.001 1.61269e+07
17.101 1.611e+07
17.201 1.61062e+07
17.301 1.61032e+07
17.401 1.61012e+07
17.501 1.60926e+07
17.601 1.60927e+07
17.701 1.60935e+07
17.801 1.60952e+07
17.901 1.60942e+07
18.001 1.6098e+07
18.101 1.61027e+07
18.201 1.61084e+07
18.301 1.61146e+07
18.401 1.61209e+07
18.501 1.6127e+07
18.601 1.61331e+07
18.701 1.61391e+07
18.801 1.61451e+07
18.901 1.61509e+07
19.001 1.61568e+07
19.101 1.61625e+07
19.201 1.61683e+07
19.301 1.61739e+07
19.401 1.61795e+07
19.501 1.6185e+07
19.601 1.61905e+07
19.701 1.61959e+07
19.801 1.62013e+07
19.901 1.62066e+07
20.001 1.62119e+07
20.101 1.6217e+07
20.201 1.62222e+07
20.301 1.62274e+07
20.401 1.61645e+07
20.501 1.61701e+07
20.601 1.62087e+07
20.701 1.62038e+07
20.801 1.61996e+07
20.901 1.6196e+07
21.001 1.61858e+07
21.101 1.61844e+07
21.201 1.61835e+07
21.301 1.61831e+07
21.401 1.61797e+07
21.501 1.6181e+07
21.601 1.61831e+07
21.701 1.61859e+07
21.801 1.61895e+07
21.901 1.61937e+07
22.001 1.61986e+07
22.101 1.62033e+07
22.201 1.62081e+07
22.301 1.62128e+07
22.401 1.62175e+07
22.501 1.62221e+07
22.601 1.62267e+07
22.701 1.62312e+07
22.801 1.62358e+07
22.901 1.62402e+07
23.001 1.62447e+07
23.101 1.6249e+07
23.201 1.62534e+07
23.301 1.62577e+07
23.401 1.6262e+07
23.501 1.62662e+07
23.601 1.62704e+07
23.701 1.62746e+07
23.801 1.62787e+07
23.901 1.62828e+07
24.001 1.62738e+07
24.101 1.6278e+07
24.201 1.62754e+07
24.301 1.62704e+07
24.401 1.62659e+07
24.501 1.62547e+07
24.601 1.6252e+07
24.701 1.625e+07
24.801 1.62484e+07
24.901 1.6244e+07
25.001 1.62428e+07
25.101 1.62434e+07
25.201 1.62444e+07
25.301 1.6246e+07
25.401 1.62471e+07
25.501 1.62505e+07
25.601 1.62543e+07
25.701 1.62583e+07
25.801 1.62621e+07
25.901 1.6266e+07
26.001 1.62698e+07
26.101 1.62736e+07
26.201 1.62773e+07
26.301 1.62811e+07
26.401 1.62848e+07
26.501 1.62885e+07
26.601 1.62922e+07
26.701 1.62958e+07
26.801 1.62994e+07
26.901 1.63029e+07
27.001 1.63065e+07
27.101 1.631e+07
27.201 1.63135e+07
27.301 1.63169e+07
27.401 1.63204e+07
27.501 1.63238e+07
27.601 1.63272e+07
27.701 1.62955e+07
27.801 1.62991e+07
27.901 1.63203e+07
28.001 1.63091e+07
28.101 1.63048e+07
28.201 1.63019e+07
28.301 1.62993e+07
28.401 1.62942e+07
28.501 1.62914e+07
28.601 1.62908e+07
28.701 1.62906e+07
28.801 1.62909e+07
28.901 1.62896e+07
29.001 1.62914e+07
29.101 1.62936e+07
29.201 1.62964e+07
29.301 1.62998e+07
29.401 1.6303e+07
29.501 1.63063e+07
29.601 1.63094e+07
29.701 1.63127e+07
29.801 1.63158e+07
29.901 1.6319e+07
30.001 1.63221e+07
30.101 1.63252e+07
30.201 1.63283e+07
30.301 1.63314e+07
30.401 1.63344e+07
30.501 1.63375e+07
30.601 1.63404e+07
30.701 1.63435e+07
30.801 1.63464e+07
30.901 1.63494e+07
31.001 1.63523e+07
31.101 1.63552e+07
31.201 1.63582e+07
31.301 1.6361e+07
31.401 1.6312e+07
31.501 1.63532e+07
31.601 1.63476e+07
31.701 1.63439e+07
31.801 1.63408e+07
31.901 1.63351e+07
32.001 1.63309e+07
32.101 1.63294e+07
32.201 1.63284e+07
32.301 1.63277e+07
32.401 1.63248e+07
32.501 1.63254e+07
32.601 1.63264e+07
32.701 1.63278e+07
32.801 1.63293e+07
32.901 1.63322e+07
33.001 1.63349e+07
33.101 1.63377e+07
33.201 1.63405e+07
33.301 1.63433e+07
33.401 1.6346e+07
33.501 1.63487e+07
33.601 1.63514e+07
33.701 1.63541e+07
33.801 1.63568e+07
33.901 1.63595e+07
34.001 1.63621e+07
34.101 1.63647e+07
34.201 1.63673e+07
34.301 1.637e+07
34.401 1.63725e+07
34.501 1.63751e+07
34.601 1.63776e+07
34.701 1.63802e+07
34.801 1.63827e+07
34.901 1.63852e+07
35.001 1.63718e+07
35.101 1.63744e+07
35.201 1.63793e+07
35.301 1.63755e+07
35.401 1.63694e+07
35.501 1.63641e+07
35.601 1.63619e+07
35.701 1.63602e+07
35.801 1.63587e+07
35.901 1.63546e+07
36.001 1.63543e+07
36.101 1.63544e+07
36.201 1.63549e+07
36.301 1.63544e+07
36.401 1.6356e+07
36.501 1.63581e+07
36.601 1.63606e+07
36.701 1.6363e+07
36.801 1.63655e+07
36.901 1.63678e+07
37.001 1.63703e+07
37.101 1.63726e+07
37.201 1.63751e+07
37.301 1.63774e+07
37.401 1.63798e+07
37.501 1.63822e+07
37.601 1.63845e+07
37.701 1.63868e+07
37.801 1.63891e+07
37.901 1.63914e+07
38.001 1.63937e+07
38.101 1.6396e+07
38.201 1.63982e+07
38.301 1.64005e+07
38.401 1.64027e+07
38.501 1.64049e+07
38.601 1.64071e+07
38.701 1.63779e+07
38.801 1.63803e+07
38.901 1.63989e+07
39.001 1.63927e+07
39.101 1.63901e+07
39.201 1.63877e+07
39.301 1.63855e+07
39.401 1.63804e+07
39.501 1.63795e+07
39.601 1.63788e+07
39.701 1.63784e+07
39.801 1.63766e+07
39.901 1.63773e+07
40.001 1.63783e+07
40.101 1.63798e+07
40.201 1.63816e+07
40.301 1.63838e+07
40.401 1.6386e+07
40.501 1.63881e+07
40.601 1.63903e+07
40.701 1.63924e+07
40.801 1.63945e+07
40.901 1.63966e+07
41.001 1.63987e+07
41.101 1.64008e+07
41.201 1.64029e+07
41.301 1.6405e+07
41.401 1.64071e+07
41.501 1.64091e+07
41.601 1.64111e+07
41.701 1.64131e+07
41.801 1.64152e+07
41.901 1.64172e+07
42.001 1.64192e+07
42.101 1.64212e+07
42.201 1.64232e+07
42.301 1.64217e+07
42.401 1.64238e+07
42.501 1.6418e+07
42.601 1.64148e+07
42.701 1.64119e+07
42.801 1.64091e+07
42.901 1.64032e+07
43.001 1.64017e+07
43.101 1.64005e+07
43.201 1.63995e+07
43.301 1.63965e+07
43.401 1.63965e+07
43.501 1.63968e+07
43.601 1.63974e+07
43.701 1.63976e+07
43.801 1.63992e+07
43.901 1.64012e+07
44.001 1.64031e+07
44.101 1.64051e+07
44.201 1.6407e+07
44.301 1.64089e+07
44.401 1.64108e+07
44.501 1.64127e+07
44.601 1.64146e+07
44.701 1.64165e+07
44.801 1.64184e+07
44.901 1.64203e+07
45.001 1.64221e+07
45.101 1.6424e+07
45.201 1.64258e+07
45.301 1.64277e+07
45.401 1.64295e+07
45.501 1.64313e+07
45.601 1.64332e+07
45.701 1.64349e+07
45.801 1.64368e+07
45.901 1.64385e+07
46.001 1.64229e+07
46.101 1.64248e+07
46.201 1.64336e+07
46.301 1.64303e+07
46.401 1.64238e+07
46.501 1.64217e+07
46.601 1.642e+07
46.701 1.64185e+07
46.801 1.64146e+07
46.901 1.6414e+07
47.001 1.64136e+07
47.101 1.64136e+07
47.201 1.64125e+07
47.301 1.64133e+07
47.401 1.64145e+07
47.501 1.64159e+07
47.601 1.64177e+07
47.701 1.64194e+07
47.801 1.64212e+07
47.901 1.64229e+07
48.001 1.64247e+07
48.101 1.64264e+07
48.201 1.64281e+07
48.301 1.64299e+07
48.401 1.64316e+07
48.501 1.64333e+07
48.601 1.6435e+07
48.701 1.64367e+07
48.801 1.64384e+07
48.901 1.644e+07
49.001 1.64417e+07
49.101 1.64434e+07
49.201 1.64451e+07
49.301 1.64467e+07
49.401 1.64483e+07
49.501 1.645e+07
49.601 1.64516e+07
49.701 1.64239e+07
49.801 1.64497e+07
49.901 1.64426e+07
50.001 1.64401e+07
50.101 1.64378e+07
50.201 1.64359e+07
50.301 1.64312e+07
50.401 1.643e+07
50.501 1.64292e+07
50.601 1.64286e+07
50.701 1.64265e+07
50.801 1.64267e+07
50.901 1.64271e+07
51.001 1.64278e+07
51.101 1.64286e+07
51.201 1.64302e+07
51.301 1.64318e+07
51.401 1.64334e+07
51.501 1.6435e+07
51.601 1.64366e+07
51.701 1.64382e+07
51.801 1.64398e+07
51.901 1.64414e+07
52.001 1.64429e+07
52.101 1.64445e+07
52.201 1.6446e+07
52.301 1.64476e+07
52.401 1.64491e+07
52.501 1.64507e+07
52.601 1.64522e+07
52.701 1.64538e+07
52.801 1.64553e+07
52.901 1.64568e+07
53.001 1.64584e+07
53.101 1.64598e+07
53.201 1.64614e+07
53.301 1.64555e+07
53.401 1.64571e+07
53.501 1.6457e+07
53.601 1.64544e+07
53.701 1.6452e+07
53.801 1.64465e+07
53.901 1.6445e+07
54.001 1.64437e+07
54.101 1.64426e+07
54.201 1.64396e+07
54.301 1.64393e+07
54.401 1.64392e+07
54.501 1.64393e+07
54.601 1.64389e+07
54.701 1.64398e+07
54.801 1.64411e+07
54.901 1.64426e+07
55.001 1.6444e+07
55.101 1.64455e+07
55.201 1.6447e+07
55.301 1.64485e+07
55.401 1.64499e+07
55.501 1.64514e+07
55.601 1.64528e+07
55.701 1.64543e+07
55.801 1.64557e+07
55.901 1.64572e+07
56.001 1.64586e+07
56.101 1.646e+07
56.201 1.64614e+07
56.301 1.64629e+07
56.401 1.64642e+07
56.501 1.64657e+07
56.601 1.64671e+07
56.701 1.64685e+07
56.801 1.64698e+07
56.901 1.64712e+07
57.001 1.64543e+07
57.101 1.64558e+07
57.201 1.64671e+07
57.301 1.6461e+07
57.401 1.6459e+07
57.501 1.64573e+07
57.601 1.64558e+07
57.701 1.64521e+07
57.801 1.64513e+07
57.901 1.64508e+07
58.001 1.64504e+07
58.101 1.64492e+07
58.201 1.64494e+07
58.301 1.645e+07
58.401 1.64508e+07
58.501 1.6452e+07
58.601 1.64534e+07
58.701 1.64547e+07
58.801 1.64561e+07
58.901 1.64574e+07
59.001 1.64588e+07
59.101 1.64602e+07
59.201 1.64615e+07
59.301 1.64629e+07
59.401 1.64642e+07
59.501 1.64656e+07
59.601 1.64669e+07
59.701 1.64682e+07
59.801 1.64695e+07
59.901 1.64708e+07
60.001 1.64721e+07
60.101 1.64735e+07
60.201 1.64747e+07
60.301 1.64761e+07
60.401 1.64773e+07
60.501 1.64787e+07
60.601 1.64799e+07
60.701 1.64532e+07
60.801 1.64747e+07
60.901 1.64724e+07
61.001 1.64703e+07
61.101 1.64684e+07
61.201 1.6464e+07
61.301 1.64628e+07
61.401 1.64618e+07
61.501 1.64611e+07
61.601 1.64594e+07
61.701 1.64588e+07
61.801 1.64589e+07
61.901 1.64592e+07
62.001 1.64597e+07
62.101 1.64603e+07
62.201 1.64616e+07
62.301 1.64629e+07
62.401 1.64641e+07
62.501 1.64654e+07
62.601 1.64667e+07
62.701 1.64679e+07
62.801 1.64692e+07
62.901 1.64704e+07
63.001 1.64717e+07
63.101 1.64729e+07
63.201 1.64742e+07
63.301 1.64754e+07
63.401 1.64767e+07
63.501 1.64779e+07
63.601 1.64791e+07
63.701 1.64804e+07
63.801 1.64816e+07
63.901 1.64828e+07
64.001 1.6484e+07
64.101 1.64852e+07
64.201 1.64864e+07
64.301 1.64778e+07
64.401 1.64791e+07
64.501 1.64827e+07
64.601 1.64805e+07
64.701 1.64758e+07
64.801 1.64739e+07
64.901 1.64726e+07
65.001 1.64714e+07
65.101 1.64693e+07
65.201 1.6468e+07
65.301 1.64677e+07
65.401 1.64676e+07
65.501 1.64676e+07
65.601 1.64672e+07
65.701 1.64679e+07
65.801 1.64689e+07
65.901 1.64701e+07
66.001 1.64713e+07
66.101 1.64725e+07
66.201 1.64737e+07
66.301 1.64749e+07
66.401 1.64761e+07
66.501 1.64772e+07
66.601 1.64784e+07
66.701 1.64796e+07
66.801 1.64808e+07
66.901 1.64819e+07
67.001 1.64831e+07
67.101 1.64842e+07
67.201 1.64854e+07
67.301 1.64865e+07
67.401 1.64877e+07
67.501 1.64888e+07
67.601 1.649e+07
67.701 1.64911e+07
67.801 1.64922e+07
67.901 1.64933e+07
68.001 1.64755e+07
68.101 1.64767e+07
68.201 1.64872e+07
68.301 1.64847e+07
68.401 1.6483e+07
68.501 1.64815e+07
68.601 1.6479e+07
68.701 1.64771e+07
68.801 1.64764e+07
68.901 1.64758e+07
69.001 1.64755e+07
69.101 1.64743e+07
69.201 1.64746e+07
69.301 1.6475e+07
69.401 1.64757e+07
69.501 1.64766e+07
69.601 1.64777e+07
69.701 1.64789e+07
69.801 1.648e+07
69.901 1.64811e+07
70.001 1.64822e+07
70.101 1.64833e+07
70.201 1.64844e+07
70.301 1.64855e+07
70.401 1.64866e+07
70.501 1.64877e+07
70.601 1.64888e+07
70.701 1.64899e+07
70.801 1.6491e+07
70.901 1.64921e+07
71.001 1.64932e+07
71.101 1.64942e+07
71.201 1.64953e+07
71.301 1.64964e+07
71.401 1.64974e+07
71.501 1.64985e+07
71.601 1.64965e+07
71.701 1.64976e+07
71.801 1.64951e+07
71.901 1.64931e+07
72.001 1.64913e+07
72.101 1.64885e+07
72.201 1.64859e+07
72.301 1.64849e+07
72.401 1.6484e+07
72.501 1.64833e+07
72.601 1.64814e+07
72.701 1.64813e+07
72.801 1.64814e+07
72.901 1.64816e+07
73.001 1.64816e+07
73.101 1.64825e+07
73.201 1.64835e+07
73.301 1.64846e+07
73.401 1.64856e+07
73.501 1.64867e+07
73.601 1.64877e+07
73.701 1.64888e+07
73.801 1.64898e+07
73.901 1.64909e+07
74.001 1.64919e+07
74.101 1.6493e+07
74.201 1.6494e+07
74.301 1.6495e+07
74.401 1.6496e+07
74.501 1.64971e+07
74.601 1.64981e+07
74.701 1.64991e+07
74.801 1.65001e+07
74.901 1.65011e+07
75.001 1.65022e+07
75.101 1.65032e+07
75.201 1.65042e+07
75.301 1.64935e+07
75.401 1.64946e+07
75.501 1.65009e+07
75.601 1.64978e+07
75.701 1.64947e+07
75.801 1.64933e+07
75.901 1.64922e+07
76.001 1.64911e+07
76.101 1.64887e+07
76.201 1.64882e+07
76.301 1.64879e+07
76.401 1.64877e+07
76.501 1.6487e+07
76.601 1.64874e+07
76.701 1.6488e+07
76.801 1.64888e+07
76.901 1.64898e+07
77.001 1.64908e+07
77.101 1.64918e+07
77.201 1.64928e+07
77.301 1.64938e+07
77.401 1.64948e+07
77.501 1.64958e+07
77.601 1.64967e+07
77.701 1.64977e+07
77.801 1.64987e+07
77.901 1.64997e+07
78.001 1.65006e+07
78.101 1.65016e+07
78.201 1.65026e+07
78.301 1.65036e+07
78.401 1.65045e+07
78.501 1.65055e+07
78.601 1.65064e+07
78.701 1.65074e+07
78.801 1.65083e+07
78.901 1.65093e+07
79.001 1.64908e+07
79.101 1.6507e+07
79.201 1.65034e+07
79.301 1.65017e+07
79.401 1.65002e+07
79.501 1.64989e+07
79.601 1.64959e+07
79.701 1.64951e+07
79.801 1.64944e+07
79.901 1.6494e+07
80.001 1.64926e+07
80.101 1.64926e+07
80.201 1.64928e+07
80.301 1.64932e+07
80.401 1.64936e+07
80.501 1.64945e+07
80.601 1.64955e+07
80.701 1.64964e+07
80.801 1.64974e+07
80.901 1.64983e+07
81.001 1.64992e+07
81.101 1.65002e+07
81.201 1.65011e+07
81.301 1.65021e+07
81.401 1.6503e+07
81.501 1.65039e+07
81.601 1.65048e+07
81.701 1.65058e+07
81.801 1.65067e+07
81.901 1.65076e+07
82.001 1.65085e+07
82.101 1.65094e+07
82.201 1.65103e+07
82.301 1.65113e+07
82.401 1.65121e+07
82.501 1.65131e+07
82.601 1.65084e+07
82.701 1.65093e+07
82.801 1.65101e+07
82.901 1.65083e+07
83.001 1.65067e+07
83.101 1.65031e+07
83.201 1.6502e+07
83.301 1.65011e+07
83.401 1.65004e+07
83.501 1.64984e+07
83.601 1.64981e+07
83.701 1.64979e+07
83.801 1.6498e+07
83.901 1.64976e+07
84.001 1.64981e+07
84.101 1.64989e+07
84.201 1.64998e+07
84.301 1.65007e+07
84.401 1.65016e+07
84.501 1.65024e+07
84.601 1.65034e+07
84.701 1.65042e+07
84.801 1.65051e+07
84.901 1.6506e+07
85.001 1.65069e+07
85.101 1.65078e+07
85.201 1.65087e+07
85.301 1.65095e+07
85.401 1.65104e+07
85.501 1.65113e+07
85.601 1.65122e+07
85.701 1.65131e+07
85.801 1.65139e+07
85.901 1.65148e+07
86.001 1.65156e+07
86.101 1.65165e+07
86.201 1.65174e+07
86.301 1.65053e+07
86.401 1.65062e+07
86.501 1.65144e+07
86.601 1.65104e+07
86.701 1.6509e+07
86.801 1.65078e+07
86.901 1.65068e+07
87.001 1.65043e+07
87.101 1.65037e+07
87.201 1.65033e+07
87.301 1.6503e+07
87.401 1.6502e+07
87.501 1.65022e+07
87.601 1.65025e+07
87.701 1.6503e+07
87.801 1.65037e+07
87.901 1.65045e+07
88.001 1.65054e+07
88.101 1.65063e+07
88.201 1.65071e+07
88.301 1.6508e+07
88.401 1.65088e+07
88.501 1.65097e+07
88.601 1.65105e+07
88.701 1.65113e+07
88.801 1.65122e+07
88.901 1.6513e+07
89.001 1.65139e+07
89.101 1.65147e+07
89.201 1.65156e+07
89.301 1.65164e+07
89.401 1.65172e+07
89.501 1.6518e+07
89.601 1.65189e+07
89.701 1.65197e+07
89.801 1.65205e+07
89.901 1.65208e+07
90.001 1.65024e+07
90.101 1.65177e+07
90.201 1.65161e+07
90.301 1.65146e+07
90.401 1.65133e+07
90.501 1.65103e+07
90.601 1.65094e+07
90.701 1.65087e+07
90.801 1.65082e+07
90.901 1.65066e+07
91.001 1.65065e+07
91.101 1.65065e+07
91.201 1.65067e+07
91.301 1.65066e+07
91.401 1.65073e+07
91.501 1.65081e+07
91.601 1.65089e+07
91.701 1.65098e+07
91.801 1.65106e+07
91.901 1.65114e+07
92.001 1.65122e+07
92.101 1.6513e+07
92.201 1.65138e+07
92.301 1.65146e+07
92.401 1.65155e+07
92.501 1.65162e+07
92.601 1.65171e+07
92.701 1.65179e+07
92.801 1.65187e+07
92.901 1.65194e+07
93.001 1.65203e+07
93.101 1.6521e+07
93.201 1.65218e+07
93.301 1.65226e+07
93.401 1.65234e+07
93.501 1.65242e+07
93.601 1.65174e+07
93.701 1.65183e+07
93.801 1.65215e+07
93.901 1.652e+07
94.001 1.65165e+07
94.101 1.65153e+07
94.201 1.65144e+07
94.301 1.65135e+07
94.401 1.65115e+07
94.501 1.65111e+07
94.601 1.65108e+07
94.701 1.65107e+07
94.801 1.65101e+07
94.901 1.65103e+07
95.001 1.65108e+07
95.101 1.65115e+07
95.201 1.65122e+07
95.301 1.6513e+07
95.401 1.65138e+07
95.501 1.65146e+07
95.601 1.65153e+07
95.701 1.65161e+07
95.801 1.65169e+07
95.901 1.65177e+07
96.001 1.65184e+07
96.101 1.65192e+07
96.201 1.652e+07
96.301 1.65208e+07
96.401 1.65215e+07
96.501 1.65223e+07
96.601 1.65231e+07
96.701 1.65238e+07
96.801 1.65246e+07
96.901 1.65253e+07
97.001 1.65261e+07
97.101 1.65268e+07
97.201 1.65276e+07
97.301 1.65143e+07
97.401 1.65151e+07
97.501 1.65228e+07
97.601 1.65214e+07
97.701 1.65201e+07
97.801 1.6519e+07
97.901 1.65166e+07
98.001 1.65159e+07
98.101 1.65154e+07
98.201 1.65149e+07
98.301 1.65141e+07
98.401 1.65138e+07
98.501 1.65139e+07
98.601 1.65142e+07
98.701 1.65147e+07
98.801 1.65153e+07
98.901 1.6516e+07
99.001 1.65168e+07
99.101 1.65175e+07
99.201 1.65183e+07
99.301 1.6519e+07
99.401 1.65198e+07
99.501 1.65205e+07
99.601 1.65212e+07
99.701 1.6522e+07
99.801 1.65227e+07
99.901 1.65235e+07
100.001 1.65242e+07
100.101 1.65249e+07
100.201 1.65257e+07
100.301 1.65264e+07
100.401 1.65271e+07
100.501 1.65279e+07
100.601 1.65286e+07
100.701 1.65293e+07
100.801 1.653e+07
100.901 1.65278e+07
101.001 1.65286e+07
101.101 1.65275e+07
101.201 1.65261e+07
101.301 1.65247e+07
101.401 1.6522e+07
101.501 1.65209e+07
101.601 1.65201e+07
101.701 1.65194e+07
101.801 1.65183e+07
101.901 1.65176e+07
102.001 1.65174e+07
102.101 1.65174e+07
102.201 1.65176e+07
102.301 1.65175e+07
102.401 1.65181e+07
102.501 1.65188e+07
102.601 1.65195e+07
102.701 1.65203e+07
102.801 1.6521e+07
102.901 1.65217e+07
103.001 1.65224e+07
103.101 1.65231e+07
103.201 1.65238e+07
103.301 1.65246e+07
103.401 1.65253e+07
103.501 1.6526e+07
103.601 1.65267e+07
103.701 1.65274e+07
103.801 1.65281e+07
103.901 1.65288e+07
104.001 1.65295e+07
104.101 1.65302e+07
104.201 1.65309e+07
104.301 1.65316e+07
104.401 1.65323e+07
104.501 1.6533e+07
104.601 1.65246e+07
104.701 1.65253e+07
104.801 1.65306e+07
104.901 1.65276e+07
105.001 1.6526e+07
105.101 1.6525e+07
105.201 1.65241e+07
105.301 1.65227e+07
105.401 1.65215e+07
105.501 1.65212e+07
105.601 1.65209e+07
105.701 1.65208e+07
105.801 1.65202e+07
105.901 1.65205e+07
106.001 1.65209e+07
106.101 1.65214e+07
106.201 1.65221e+07
106.301 1.65228e+07
106.401 1.65235e+07
106.501 1.65242e+07
106.601 1.65249e+07
106.701 1.65256e+07
106.801 1.65263e+07
106.901 1.65269e+07
107.001 1.65276e+07
107.101 1.65283e+07
107.201 1.6529e+07
107.301 1.65297e+07
107.401 1.65304e+07
107.501 1.6531e+07
107.601 1.65317e+07
107.701 1.65324e+07
107.801 1.65331e+07
107.901 1.65337e+07
108.001 1.65344e+07
108.101 1.65351e+07
108.201 1.65357e+07
108.301 1.65216e+07
108.401 1.65334e+07
108.501 1.65314e+07
108.601 1.65301e+07
108.701 1.6529e+07
108.801 1.65274e+07
108.901 1.65258e+07
109.001 1.65251e+07
109.101 1.65247e+07
109.201 1.65243e+07
109.301 1.65232e+07
109.401 1.65232e+07
109.501 1.65234e+07
109.601 1.65236e+07
109.701 1.65239e+07
109.801 1.65245e+07
109.901 1.65252e+07
110.001 1.65259e+07
110.101 1.65265e+07
110.201 1.65272e+07
110.301 1.65279e+07
110.401 1.65285e+07
110.501 1.65292e+07
110.601 1.65299e+07
110.701 1.65305e+07
110.801 1.65312e+07
110.901 1.65318e+07
111.001 1.65325e+07
111.101 1.65331e+07
111.201 1.65338e+07
111.301 1.65344e+07
111.401 1.65351e+07
111.501 1.65357e+07
111.601 1.65364e+07
111.701 1.6537e+07
111.801 1.65377e+07
111.901 1.65335e+07
112.001 1.65342e+07
112.101 1.65354e+07
112.201 1.65341e+07
112.301 1.65322e+07
112.401 1.65302e+07
112.501 1.65294e+07
112.601 1.65286e+07
112.701 1.65281e+07
112.801 1.65266e+07
112.901 1.65263e+07
113.001 1.65262e+07
113.101 1.65262e+07
113.201 1.65259e+07
113.301 1.65263e+07
113.401 1.65268e+07
113.501 1.65274e+07
113.601 1.65281e+07
113.701 1.65287e+07
113.801 1.65294e+07
113.901 1.653e+07
114.001 1.65307e+07
114.101 1.65313e+07
114.201 1.65319e+07
114.301 1.65326e+07
114.401 1.65332e+07
114.501 1.65338e+07
114.601 1.65345e+07
114.701 1.65351e+07
114.801 1.65357e+07
114.901 1.65363e+07
115.001 1.6537e+07
115.101 1.65376e+07
115.201 1.65382e+07
115.301 1.65388e+07
115.401 1.65395e+07
115.501 1.65401e+07
115.601 1.65304e+07
115.701 1.65311e+07
115.801 1.65372e+07
115.901 1.65348e+07
116.001 1.65338e+07
116.101 1.65328e+07
116.201 1.6532e+07
116.301 1.65302e+07
116.401 1.65297e+07
116.501 1.65293e+07
116.601 1.65291e+07
116.701 1.65283e+07
116.801 1.65284e+07
116.901 1.65287e+07
117.001 1.6529e+07
117.101 1.65295e+07
117.201 1.65301e+07
117.301 1.65308e+07
117.401 1.65314e+07
117.501 1.6532e+07
117.601 1.65326e+07
117.701 1.65333e+07
117.801 1.65339e+07
117.901 1.65345e+07
118.001 1.65351e+07
118.101 1.65357e+07
118.201 1.65363e+07
118.301 1.65369e+07
118.401 1.65376e+07
118.501 1.65381e+07
118.601 1.65388e+07
118.701 1.65394e+07
118.801 1.654e+07
118.901 1.65406e+07
119.001 1.65412e+07
119.101 1.65418e+07
119.201 1.65413e+07
119.301 1.6542e+07
119.401 1.65396e+07
119.501 1.65384e+07
119.601 1.65373e+07
119.701 1.65362e+07
119.801 1.65339e+07
119.901 1.65333e+07
120.001 1.65327e+07
120.101 1.65323e+07
120.201 1.65311e+07
120.301 1.6531e+07
120.401 1.6531e+07
120.501 1.65311e+07
120.601 1.6531e+07
120.701 1.65315e+07
120.801 1.65321e+07
120.901 1.65327e+07
121.001 1.65333e+07
121.101 1.65339e+07
121.201 1.65345e+07
121.301 1.65351e+07
121.401 1.65357e+07
121.501 1.65363e+07
121.601 1.65369e+07
121.701 1.65375e+07
121.801 1.65381e+07
121.901 1.65387e+07
122.001 1.65392e+07
122.101 1.65398e+07
122.201 1.65404e+07
122.301 1.6541e+07
122.401 1.65416e+07
122.501 1.65422e+07
122.601 1.65428e+07
122.701 1.65434e+07
122.801 1.6544e+07
122.901 1.65382e+07
123.001 1.65388e+07
123.101 1.65419e+07
123.201 1.65406e+07
123.301 1.6538e+07
123.401 1.65371e+07
123.501 1.65363e+07
123.601 1.65357e+07
123.701 1.65341e+07
123.801 1.65338e+07
123.901 1.65336e+07
124.001 1.65334e+07
124.101 1.65329e+07
124.201 1.65331e+07
124.301 1.65335e+07
124.401 1.65339e+07
124.501 1.65345e+07
124.601 1.65351e+07
124.701 1.65357e+07
124.801 1.65363e+07
124.901 1.65369e+07
125.001 1.65374e+07
125.101 1.6538e+07
125.201 1.65386e+07
125.301 1.65392e+07
125.401 1.65397e+07
125.501 1.65403e+07
125.601 1.65409e+07
125.701 1.65414e+07
125.801 1.6542e+07
125.901 1.65426e+07
126.001 1.65431e+07
126.101 1.65437e+07
126.201 1.65443e+07
126.301 1.65449e+07
126.401 1.65454e+07
126.501 1.6546e+07
126.601 1.65352e+07
126.701 1.65452e+07
126.801 1.65422e+07
126.901 1.65411e+07
127.001 1.65402e+07
127.101 1.65393e+07
127.201 1.65374e+07
127.301 1.65369e+07
127.401 1.65364e+07
127.501 1.65361e+07
127.601 1.65352e+07
127.701 1.65352e+07
127.801 1.65353e+07
127.901 1.65355e+07
128.001 1.65357e+07
128.101 1.65362e+07
128.201 1.65368e+07
128.301 1.65374e+07
128.401 1.65379e+07
128.501 1.65385e+07
128.601 1.65391e+07
128.701 1.65396e+07
128.801 1.65402e+07
128.901 1.65407e+07
129.001 1.65413e+07
129.101 1.65419e+07
129.201 1.65424e+07
129.301 1.6543e+07
129.401 1.65435e+07
129.501 1.65441e+07
129.601 1.65446e+07
129.701 1.65452e+07
129.801 1.65457e+07
129.901 1.65463e+07
130.001 1.65468e+07
130.101 1.65474e+07
130.201 1.65451e+07
130.301 1.65457e+07
130.401 1.65454e+07
130.501 1.65442e+07
130.601 1.65432e+07
130.701 1.65409e+07
130.801 1.65402e+07
130.901 1.65395e+07
131.001 1.6539e+07
131.101 1.65377e+07
131.201 1.65375e+07
131.301 1.65374e+07
131.401 1.65374e+07
131.501 1.65372e+07
131.601 1.65374e+07
131.701 1.65379e+07
131.801 1.65384e+07
131.901 1.6539e+07
132.001 1.65395e+07
132.101 1.654e+07
132.201 1.65406e+07
132.301 1.65411e+07
132.401 1.65417e+07
132.501 1.65422e+07
132.601 1.65428e+07
132.701 1.65433e+07
132.801 1.65438e+07
132.901 1.65444e+07
133.001 1.65449e+07
133.101 1.65454e+07
133.201 1.6546e+07
133.301 1.65465e+07
133.401 1.65471e+07
133.501 1.65476e+07
133.601 1.65481e+07
133.701 1.65487e+07
133.801 1.65492e+07
133.901 1.65421e+07
134.001 1.65426e+07
134.101 1.65473e+07
134.201 1.65446e+07
134.301 1.65437e+07
134.401 1.65429e+07
134.501 1.65422e+07
134.601 1.65405e+07
134.701 1.65401e+07
134.801 1.65398e+07
134.901 1.65396e+07
135.001 1.65391e+07
135.101 1.6539e+07
135.201 1.65392e+07
135.301 1.65395e+07
135.401 1.65399e+07
135.501 1.65405e+07
135.601 1.6541e+07
135.701 1.65415e+07
135.801 1.65421e+07
135.901 1.65426e+07
136.001 1.65431e+07
136.101 1.65436e+07
136.201 1.65442e+07
136.301 1.65447e+07
136.401 1.65452e+07
136.501 1.65457e+07
136.601 1.65463e+07
136.701 1.65468e+07
136.801 1.65473e+07
136.901 1.65478e+07
137.001 1.65483e+07
137.101 1.65488e+07
137.201 1.65494e+07
137.301 1.65499e+07
137.401 1.65504e+07
137.501 1.65509e+07
137.601 1.65392e+07
137.701 1.65485e+07
137.801 1.65474e+07
137.901 1.65465e+07
138.001 1.65456e+07
138.101 1.65437e+07
138.201 1.6543e+07
138.301 1.65425e+07
138.401 1.65421e+07
138.501 1.65414e+07
138.601 1.65409e+07
138.701 1.65409e+07
138.801 1.6541e+07
138.901 1.65412e+07
139.001 1.65414e+07
139.101 1.65419e+07
139.201 1.65424e+07
139.301 1.65429e+07
139.401 1.65434e+07
139.501 1.6544e+07
139.601 1.65445e+07
139.701 1.6545e+07
139.801 1.65455e+07
139.901 1.6546e+07
140.001 1.65465e+07
140.101 1.6547e+07
140.201 1.65475e+07
140.301 1.6548e+07
140.401 1.65485e+07
140.501 1.6549e+07
140.601 1.65496e+07
140.701 1.655e+07
140.801 1.65506e+07
140.901 1.65511e+07
141.001 1.65516e+07
141.101 1.65521e+07
141.201 1.65482e+07
141.301 1.65488e+07
141.401 1.65502e+07
141.501 1.65492e+07
141.601 1.65471e+07
141.701 1.65461e+07
141.801 1.65454e+07
141.901 1.65448e+07
142.001 1.6544e+07
142.101 1.65431e+07
142.201 1.65429e+07
142.301 1.65428e+07
142.401 1.65428e+07
142.501 1.65426e+07
142.601 1.65428e+07
142.701 1.65433e+07
142.801 1.65438e+07
142.901 1.65443e+07
143.001 1.65448e+07
143.101 1.65453e+07
143.201 1.65457e+07
143.301 1.65463e+07
143.401 1.65467e+07
143.501 1.65472e+07
143.601 1.65477e+07
143.701 1.65482e+07
143.801 1.65487e+07
143.901 1.65492e+07
144.001 1.65497e+07
144.101 1.65502e+07
144.201 1.65507e+07
144.301 1.65512e+07
144.401 1.65517e+07
144.501 1.65522e+07
144.601 1.65527e+07
144.701 1.65531e+07
144.801 1.65536e+07
144.901 1.65454e+07
145.001 1.65459e+07
145.101 1.65508e+07
145.201 1.65494e+07
145.301 1.65485e+07
145.401 1.65478e+07
145.501 1.65467e+07
145.601 1.65456e+07
145.701 1.65452e+07
145.801 1.65449e+07
145.901 1.65447e+07
146.001 1.65441e+07
146.101 1.65442e+07
146.201 1.65444e+07
146.301 1.65446e+07
146.401 1.6545e+07
146.501 1.65455e+07
146.601 1.6546e+07
146.701 1.65465e+07
146.801 1.6547e+07
146.901 1.65475e+07
147.001 1.65479e+07
147.101 1.65484e+07
147.201 1.65489e+07
147.301 1.65494e+07
147.401 1.65499e+07
147.501 1.65504e+07
147.601 1.65508e+07
147.701 1.65513e+07
147.801 1.65518e+07
147.901 1.65523e+07
148.001 1.65527e+07
148.101 1.65532e+07
148.201 1.65537e+07
148.301 1.65542e+07
148.401 1.65546e+07
148.501 1.65538e+07
148.601 1.65543e+07
148.701 1.65529e+07
148.801 1.65519e+07
148.901 1.6551e+07
149.001 1.65497e+07
149.101 1.65483e+07
149.201 1.65478e+07
149.301 1.65473e+07
149.401 1.65469e+07
149.501 1.6546e+07
149.601 1.65459e+07
149.701 1.65458e+07
149.801 1.65459e+07
149.901 1.65459e+07
150.001 1.65462e+07
150.101 1.65467e+07
150.201 1.65472e+07
150.301 1.65477e+07
150.401 1.65481e+07
150.501 1.65486e+07
150.601 1.65491e+07
150.701 1.65495e+07
150.801 1.655e+07
150.901 1.65505e+07
151.001 1.6551e+07
151.101 1.65514e+07
151.201 1.65519e+07
151.301 1.65524e+07
151.401 1.65528e+07
151.501 1.65533e+07
151.601 1.65538e+07
151.701 1.65542e+07
151.801 1.65547e+07
151.901 1.65552e+07
152.001 1.65556e+07
152.101 1.65561e+07
152.201 1.65509e+07
152.301 1.65514e+07
152.401 1.65544e+07
152.501 1.65529e+07
152.601 1.65512e+07
152.701 1.65505e+07
152.801 1.65499e+07
152.901 1.65493e+07
153.001 1.65481e+07
153.101 1.65478e+07
153.201 1.65476e+07
153.301 1.65475e+07
153.401 1.65471e+07
153.501 1.65472e+07
153.601 1.65475e+07
153.701 1.65479e+07
153.801 1.65483e+07
153.901 1.65488e+07
154.001 1.65493e+07
154.101 1.65497e+07
154.201 1.65502e+07
154.301 1.65506e+07
154.401 1.65511e+07
154.501 1.65515e+07
154.601 1.6552e+07
154.701 1.65525e+07
154.801 1.65529e+07
154.901 1.65534e+07
155.001 1.65538e+07
155.101 1.65543e+07
155.201 1.65547e+07
155.301 1.65552e+07
155.401 1.65556e+07
155.501 1.65561e+07
155.601 1.65565e+07
155.701 1.6557e+07
155.801 1.65574e+07
155.901 1.65482e+07
156.001 1.65564e+07
156.101 1.65544e+07
156.201 1.65535e+07
156.301 1.65527e+07
156.401 1.6552e+07
156.501 1.65504e+07
156.601 1.655e+07
156.701 1.65496e+07
156.801 1.65493e+07
156.901 1.65486e+07
157.001 1.65486e+07
157.101 1.65486e+07
157.201 1.65488e+07
157.301 1.6549e+07
157.401 1.65494e+07
157.501 1.65499e+07
157.601 1.65503e+07
157.701 1.65508e+07
157.801 1.65512e+07
157.901 1.65517e+07
158.001 1.65521e+07
158.101 1.65525e+07
158.201 1.6553e+07
158.301 1.65534e+07
158.401 1.65539e+07
158.501 1.65543e+07
158.601 1.65548e+07
158.701 1.65552e+07
158.801 1.65557e+07
158.901 1.65561e+07
159.001 1.65566e+07
159.101 1.6557e+07
159.201 1.65574e+07
159.301 1.65579e+07
159.401 1.65583e+07
159.501 1.6556e+07
159.601 1.65564e+07
159.701 1.65567e+07
159.801 1.65557e+07
159.901 1.65549e+07
160.001 1.6553e+07
160.101 1.65524e+07
160.201 1.65519e+07
160.301 1.65514e+07
160.401 1.65504e+07
160.501 1.65502e+07
160.601 1.65501e+07
160.701 1.65501e+07
160.801 1.65498e+07
160.901 1.65501e+07
161.001 1.65504e+07
161.101 1.65509e+07
161.201 1.65513e+07
161.301 1.65518e+07
161.401 1.65522e+07
161.501 1.65526e+07
161.601 1.65531e+07
161.701 1.65535e+07
161.801 1.6554e+07
161.901 1.65544e+07
162.001 1.65548e+07
162.101 1.65553e+07
162.201 1.65557e+07
162.301 1.65561e+07
162.401 1.65566e+07
162.501 1.6557e+07
162.601 1.65574e+07
162.701 1.65578e+07
162.801 1.65583e+07
162.901 1.65587e+07
163.001 1.65591e+07
163.101 1.65596e+07
163.201 1.65533e+07
163.301 1.65537e+07
163.401 1.6558e+07
163.501 1.65558e+07
163.601 1.6555e+07
163.701 1.65543e+07
163.801 1.65538e+07
163.901 1.65524e+07
164.001 1.65521e+07
164.101 1.65518e+07
164.201 1.65516e+07
164.301 1.65511e+07
164.401 1.65511e+07
164.501 1.65513e+07
164.601 1.65515e+07
164.701 1.65519e+07
164.801 1.65523e+07
164.901 1.65527e+07
165.001 1.65531e+07
165.101 1.65536e+07
165.201 1.6554e+07
165.301 1.65544e+07
165.401 1.65548e+07
165.501 1.65553e+07
165.601 1.65557e+07
165.701 1.65561e+07
165.801 1.65565e+07
165.901 1.6557e+07
166.001 1.65574e+07
166.101 1.65578e+07
166.201 1.65583e+07
166.301 1.65587e+07
166.401 1.65591e+07
166.501 1.65595e+07
166.601 1.65599e+07
166.701 1.65603e+07
166.801 1.65606e+07
166.901 1.65507e+07
167.001 1.65588e+07
167.101 1.65579e+07
167.201 1.65571e+07
167.301 1.65563e+07
167.401 1.65547e+07
167.501 1.65542e+07
167.601 1.65538e+07
167.701 1.65534e+07
167.801 1.65526e+07
167.901 1.65525e+07
168.001 1.65524e+07
168.101 1.65525e+07
168.201 1.65525e+07
168.301 1.65528e+07
168.401 1.65532e+07
168.501 1.65536e+07
168.601 1.65541e+07
168.701 1.65545e+07
168.801 1.65549e+07
168.901 1.65553e+07
169.001 1.65557e+07
169.101 1.65561e+07
169.201 1.65566e+07
169.301 1.6557e+07
169.401 1.65574e+07
169.501 1.65578e+07
169.601 1.65582e+07
169.701 1.65586e+07
169.801 1.6559e+07
169.901 1.65595e+07
170.001 1.65599e+07
170.101 1.65603e+07
170.201 1.65607e+07
170.301 1.65611e+07
170.401 1.65615e+07
170.501 1.65579e+07
170.601 1.65583e+07
170.701 1.656e+07
170.801 1.65591e+07
170.901 1.65571e+07
171.001 1.65565e+07
171.101 1.65559e+07
171.201 1.65555e+07
171.301 1.65543e+07
171.401 1.65541e+07
171.501 1.65539e+07
171.601 1.65538e+07
171.701 1.65536e+07
171.801 1.65535e+07
171.901 1.65538e+07
172.001 1.65541e+07
172.101 1.65545e+07
172.201 1.65549e+07
172.301 1.65553e+07
172.401 1.65557e+07
172.501 1.65562e+07
172.601 1.65566e+07
172.701 1.6557e+07
172.801 1.65574e+07
172.901 1.65578e+07
173.001 1.65582e+07
173.101 1.65586e+07
173.201 1.6559e+07
173.301 1.65594e+07
173.401 1.65598e+07
173.501 1.65602e+07
173.601 1.65606e+07
173.701 1.6561e+07
173.801 1.65614e+07
173.901 1.65618e+07
174.001 1.65622e+07
174.101 1.65626e+07
174.201 1.65553e+07
174.301 1.65557e+07
174.401 1.65598e+07
174.501 1.6559e+07
174.601 1.65583e+07
174.701 1.65577e+07
174.801 1.65564e+07
174.901 1.65559e+07
175.001 1.65556e+07
175.101 1.65553e+07
175.201 1.65549e+07
175.301 1.65546e+07
175.401 1.65547e+07
175.501 1.65548e+07
175.601 1.6555e+07
175.701 1.65554e+07
175.801 1.65558e+07
175.901 1.65562e+07
176.001 1.65566e+07
176.101 1.6557e+07
176.201 1.65574e+07
176.301 1.65577e+07
176.401 1.65582e+07
176.501 1.65585e+07
176.601 1.65589e+07
176.701 1.65593e+07
176.801 1.65597e+07
176.901 1.65601e+07
177.001 1.65605e+07
177.101 1.65609e+07
177.201 1.65613e+07
177.301 1.65617e+07
177.401 1.65621e+07
177.501 1.65625e+07
177.601 1.65629e+07
177.701 1.65633e+07
177.801 1.65621e+07
177.901 1.65626e+07
178.001 1.65618e+07
178.101 1.6561e+07
178.201 1.65602e+07
178.301 1.65587e+07
178.401 1.65579e+07
178.501 1.65575e+07
178.601 1.65571e+07
178.701 1.65565e+07
178.801 1.6556e+07
178.901 1.65559e+07
179.001 1.65558e+07
179.101 1.65559e+07
179.201 1.65559e+07
179.301 1.65562e+07
179.401 1.65566e+07
179.501 1.65569e+07
179.601 1.65573e+07
179.701 1.65577e+07
179.801 1.65581e+07
179.901 1.65585e+07
180.001 1.65589e+07
180.101 1.65593e+07
180.201 1.65597e+07
180.301 1.65601e+07
180.401 1.65605e+07
180.501 1.65608e+07
180.601 1.65612e+07
180.701 1.65616e+07
180.801 1.6562e+07
180.901 1.65624e+07
181.001 1.65628e+07
181.101 1.65631e+07
181.201 1.65635e+07
181.301 1.65639e+07
181.401 1.65643e+07
181.501 1.65596e+07
181.601 1.656e+07
181.701 1.65629e+07
181.801 1.65612e+07
181.901 1.65602e+07
182.001 1.65596e+07
182.101 1.65591e+07
182.201 1.65584e+07
182.301 1.65575e+07
182.401 1.65573e+07
182.501 1.65571e+07
182.601 1.6557e+07
182.701 1.65567e+07
182.801 1.65568e+07
182.901 1.6557e+07
183.001 1.65573e+07
183.101 1.65577e+07
183.201 1.65581e+07
183.301 1.65585e+07
183.401 1.65589e+07
183.501 1.65592e+07
183.601 1.65596e+07
183.701 1.656e+07
183.801 1.65604e+07
183.901 1.65608e+07
184.001 1.65611e+07
184.101 1.65615e+07
184.201 1.65619e+07
184.301 1.65623e+07
184.401 1.65627e+07
184.501 1.6563e+07
184.601 1.65634e+07
184.701 1.65638e+07
184.801 1.65642e+07
184.901 1.65645e+07
185.001 1.65649e+07
185.101 1.65653e+07
185.201 1.65571e+07
185.301 1.6564e+07
185.401 1.65627e+07
185.501 1.65619e+07
185.601 1.65613e+07
185.701 1.65604e+07
185.801 1.65593e+07
185.901 1.6559e+07
186.001 1.65587e+07
186.101 1.65584e+07
186.201 1.65578e+07
186.301 1.65578e+07
186.401 1.65578e+07
186.501 1.65579e+07
186.601 1.65581e+07
186.701 1.65584e+07
186.801 1.65588e+07
186.901 1.65592e+07
187.001 1.65596e+07
187.101 1.65599e+07
187.201 1.65603e+07
187.301 1.65607e+07
187.401 1.65611e+07
187.501 1.65614e+07
187.601 1.65618e+07
187.701 1.65622e+07
187.801 1.65625e+07
187.901 1.65629e+07
188.001 1.65633e+07
188.101 1.65637e+07
188.201 1.6564e+07
188.301 1.65644e+07
188.401 1.65648e+07
188.501 1.65651e+07
188.601 1.65655e+07
188.701 1.65659e+07
188.801 1.65635e+07
188.901 1.65639e+07
189.001 1.65645e+07
189.101 1.65637e+07
189.201 1.65627e+07
189.301 1.65613e+07
189.401 1.65608e+07
189.501 1.65604e+07
189.601 1.656e+07
189.701 1.65591e+07
189.801 1.6559e+07
189.901 1.65589e+07
190.001 1.65588e+07
190.101 1.65586e+07
190.201 1.65588e+07
190.301 1.65592e+07
190.401 1.65595e+07
190.501 1.65599e+07
190.601 1.65602e+07
190.701 1.65606e+07
190.801 1.6561e+07
190.901 1.65614e+07
191.001 1.65617e+07
191.101 1.65621e+07
191.201 1.65624e+07
191.301 1.65628e+07
191.401 1.65632e+07
191.501 1.65635e+07
191.601 1.65639e+07
191.701 1.65643e+07
191.801 1.65646e+07
191.901 1.6565e+07
192.001 1.65653e+07
192.101 1.65657e+07
192.201 1.65661e+07
192.301 1.65664e+07
192.401 1.65668e+07
192.501 1.65611e+07
192.601 1.65614e+07
192.701 1.65651e+07
192.801 1.65636e+07
192.901 1.65629e+07
193.001 1.65623e+07
193.101 1.65618e+07
193.201 1.65607e+07
193.301 1.65604e+07
193.401 1.65602e+07
193.501 1.656e+07
193.601 1.65595e+07
193.701 1.65596e+07
193.801 1.65597e+07
193.901 1.65599e+07
194.001 1.65602e+07
194.101 1.65605e+07
194.201 1.65609e+07
194.301 1.65613e+07
194.401 1.65616e+07
194.501 1.6562e+07
194.601 1.65623e+07
194.701 1.65627e+07
194.801 1.65631e+07
194.901 1.65634e+07
195.001 1.65638e+07
195.101 1.65641e+07
195.201 1.65645e+07
195.301 1.65648e+07
195.401 1.65652e+07
195.501 1.65656e+07
195.601 1.65659e+07
195.701 1.65663e+07
195.801 1.65666e+07
195.901 1.6567e+07
196.001 1.65673e+07
196.101 1.65671e+07
196.201 1.65675e+07
196.301 1.6566e+07
196.401 1.65652e+07
196.501 1.65645e+07
196.601 1.65639e+07
196.701 1.65624e+07
196.801 1.6562e+07
196.901 1.65617e+07
197.001 1.65614e+07
197.101 1.65606e+07
197.201 1.65606e+07
197.301 1.65605e+07
197.401 1.65606e+07
197.501 1.65605e+07
197.601 1.65608e+07
197.701 1.65612e+07
197.801 1.65615e+07
197.901 1.65619e+07
198.001 1.65622e+07
198.101 1.65587e+07
198.201 1.65503e+07
198.301 1.6542e+07
198.401 1.65336e+07
198.501 1.65253e+07
198.601 1.6517e+07
198.701 1.65087e+07
198.801 1.65004e+07
198.901 1.64921e+07
199.001 1.64838e+07
199.101 1.64755e+07
199.201 1.64672e+07
199.301 1.6459e+07
199.401 1.64507e+07
199.501 1.64425e+07
199.601 1.64342e+07
199.701 1.6426e+07
199.801 1.64178e+07
199.901 1.64096e+07
200.001 1.64014e+07
