0.001 0
0.101 0
0.201 2.8016e+06
0.301 7.48e+06
0.401 8.4048e+06
0.501 5.8752e+06
0.601 5.9024e+06
0.701 8.9488e+06
0.801 8.84e+06
0.901 5.9568e+06
1.001 6.0112e+06
1.101 8.7584e+06
1.201 9.3568e+06
1.301 6.0656e+06
1.401 6.12e+06
1.501 8.568e+06
1.601 9.52e+06
1.701 6.528e+06
1.801 6.2288e+06
1.901 8.3776e+06
2.001 9.656e+06
2.101 7.072e+06
2.201 6.3376e+06
2.301 8.1872e+06
2.401 9.7376e+06
2.501 7.5616e+06
2.601 6.4192e+06
2.701 7.9696e+06
2.801 9.8464e+06
2.901 8.0784e+06
3.001 6.5552e+06
3.101 7.8064e+06
3.201 9.9552e+06
3.301 8.5952e+06
3.401 6.6368e+06
3.501 7.5888e+06
3.601 1.0064e+07
3.701 9.0848e+06
3.801 6.7184e+06
3.901 7.3984e+06
4.001 1.01728e+07
4.101 9.6288e+06
4.201 6.8544e+06
4.301 7.208e+06
4.401 1.02816e+07
4.501 1.01184e+07
4.601 6.936e+06
4.701 6.9904e+06
4.801 1.03632e+07
4.901 1.04176e+07
5.001 7.208e+06
5.101 7.0448e+06
5.201 1.01456e+07
5.301 1.0472e+07
5.401 7.6704e+06
5.501 7.0992e+06
5.601 9.9008e+06
5.701 1.05264e+07
5.801 8.1328e+06
5.901 7.1808e+06
6.001 9.6288e+06
6.101 1.0608e+07
6.201 8.5952e+06
6.301 7.2352e+06
6.401 9.3568e+06
6.501 1.06624e+07
6.601 8.9488e+06
6.701 7.2352e+06
6.801 9.112e+06
6.901 1.06624e+07
7.001 9.1664e+06
7.101 7.2352e+06
7.201 8.9216e+06
7.301 1.06352e+07
7.401 9.384e+06
7.501 7.2352e+06
7.601 8.704e+06
7.701 1.06352e+07
7.801 9.6016e+06
7.901 7.2352e+06
8.001 8.4864e+06
8.101 1.06352e+07
8.201 9.8192e+06
8.301 7.2352e+06
8.401 8.2688e+06
8.501 1.06352e+07
8.601 1.00368e+07
8.701 7.2352e+06
8.801 8.0512e+06
8.901 1.06352e+07
9.001 1.02544e+07
9.101 7.2352e+06
9.201 7.8336e+06
9.301 1.06352e+07
9.401 1.0472e+07
9.501 7.2352e+06
9.601 7.616e+06
9.701 1.06352e+07
9.801 1.06352e+07
9.901 7.2896e+06
10.001 7.3984e+06
10.101 1.06352e+07
10.201 1.06352e+07
10.301 7.5072e+06
10.401 7.2352e+06
10.501 1.05808e+07
10.601 1.06352e+07
10.701 7.7248e+06
10.801 7.2352e+06
10.901 1.03632e+07
11.001 1.06352e+07
11.101 7.9424e+06
11.201 7.2352e+06
11.301 1.01456e+07
11.401 1.06352e+07
11.501 8.16e+06
11.601 7.2352e+06
11.701 9.928e+06
11.801 1.06352e+07
11.901 8.3776e+06
12.001 7.2352e+06
12.101 9.7104e+06
12.201 1.06352e+07
12.301 8.5952e+06
12.401 7.2352e+06
12.501 9.4928e+06
12.601 1.06352e+07
12.701 8.8128e+06
12.801 7.2352e+06
12.901 9.2752e+06
13.001 1.06624e+07
13.101 9.0032e+06
13.201 7.2352e+06
13.301 9.0576e+06
13.401 1.06624e+07
13.501 9.2208e+06
13.601 7.2352e+06
13.701 8.84e+06
13.801 1.06624e+07
13.901 9.4384e+06
14.001 7.2352e+06
14.101 8.6224e+06
14.201 1.06624e+07
14.301 9.656e+06
14.401 7.2352e+06
14.501 8.4048e+06
14.601 1.06624e+07
14.701 9.8736e+06
14.801 7.2352e+06
14.901 8.1872e+06
15.001 1.06624e+07
15.101 1.00912e+07
15.201 7.2352e+06
15.301 7.9696e+06
15.401 1.06624e+07
15.501 1.03088e+07
15.601 7.2352e+06
15.701 7.752e+06
15.801 1.06624e+07
15.901 1.05264e+07
16.001 7.2352e+06
16.101 7.5344e+06
16.201 1.06624e+07
16.301 1.06352e+07
16.401 7.344e+06
16.501 7.3168e+06
16.601 1.06624e+07
16.701 1.06352e+07
16.801 7.5616e+06
16.901 7.2352e+06
17.001 1.05264e+07
17.101 1.06352e+07
17.201 7.7792e+06
17.301 7.2352e+06
17.401 1.03088e+07
17.501 1.06352e+07
17.601 7.9968e+06
17.701 7.2352e+06
17.801 1.00912e+07
17.901 1.06352e+07
18.001 8.2144e+06
18.101 7.2352e+06
18.201 9.8736e+06
18.301 1.06352e+07
18.401 8.432e+06
18.501 7.2352e+06
18.601 9.656e+06
18.701 1.06352e+07
18.801 8.6496e+06
18.901 7.2352e+06
19.001 9.4384e+06
19.101 1.06352e+07
19.201 8.8672e+06
19.301 7.2352e+06
19.401 9.2208e+06
19.501 1.06352e+07
19.601 9.0848e+06
19.701 7.2352e+06
19.801 9.0032e+06
19.901 1.06352e+07
20.001 9.3024e+06
20.101 7.2352e+06
20.201 8.7856e+06
20.301 1.06352e+07
20.401 9.52e+06
20.501 7.2352e+06
20.601 8.568e+06
20.701 1.06352e+07
20.801 9.7376e+06
20.901 7.2352e+06
21.001 8.3504e+06
21.101 1.06352e+07
21.201 9.9552e+06
21.301 7.2352e+06
21.401 8.1328e+06
21.501 1.06352e+07
21.601 1.01728e+07
21.701 7.2352e+06
21.801 7.9152e+06
21.901 1.06352e+07
22.001 1.03904e+07
22.101 7.2352e+06
22.201 7.6976e+06
22.301 1.06352e+07
22.401 1.0608e+07
22.501 7.2352e+06
22.601 7.48e+06
22.701 1.06624e+07
22.801 1.06352e+07
22.901 7.3984e+06
23.001 7.2624e+06
23.101 1.06624e+07
23.201 1.06352e+07
23.301 7.616e+06
23.401 7.2352e+06
23.501 1.0472e+07
23.601 1.06352e+07
23.701 7.8336e+06
23.801 7.2352e+06
23.901 1.02544e+07
24.001 1.06352e+07
24.101 8.0512e+06
24.201 7.2352e+06
24.301 1.00368e+07
24.401 1.06352e+07
24.501 8.2688e+06
24.601 7.2352e+06
24.701 9.8192e+06
24.801 1.06352e+07
24.901 8.4864e+06
25.001 7.2352e+06
25.101 9.6016e+06
25.201 1.06352e+07
25.301 8.704e+06
25.401 7.2352e+06
25.501 9.384e+06
25.601 1.06352e+07
25.701 8.9216e+06
25.801 7.2352e+06
25.901 9.1664e+06
26.001 1.06352e+07
26.101 9.1392e+06
26.201 7.2352e+06
26.301 8.9488e+06
26.401 1.06352e+07
26.501 9.3568e+06
26.601 7.2352e+06
26.701 8.7312e+06
26.801 1.06352e+07
26.901 9.5744e+06
27.001 7.2352e+06
27.101 8.5136e+06
27.201 1.06352e+07
27.301 9.792e+06
27.401 7.2352e+06
27.501 8.296e+06
27.601 1.06352e+07
27.701 1.00096e+07
27.801 7.2352e+06
27.901 8.0784e+06
28.001 1.06352e+07
28.101 1.02272e+07
28.201 7.2352e+06
28.301 7.8608e+06
28.401 1.06352e+07
28.501 1.04448e+07
28.601 7.2352e+06
28.701 7.6432e+06
28.801 1.06352e+07
28.901 1.06624e+07
29.001 7.2352e+06
29.101 7.4256e+06
29.201 1.06352e+07
29.301 1.06624e+07
29.401 7.4528e+06
29.501 7.2352e+06
29.601 1.0608e+07
29.701 1.06624e+07
29.801 7.6704e+06
29.901 7.2352e+06
30.001 1.03904e+07
30.101 1.06624e+07
30.201 7.888e+06
30.301 7.2352e+06
30.401 1.01728e+07
30.501 1.06624e+07
30.601 8.1056e+06
30.701 7.2352e+06
30.801 9.9552e+06
30.901 1.06624e+07
31.001 8.3232e+06
31.101 7.2352e+06
31.201 9.7376e+06
31.301 1.06624e+07
31.401 8.5408e+06
31.501 7.2352e+06
31.601 9.52e+06
31.701 1.06624e+07
31.801 8.7584e+06
31.901 7.2352e+06
32.001 9.3024e+06
32.101 1.06624e+07
32.201 8.976e+06
32.301 7.2352e+06
32.401 9.0848e+06
32.501 1.06624e+07
32.601 9.1936e+06
32.701 7.2352e+06
32.801 8.8944e+06
32.901 1.06352e+07
33.001 9.4112e+06
33.101 7.2352e+06
33.201 8.6768e+06
33.301 1.06352e+07
33.401 9.6288e+06
33.501 7.2352e+06
33.601 8.4592e+06
33.701 1.06352e+07
33.801 9.8464e+06
33.901 7.2352e+06
34.001 8.2416e+06
34.101 1.06352e+07
34.201 1.0064e+07
34.301 7.2352e+06
34.401 8.024e+06
34.501 1.06352e+07
34.601 1.02816e+07
34.701 7.2352e+06
34.801 7.8064e+06
34.901 1.06352e+07
35.001 1.04992e+07
35.101 7.2352e+06
35.201 7.5888e+06
35.301 1.06352e+07
35.401 1.06352e+07
35.501 7.3168e+06
35.601 7.3712e+06
35.701 1.06352e+07
35.801 1.06352e+07
35.901 7.5344e+06
36.001 7.2352e+06
36.101 1.05536e+07
36.201 1.06352e+07
36.301 7.752e+06
36.401 7.2352e+06
36.501 1.0336e+07
36.601 1.06352e+07
36.701 7.9696e+06
36.801 7.2352e+06
36.901 1.01184e+07
37.001 1.06352e+07
37.101 8.1872e+06
37.201 7.2352e+06
37.301 9.9008e+06
37.401 1.06352e+07
37.501 8.4048e+06
37.601 7.2352e+06
37.701 9.6832e+06
37.801 1.06352e+07
37.901 8.6224e+06
38.001 7.2352e+06
38.101 9.4656e+06
38.201 1.06624e+07
38.301 8.8128e+06
38.401 7.2352e+06
38.501 9.248e+06
38.601 1.06624e+07
38.701 9.0304e+06
38.801 7.2352e+06
38.901 9.0304e+06
39.001 1.06624e+07
39.101 9.248e+06
39.201 7.2352e+06
39.301 8.8128e+06
39.401 1.06624e+07
39.501 9.4656e+06
39.601 7.2352e+06
39.701 8.5952e+06
39.801 1.06624e+07
39.901 9.6832e+06
40.001 7.2352e+06
40.101 8.3776e+06
40.201 1.06624e+07
40.301 9.9008e+06
40.401 7.2352e+06
40.501 8.16e+06
40.601 1.06624e+07
40.701 1.01184e+07
40.801 7.2352e+06
40.901 7.9424e+06
41.001 1.06624e+07
41.101 1.0336e+07
41.201 7.2352e+06
41.301 7.7248e+06
41.401 1.06624e+07
41.501 1.05536e+07
41.601 7.2352e+06
41.701 7.5072e+06
41.801 1.06624e+07
41.901 1.06352e+07
42.001 7.3712e+06
42.101 7.2896e+06
42.201 1.06624e+07
42.301 1.06352e+07
42.401 7.5888e+06
42.501 7.2352e+06
42.601 1.04992e+07
42.701 1.06352e+07
42.801 7.8064e+06
42.901 7.2352e+06
43.001 1.02816e+07
43.101 1.06352e+07
43.201 8.024e+06
43.301 7.2352e+06
43.401 1.0064e+07
43.501 1.06352e+07
43.601 8.2416e+06
43.701 7.2352e+06
43.801 9.8464e+06
43.901 1.06352e+07
44.001 8.4592e+06
44.101 7.2352e+06
44.201 9.6288e+06
44.301 1.06352e+07
44.401 8.6768e+06
44.501 7.2352e+06
44.601 9.4112e+06
44.701 1.06352e+07
44.801 8.8944e+06
44.901 7.2352e+06
45.001 9.1936e+06
45.101 1.06352e+07
45.201 9.112e+06
45.301 7.2352e+06
45.401 8.976e+06
45.501 1.06352e+07
45.601 9.3296e+06
45.701 7.2352e+06
45.801 8.7584e+06
45.901 1.06352e+07
46.001 9.5472e+06
46.101 7.2352e+06
46.201 8.5408e+06
46.301 1.06352e+07
46.401 9.7648e+06
46.501 7.2352e+06
46.601 8.3232e+06
46.701 1.06352e+07
46.801 9.9824e+06
46.901 7.2352e+06
47.001 8.1056e+06
47.101 1.06352e+07
47.201 1.02e+07
47.301 7.2352e+06
47.401 7.888e+06
47.501 1.06352e+07
47.601 1.04176e+07
47.701 7.2352e+06
47.801 7.6704e+06
47.901 1.06352e+07
48.001 1.06352e+07
48.101 7.2352e+06
48.201 7.4528e+06
48.301 1.06624e+07
48.401 1.06352e+07
48.501 7.4256e+06
48.601 7.2352e+06
48.701 1.06624e+07
48.801 1.06352e+07
48.901 7.6432e+06
49.001 7.2352e+06
49.101 1.04448e+07
49.201 1.06352e+07
49.301 7.8608e+06
49.401 7.2352e+06
49.501 1.02272e+07
49.601 1.06352e+07
49.701 8.0784e+06
49.801 7.2352e+06
49.901 1.00096e+07
50.001 1.06352e+07
50.101 8.296e+06
50.201 7.2352e+06
50.301 9.792e+06
50.401 1.06352e+07
50.501 8.5136e+06
50.601 7.2352e+06
50.701 9.5744e+06
50.801 1.06352e+07
50.901 8.7312e+06
51.001 7.2352e+06
51.101 9.3568e+06
51.201 1.06352e+07
51.301 8.9488e+06
51.401 7.2352e+06
51.501 9.1392e+06
51.601 1.06352e+07
51.701 9.1664e+06
51.801 7.2352e+06
51.901 8.9216e+06
52.001 1.06352e+07
52.101 9.384e+06
52.201 7.2352e+06
52.301 8.704e+06
52.401 1.06352e+07
52.501 9.6016e+06
52.601 7.2352e+06
52.701 8.4864e+06
52.801 1.06352e+07
52.901 9.8192e+06
53.001 7.2352e+06
53.101 8.2688e+06
53.201 1.06352e+07
53.301 1.00368e+07
53.401 7.2352e+06
53.501 8.0512e+06
53.601 1.06352e+07
53.701 1.02544e+07
53.801 7.2352e+06
53.901 7.8336e+06
54.001 1.06352e+07
54.101 1.0472e+07
54.201 7.2352e+06
54.301 7.616e+06
54.401 1.06352e+07
54.501 1.06624e+07
54.601 7.2624e+06
54.701 7.3984e+06
54.801 1.06352e+07
54.901 1.06624e+07
55.001 7.48e+06
55.101 7.2352e+06
55.201 1.05808e+07
55.301 1.06624e+07
55.401 7.6976e+06
55.501 7.2352e+06
55.601 1.03632e+07
55.701 1.06624e+07
55.801 7.9152e+06
55.901 7.2352e+06
56.001 1.01456e+07
56.101 1.06624e+07
56.201 8.1328e+06
56.301 7.2352e+06
56.401 9.928e+06
56.501 1.06624e+07
56.601 8.3504e+06
56.701 7.2352e+06
56.801 9.7104e+06
56.901 1.06624e+07
57.001 8.568e+06
57.101 7.2352e+06
57.201 9.4928e+06
57.301 1.06624e+07
57.401 8.7856e+06
57.501 7.2352e+06
57.601 9.2752e+06
57.701 1.06624e+07
57.801 9.0032e+06
57.901 7.2352e+06
58.001 9.0848e+06
58.101 1.06352e+07
58.201 9.2208e+06
58.301 7.2352e+06
58.401 8.8672e+06
58.501 1.06352e+07
58.601 9.4384e+06
58.701 7.2352e+06
58.801 8.6496e+06
58.901 1.06352e+07
59.001 9.656e+06
59.101 7.2352e+06
59.201 8.432e+06
59.301 1.06352e+07
59.401 9.8736e+06
59.501 7.2352e+06
59.601 8.2144e+06
59.701 1.06352e+07
59.801 1.00912e+07
59.901 7.2352e+06
60.001 7.9968e+06
60.101 1.06352e+07
60.201 1.03088e+07
60.301 7.2352e+06
60.401 7.7792e+06
60.501 1.06352e+07
60.601 1.05264e+07
60.701 7.2352e+06
60.801 7.5616e+06
60.901 1.06352e+07
61.001 1.06352e+07
61.101 7.344e+06
61.201 7.344e+06
61.301 1.06352e+07
61.401 1.06352e+07
61.501 7.5616e+06
61.601 7.2352e+06
61.701 1.05264e+07
61.801 1.06352e+07
61.901 7.7792e+06
62.001 7.2352e+06
62.101 1.03088e+07
62.201 1.06352e+07
62.301 7.9968e+06
62.401 7.2352e+06
62.501 1.00912e+07
62.601 1.06352e+07
62.701 8.2144e+06
62.801 7.2352e+06
62.901 9.8736e+06
63.001 1.06352e+07
63.101 8.432e+06
63.201 7.2352e+06
63.301 9.656e+06
63.401 1.06352e+07
63.501 8.6496e+06
63.601 7.2352e+06
63.701 9.4384e+06
63.801 1.06624e+07
63.901 8.84e+06
64.001 7.2352e+06
64.101 9.2208e+06
64.201 1.06624e+07
64.301 9.0576e+06
64.401 7.2352e+06
64.501 9.0032e+06
64.601 1.06624e+07
64.701 9.2752e+06
64.801 7.2352e+06
64.901 8.7856e+06
65.001 1.06624e+07
65.101 9.4928e+06
65.201 7.2352e+06
65.301 8.568e+06
65.401 1.06624e+07
65.501 9.7104e+06
65.601 7.2352e+06
65.701 8.3504e+06
65.801 1.06624e+07
65.901 9.928e+06
66.001 7.2352e+06
66.101 8.1328e+06
66.201 1.06624e+07
66.301 1.01456e+07
66.401 7.2352e+06
66.501 7.9152e+06
66.601 1.06624e+07
66.701 1.03632e+07
66.801 7.2352e+06
66.901 7.6976e+06
67.001 1.06624e+07
67.101 1.05808e+07
67.201 7.2352e+06
67.301 7.48e+06
67.401 1.06624e+07
67.501 1.06352e+07
67.601 7.3984e+06
67.701 7.2624e+06
67.801 1.06624e+07
67.901 1.06352e+07
68.001 7.616e+06
68.101 7.2352e+06
68.201 1.0472e+07
68.301 1.06352e+07
68.401 7.8336e+06
68.501 7.2352e+06
68.601 1.02544e+07
68.701 1.06352e+07
68.801 8.0512e+06
68.901 7.2352e+06
69.001 1.00368e+07
69.101 1.06352e+07
69.201 8.2688e+06
69.301 7.2352e+06
69.401 9.8192e+06
69.501 1.06352e+07
69.601 8.4864e+06
69.701 7.2352e+06
69.801 9.6016e+06
69.901 1.06352e+07
70.001 8.704e+06
70.101 7.2352e+06
70.201 9.384e+06
70.301 1.06352e+07
70.401 8.9216e+06
70.501 7.2352e+06
70.601 9.1664e+06
70.701 1.06352e+07
70.801 9.1392e+06
70.901 7.2352e+06
71.001 8.9488e+06
71.101 1.06352e+07
71.201 9.3568e+06
71.301 7.2352e+06
71.401 8.7312e+06
71.501 1.06352e+07
71.601 9.5744e+06
71.701 7.2352e+06
71.801 8.5136e+06
71.901 1.06352e+07
72.001 9.792e+06
72.101 7.2352e+06
72.201 8.296e+06
72.301 1.06352e+07
72.401 1.00096e+07
72.501 7.2352e+06
72.601 8.0784e+06
72.701 1.06352e+07
72.801 1.02272e+07
72.901 7.2352e+06
73.001 7.8608e+06
73.101 1.06352e+07
73.201 1.04448e+07
73.301 7.2352e+06
73.401 7.6432e+06
73.501 1.06624e+07
73.601 1.06352e+07
73.701 7.2352e+06
73.801 7.4256e+06
73.901 1.06624e+07
74.001 1.06352e+07
74.101 7.4528e+06
74.201 7.2352e+06
74.301 1.06352e+07
74.401 1.06352e+07
74.501 7.6704e+06
74.601 7.2352e+06
74.701 1.04176e+07
74.801 1.06352e+07
74.901 7.888e+06
75.001 7.2352e+06
75.101 1.02e+07
75.201 1.06352e+07
75.301 8.1056e+06
75.401 7.2352e+06
75.501 9.9824e+06
75.601 1.06352e+07
75.701 8.3232e+06
75.801 7.2352e+06
75.901 9.7648e+06
76.001 1.06352e+07
76.101 8.5408e+06
76.201 7.2352e+06
76.301 9.5472e+06
76.401 1.06352e+07
76.501 8.7584e+06
76.601 7.2352e+06
76.701 9.3296e+06
76.801 1.06352e+07
76.901 8.976e+06
77.001 7.2352e+06
77.101 9.112e+06
77.201 1.06352e+07
77.301 9.1936e+06
77.401 7.2352e+06
77.501 8.8944e+06
77.601 1.06352e+07
77.701 9.4112e+06
77.801 7.2352e+06
77.901 8.6768e+06
78.001 1.06352e+07
78.101 9.6288e+06
78.201 7.2352e+06
78.301 8.4592e+06
78.401 1.06352e+07
78.501 9.8464e+06
78.601 7.2352e+06
78.701 8.2416e+06
78.801 1.06352e+07
78.901 1.0064e+07
79.001 7.2352e+06
79.101 8.024e+06
79.201 1.06352e+07
79.301 1.02816e+07
79.401 7.2352e+06
79.501 7.8064e+06
79.601 1.06352e+07
79.701 1.04992e+07
79.801 7.2352e+06
79.901 7.5888e+06
80.001 1.06352e+07
80.101 1.06624e+07
80.201 7.2896e+06
80.301 7.3712e+06
80.401 1.06352e+07
80.501 1.06624e+07
80.601 7.5072e+06
80.701 7.2352e+06
80.801 1.05536e+07
80.901 1.06624e+07
81.001 7.7248e+06
81.101 7.2352e+06
81.201 1.0336e+07
81.301 1.06624e+07
81.401 7.9424e+06
81.501 7.2352e+06
81.601 1.01184e+07
81.701 1.06624e+07
81.801 8.16e+06
81.901 7.2352e+06
82.001 9.9008e+06
82.101 1.06624e+07
82.201 8.3776e+06
82.301 7.2352e+06
82.401 9.6832e+06
82.501 1.06624e+07
82.601 8.5952e+06
82.701 7.2352e+06
82.801 9.4656e+06
82.901 1.06624e+07
83.001 8.8128e+06
83.101 7.2352e+06
83.201 9.248e+06
83.301 1.06624e+07
83.401 9.0304e+06
83.501 7.2352e+06
83.601 9.0576e+06
83.701 1.06352e+07
83.801 9.248e+06
83.901 7.2352e+06
84.001 8.84e+06
84.101 1.06352e+07
84.201 9.4656e+06
84.301 7.2352e+06
84.401 8.6224e+06
84.501 1.06352e+07
84.601 9.6832e+06
84.701 7.2352e+06
84.801 8.4048e+06
84.901 1.06352e+07
85.001 9.9008e+06
85.101 7.2352e+06
85.201 8.1872e+06
85.301 1.06352e+07
85.401 1.01184e+07
85.501 7.2352e+06
85.601 7.9696e+06
85.701 1.06352e+07
85.801 1.0336e+07
85.901 7.2352e+06
86.001 7.752e+06
86.101 1.06352e+07
86.201 1.05536e+07
86.301 7.2352e+06
86.401 7.5344e+06
86.501 1.06352e+07
86.601 1.06352e+07
86.701 7.3712e+06
86.801 7.3168e+06
86.901 1.06352e+07
87.001 1.06352e+07
87.101 7.5888e+06
87.201 7.2352e+06
87.301 1.04992e+07
87.401 1.06352e+07
87.501 7.8064e+06
87.601 7.2352e+06
87.701 1.02816e+07
87.801 1.06352e+07
87.901 8.024e+06
88.001 7.2352e+06
88.101 1.0064e+07
88.201 1.06352e+07
88.301 8.2416e+06
88.401 7.2352e+06
88.501 9.8464e+06
88.601 1.06352e+07
88.701 8.4592e+06
88.801 7.2352e+06
88.901 9.6288e+06
89.001 1.06624e+07
89.101 8.6496e+06
89.201 7.2352e+06
89.301 9.4112e+06
89.401 1.06624e+07
89.501 8.8672e+06
89.601 7.2352e+06
89.701 9.1936e+06
89.801 1.06624e+07
89.901 9.0848e+06
90.001 7.2352e+06
90.101 8.976e+06
90.201 1.06624e+07
90.301 9.3024e+06
90.401 7.2352e+06
90.501 8.7584e+06
90.601 1.06624e+07
90.701 9.52e+06
90.801 7.2352e+06
90.901 8.5408e+06
91.001 1.06624e+07
91.101 9.7376e+06
91.201 7.2352e+06
91.301 8.3232e+06
91.401 1.06624e+07
91.501 9.9552e+06
91.601 7.2352e+06
91.701 8.1056e+06
91.801 1.06624e+07
91.901 1.01728e+07
92.001 7.2352e+06
92.101 7.888e+06
92.201 1.06624e+07
92.301 1.03904e+07
92.401 7.2352e+06
92.501 7.6704e+06
92.601 1.06624e+07
92.701 1.0608e+07
92.801 7.2352e+06
92.901 7.4528e+06
93.001 1.06624e+07
93.101 1.06352e+07
93.201 7.4256e+06
93.301 7.2624e+06
93.401 1.06352e+07
93.501 1.06352e+07
93.601 7.6432e+06
93.701 7.2352e+06
93.801 1.04448e+07
93.901 1.06352e+07
94.001 7.8608e+06
94.101 7.2352e+06
94.201 1.02272e+07
94.301 1.06352e+07
94.401 8.0784e+06
94.501 7.2352e+06
94.601 1.00096e+07
94.701 1.06352e+07
94.801 8.296e+06
94.901 7.2352e+06
95.001 9.792e+06
95.101 1.06352e+07
95.201 8.5136e+06
95.301 7.2352e+06
95.401 9.5744e+06
95.501 1.06352e+07
95.601 8.7312e+06
95.701 7.2352e+06
95.801 9.3568e+06
95.901 1.06352e+07
96.001 8.9488e+06
96.101 7.2352e+06
96.201 9.1392e+06
96.301 1.06352e+07
96.401 9.1664e+06
96.501 7.2352e+06
96.601 8.9216e+06
96.701 1.06352e+07
96.801 9.384e+06
96.901 7.2352e+06
97.001 8.704e+06
97.101 1.06352e+07
97.201 9.6016e+06
97.301 7.2352e+06
97.401 8.4864e+06
97.501 1.06352e+07
97.601 9.8192e+06
97.701 7.2352e+06
97.801 8.2688e+06
97.901 1.06352e+07
98.001 1.00368e+07
98.101 7.2352e+06
98.201 8.0512e+06
98.301 1.06352e+07
98.401 1.02544e+07
98.501 7.2352e+06
98.601 7.8336e+06
98.701 1.06352e+07
98.801 1.0472e+07
98.901 7.2352e+06
99.001 7.616e+06
99.101 1.06624e+07
99.201 1.06352e+07
99.301 7.2624e+06
99.401 7.3984e+06
99.501 1.06624e+07
99.601 1.06352e+07
99.701 7.48e+06
99.801 7.2352e+06
99.901 1.0608e+07
100.001 1.06352e+07
100.101 7.6976e+06
100.201 7.2352e+06
100.301 1.03904e+07
100.401 1.06352e+07
100.501 7.9152e+06
100.601 7.2352e+06
100.701 1.01728e+07
100.801 1.06352e+07
100.901 8.1328e+06
101.001 7.2352e+06
101.101 9.9552e+06
101.201 1.06352e+07
101.301 8.3504e+06
101.401 7.2352e+06
101.501 9.7376e+06
101.601 1.06352e+07
101.701 8.568e+06
101.801 7.2352e+06
101.901 9.52e+06
102.001 1.06352e+07
102.101 8.7856e+06
102.201 7.2352e+06
102.301 9.3024e+06
102.401 1.06352e+07
102.501 9.0032e+06
102.601 7.2352e+06
102.701 9.0848e+06
102.801 1.06352e+07
102.901 9.2208e+06
103.001 7.2352e+06
103.101 8.8672e+06
103.201 1.06352e+07
103.301 9.4384e+06
103.401 7.2352e+06
103.501 8.6496e+06
103.601 1.06352e+07
103.701 9.656e+06
103.801 7.2352e+06
103.901 8.432e+06
104.001 1.06352e+07
104.101 9.8736e+06
104.201 7.2352e+06
104.301 8.2144e+06
104.401 1.06352e+07
104.501 1.00912e+07
104.601 7.2352e+06
104.701 7.9968e+06
104.801 1.06352e+07
104.901 1.03088e+07
105.001 7.2352e+06
105.101 7.7792e+06
105.201 1.06352e+07
105.301 1.05264e+07
105.401 7.2352e+06
105.501 7.5616e+06
105.601 1.06352e+07
105.701 1.06624e+07
105.801 7.3168e+06
105.901 7.344e+06
106.001 1.06352e+07
106.101 1.06624e+07
106.201 7.5344e+06
106.301 7.2352e+06
106.401 1.05264e+07
106.501 1.06624e+07
106.601 7.752e+06
106.701 7.2352e+06
106.801 1.03088e+07
106.901 1.06624e+07
107.001 7.9696e+06
107.101 7.2352e+06
107.201 1.00912e+07
107.301 1.06624e+07
107.401 8.1872e+06
107.501 7.2352e+06
107.601 9.8736e+06
107.701 1.06624e+07
107.801 8.4048e+06
107.901 7.2352e+06
108.001 9.656e+06
108.101 1.06624e+07
108.201 8.6224e+06
108.301 7.2352e+06
108.401 9.4384e+06
108.501 1.06624e+07
108.601 8.84e+06
108.701 7.2352e+06
108.801 9.248e+06
108.901 1.06352e+07
109.001 9.0576e+06
109.101 7.2352e+06
109.201 9.0304e+06
109.301 1.06352e+07
109.401 9.2752e+06
109.501 7.2352e+06
109.601 8.8128e+06
109.701 1.06352e+07
109.801 9.4928e+06
109.901 7.2352e+06
110.001 8.5952e+06
110.101 1.06352e+07
110.201 9.7104e+06
110.301 7.2352e+06
110.401 8.3776e+06
110.501 1.06352e+07
110.601 9.928e+06
110.701 7.2352e+06
110.801 8.16e+06
110.901 1.06352e+07
111.001 1.01456e+07
111.101 7.2352e+06
111.201 7.9424e+06
111.301 1.06352e+07
111.401 1.03632e+07
111.501 7.2352e+06
111.601 7.7248e+06
111.701 1.06352e+07
111.801 1.05808e+07
111.901 7.2352e+06
112.001 7.5072e+06
112.101 1.06352e+07
112.201 1.06352e+07
112.301 7.3984e+06
112.401 7.2896e+06
112.501 1.06352e+07
112.601 1.06352e+07
112.701 7.616e+06
112.801 7.2352e+06
112.901 1.0472e+07
113.001 1.06352e+07
113.101 7.8336e+06
113.201 7.2352e+06
113.301 1.02544e+07
113.401 1.06352e+07
113.501 8.0512e+06
113.601 7.2352e+06
113.701 1.00368e+07
113.801 1.06352e+07
113.901 8.2688e+06
114.001 7.2352e+06
114.101 9.8192e+06
114.201 1.06352e+07
114.301 8.4864e+06
114.401 7.2352e+06
114.501 9.6016e+06
114.601 1.06624e+07
114.701 8.6768e+06
114.801 7.2352e+06
114.901 9.384e+06
115.001 1.06624e+07
115.101 8.8944e+06
115.201 7.2352e+06
115.301 9.1664e+06
115.401 1.06624e+07
115.501 9.112e+06
115.601 7.2352e+06
115.701 8.9488e+06
115.801 1.06624e+07
115.901 9.3296e+06
116.001 7.2352e+06
116.101 8.7312e+06
116.201 1.06624e+07
116.301 9.5472e+06
116.401 7.2352e+06
116.501 8.5136e+06
116.601 1.06624e+07
116.701 9.7648e+06
116.801 7.2352e+06
116.901 8.296e+06
117.001 1.06624e+07
117.101 9.9824e+06
117.201 7.2352e+06
117.301 8.0784e+06
117.401 1.06624e+07
117.501 1.02e+07
117.601 7.2352e+06
117.701 7.8608e+06
117.801 1.06624e+07
117.901 1.04176e+07
118.001 7.2352e+06
118.101 7.6432e+06
118.201 1.06624e+07
118.301 1.06352e+07
118.401 7.2352e+06
118.501 7.4256e+06
118.601 1.06624e+07
118.701 1.06352e+07
118.801 7.4528e+06
118.901 7.2352e+06
119.001 1.06352e+07
119.101 1.06352e+07
119.201 7.6704e+06
119.301 7.2352e+06
119.401 1.04176e+07
119.501 1.06352e+07
119.601 7.888e+06
119.701 7.2352e+06
119.801 1.02e+07
119.901 1.06352e+07
120.001 8.1056e+06
120.101 7.2352e+06
120.201 9.9824e+06
120.301 1.06352e+07
120.401 8.3232e+06
120.501 7.2352e+06
120.601 9.7648e+06
120.701 1.06352e+07
120.801 8.5408e+06
120.901 7.2352e+06
121.001 9.5472e+06
121.101 1.06352e+07
121.201 8.7584e+06
121.301 7.2352e+06
121.401 9.3296e+06
121.501 1.06352e+07
121.601 8.976e+06
121.701 7.2352e+06
121.801 9.112e+06
121.901 1.06352e+07
122.001 9.1936e+06
122.101 7.2352e+06
122.201 8.8944e+06
122.301 1.06352e+07
122.401 9.4112e+06
122.501 7.2352e+06
122.601 8.6768e+06
122.701 1.06352e+07
122.801 9.6288e+06
122.901 7.2352e+06
123.001 8.4592e+06
123.101 1.06352e+07
123.201 9.8464e+06
123.301 7.2352e+06
123.401 8.2416e+06
123.501 1.06352e+07
123.601 1.0064e+07
123.701 7.2352e+06
123.801 8.024e+06
123.901 1.06352e+07
124.001 1.02816e+07
124.101 7.2352e+06
124.201 7.8064e+06
124.301 1.06624e+07
124.401 1.0472e+07
124.501 7.2352e+06
124.601 7.5888e+06
124.701 1.06624e+07
124.801 1.06352e+07
124.901 7.2896e+06
125.001 7.3712e+06
125.101 1.06624e+07
125.201 1.06352e+07
125.301 7.5072e+06
125.401 7.2352e+06
125.501 1.05808e+07
125.601 1.06352e+07
125.701 7.7248e+06
125.801 7.2352e+06
125.901 1.03632e+07
126.001 1.06352e+07
126.101 7.9424e+06
126.201 7.2352e+06
126.301 1.01456e+07
126.401 1.06352e+07
126.501 8.16e+06
126.601 7.2352e+06
126.701 9.928e+06
126.801 1.06352e+07
126.901 8.3776e+06
127.001 7.2352e+06
127.101 9.7104e+06
127.201 1.06352e+07
127.301 8.5952e+06
127.401 7.2352e+06
127.501 9.4928e+06
127.601 1.06352e+07
127.701 8.8128e+06
127.801 7.2352e+06
127.901 9.2752e+06
128.001 1.06352e+07
128.101 9.0304e+06
128.201 7.2352e+06
128.301 9.0576e+06
128.401 1.06352e+07
128.501 9.248e+06
128.601 7.2352e+06
128.701 8.84e+06
128.801 1.06352e+07
128.901 9.4656e+06
129.001 7.2352e+06
129.101 8.6224e+06
129.201 1.06352e+07
129.301 9.6832e+06
129.401 7.2352e+06
129.501 8.4048e+06
129.601 1.06352e+07
129.701 9.9008e+06
129.801 7.2352e+06
129.901 8.1872e+06
130.001 1.06352e+07
130.101 1.01184e+07
130.201 7.2352e+06
130.301 7.9696e+06
130.401 1.06352e+07
130.501 1.0336e+07
130.601 7.2352e+06
130.701 7.752e+06
130.801 1.06352e+07
130.901 1.05536e+07
131.001 7.2352e+06
131.101 7.5344e+06
131.201 1.06352e+07
131.301 1.06624e+07
131.401 7.344e+06
131.501 7.3168e+06
131.601 1.06352e+07
131.701 1.06624e+07
131.801 7.5616e+06
131.901 7.2352e+06
132.001 1.04992e+07
132.101 1.06624e+07
132.201 7.7792e+06
132.301 7.2352e+06
132.401 1.02816e+07
132.501 1.06624e+07
132.601 7.9968e+06
132.701 7.2352e+06
132.801 1.0064e+07
132.901 1.06624e+07
133.001 8.2144e+06
133.101 7.2352e+06
133.201 9.8464e+06
133.301 1.06624e+07
133.401 8.432e+06
133.501 7.2352e+06
133.601 9.6288e+06
133.701 1.06624e+07
133.801 8.6496e+06
133.901 7.2352e+06
134.001 9.4112e+06
134.101 1.06624e+07
134.201 8.8672e+06
134.301 7.2352e+06
134.401 9.2208e+06
134.501 1.06352e+07
134.601 9.0848e+06
134.701 7.2352e+06
134.801 9.0032e+06
134.901 1.06352e+07
135.001 9.3024e+06
135.101 7.2352e+06
135.201 8.7856e+06
135.301 1.06352e+07
135.401 9.52e+06
135.501 7.2352e+06
135.601 8.568e+06
135.701 1.06352e+07
135.801 9.7376e+06
135.901 7.2352e+06
136.001 8.3504e+06
136.101 1.06352e+07
136.201 9.9552e+06
136.301 7.2352e+06
136.401 8.1328e+06
136.501 1.06352e+07
136.601 1.01728e+07
136.701 7.2352e+06
136.801 7.9152e+06
136.901 1.06352e+07
137.001 1.03904e+07
137.101 7.2352e+06
137.201 7.6976e+06
137.301 1.06352e+07
137.401 1.0608e+07
137.501 7.2352e+06
137.601 7.48e+06
137.701 1.06352e+07
137.801 1.06352e+07
137.901 7.4256e+06
138.001 7.2624e+06
138.101 1.06352e+07
138.201 1.06352e+07
138.301 7.6432e+06
138.401 7.2352e+06
138.501 1.04448e+07
138.601 1.06352e+07
138.701 7.8608e+06
138.801 7.2352e+06
138.901 1.02272e+07
139.001 1.06352e+07
139.101 8.0784e+06
139.201 7.2352e+06
139.301 1.00096e+07
139.401 1.06352e+07
139.501 8.296e+06
139.601 7.2352e+06
139.701 9.792e+06
139.801 1.06624e+07
139.901 8.4864e+06
140.001 7.2352e+06
140.101 9.5744e+06
140.201 1.06624e+07
140.301 8.704e+06
140.401 7.2352e+06
140.501 9.3568e+06
140.601 1.06624e+07
140.701 8.9216e+06
140.801 7.2352e+06
140.901 9.1392e+06
141.001 1.06624e+07
141.101 9.1392e+06
141.201 7.2352e+06
141.301 8.9216e+06
141.401 1.06624e+07
141.501 9.3568e+06
141.601 7.2352e+06
141.701 8.704e+06
141.801 1.06624e+07
141.901 9.5744e+06
142.001 7.2352e+06
142.101 8.4864e+06
142.201 1.06624e+07
142.301 9.792e+06
142.401 7.2352e+06
142.501 8.2688e+06
142.601 1.06624e+07
142.701 1.00096e+07
142.801 7.2352e+06
142.901 8.0512e+06
143.001 1.06624e+07
143.101 1.02272e+07
143.201 7.2352e+06
143.301 7.8336e+06
143.401 1.06624e+07
143.501 1.04448e+07
143.601 7.2352e+06
143.701 7.616e+06
143.801 1.06624e+07
143.901 1.06352e+07
144.001 7.2624e+06
144.101 7.4256e+06
144.201 1.06352e+07
144.301 1.06352e+07
144.401 7.48e+06
144.501 7.2352e+06
144.601 1.0608e+07
144.701 1.06352e+07
144.801 7.6976e+06
144.901 7.2352e+06
145.001 1.03904e+07
145.101 1.06352e+07
145.201 7.9152e+06
145.301 7.2352e+06
145.401 1.01728e+07
145.501 1.06352e+07
145.601 8.1328e+06
145.701 7.2352e+06
145.801 9.9552e+06
145.901 1.06352e+07
146.001 8.3504e+06
146.101 7.2352e+06
146.201 9.7376e+06
146.301 1.06352e+07
146.401 8.568e+06
146.501 7.2352e+06
146.601 9.52e+06
146.701 1.06352e+07
146.801 8.7856e+06
146.901 7.2352e+06
147.001 9.3024e+06
147.101 1.06352e+07
147.201 9.0032e+06
147.301 7.2352e+06
147.401 9.0848e+06
147.501 1.06352e+07
147.601 9.2208e+06
147.701 7.2352e+06
147.801 8.8672e+06
147.901 1.06352e+07
148.001 9.4384e+06
148.101 7.2352e+06
148.201 8.6496e+06
148.301 1.06352e+07
148.401 9.656e+06
148.501 7.2352e+06
148.601 8.432e+06
148.701 1.06352e+07
148.801 9.8736e+06
148.901 7.2352e+06
149.001 8.2144e+06
149.101 1.06352e+07
149.201 1.00912e+07
149.301 7.2352e+06
149.401 7.9968e+06
149.501 1.06352e+07
149.601 1.03088e+07
149.701 7.2352e+06
149.801 7.7792e+06
149.901 1.06624e+07
150.001 1.04992e+07
150.101 7.2352e+06
150.201 7.5616e+06
150.301 1.06624e+07
150.401 1.06352e+07
150.501 7.3168e+06
150.601 7.344e+06
150.701 1.06624e+07
150.801 1.06352e+07
150.901 7.5344e+06
151.001 7.2352e+06
151.101 1.05536e+07
151.201 1.06352e+07
151.301 7.752e+06
151.401 7.2352e+06
151.501 1.0336e+07
151.601 1.06352e+07
151.701 7.9696e+06
151.801 7.2352e+06
151.901 1.01184e+07
152.001 1.06352e+07
152.101 8.1872e+06
152.201 7.2352e+06
152.301 9.9008e+06
152.401 1.06352e+07
152.501 8.4048e+06
152.601 7.2352e+06
152.701 9.6832e+06
152.801 1.06352e+07
152.901 8.6224e+06
153.001 7.2352e+06
153.101 9.4656e+06
153.201 1.06352e+07
153.301 8.84e+06
153.401 7.2352e+06
153.501 9.248e+06
153.601 1.06352e+07
153.701 9.0576e+06
153.801 7.2352e+06
153.901 9.0304e+06
154.001 1.06352e+07
154.101 9.2752e+06
154.201 7.2352e+06
154.301 8.8128e+06
154.401 1.06352e+07
154.501 9.4928e+06
154.601 7.2352e+06
154.701 8.5952e+06
154.801 1.06352e+07
154.901 9.7104e+06
155.001 7.2352e+06
155.101 8.3776e+06
155.201 1.06352e+07
155.301 9.928e+06
155.401 7.2352e+06
155.501 8.16e+06
155.601 1.06352e+07
155.701 1.01456e+07
155.801 7.2352e+06
155.901 7.9424e+06
156.001 1.06352e+07
156.101 1.03632e+07
156.201 7.2352e+06
156.301 7.7248e+06
156.401 1.06352e+07
156.501 1.05808e+07
156.601 7.2352e+06
156.701 7.5072e+06
156.801 1.06352e+07
156.901 1.06624e+07
157.001 7.3712e+06
157.101 7.2896e+06
157.201 1.06352e+07
157.301 1.06624e+07
157.401 7.5888e+06
157.501 7.2352e+06
157.601 1.0472e+07
157.701 1.06624e+07
157.801 7.8064e+06
157.901 7.2352e+06
158.001 1.02544e+07
158.101 1.06624e+07
158.201 8.024e+06
158.301 7.2352e+06
158.401 1.00368e+07
158.501 1.06624e+07
158.601 8.2416e+06
158.701 7.2352e+06
158.801 9.8192e+06
158.901 1.06624e+07
159.001 8.4592e+06
159.101 7.2352e+06
159.201 9.6016e+06
159.301 1.06624e+07
159.401 8.6768e+06
159.501 7.2352e+06
159.601 9.4112e+06
159.701 1.06352e+07
159.801 8.8944e+06
159.901 7.2352e+06
160.001 9.1936e+06
160.101 1.06352e+07
160.201 9.112e+06
160.301 7.2352e+06
160.401 8.976e+06
160.501 1.06352e+07
160.601 9.3296e+06
160.701 7.2352e+06
160.801 8.7584e+06
160.901 1.06352e+07
161.001 9.5472e+06
161.101 7.2352e+06
161.201 8.5408e+06
161.301 1.06352e+07
161.401 9.7648e+06
161.501 7.2352e+06
161.601 8.3232e+06
161.701 1.06352e+07
161.801 9.9824e+06
161.901 7.2352e+06
162.001 8.1056e+06
162.101 1.06352e+07
162.201 1.02e+07
162.301 7.2352e+06
162.401 7.888e+06
162.501 1.06352e+07
162.601 1.04176e+07
162.701 7.2352e+06
162.801 7.6704e+06
162.901 1.06352e+07
163.001 1.06352e+07
163.101 7.2352e+06
163.201 7.4528e+06
163.301 1.06352e+07
163.401 1.06352e+07
163.501 7.4528e+06
163.601 7.2352e+06
163.701 1.06352e+07
163.801 1.06352e+07
163.901 7.6704e+06
164.001 7.2352e+06
164.101 1.04176e+07
164.201 1.06352e+07
164.301 7.888e+06
164.401 7.2352e+06
164.501 1.02e+07
164.601 1.06352e+07
164.701 8.1056e+06
164.801 7.2352e+06
164.901 9.9824e+06
165.001 1.06352e+07
165.101 8.3232e+06
165.201 7.2352e+06
165.301 9.7648e+06
165.401 1.06624e+07
165.501 8.5136e+06
165.601 7.2352e+06
165.701 9.5472e+06
165.801 1.06624e+07
165.901 8.7312e+06
166.001 7.2352e+06
166.101 9.3296e+06
166.201 1.06624e+07
166.301 8.9488e+06
166.401 7.2352e+06
166.501 9.112e+06
166.601 1.06624e+07
166.701 9.1664e+06
166.801 7.2352e+06
166.901 8.8944e+06
167.001 1.06624e+07
167.101 9.384e+06
167.201 7.2352e+06
167.301 8.6768e+06
167.401 1.06624e+07
167.501 9.6016e+06
167.601 7.2352e+06
167.701 8.4592e+06
167.801 1.06624e+07
167.901 9.8192e+06
168.001 7.2352e+06
168.101 8.2416e+06
168.201 1.06624e+07
168.301 1.00368e+07
168.401 7.2352e+06
168.501 8.024e+06
168.601 1.06624e+07
168.701 1.02544e+07
168.801 7.2352e+06
168.901 7.8064e+06
169.001 1.06624e+07
169.101 1.0472e+07
169.201 7.2352e+06
169.301 7.5888e+06
169.401 1.06624e+07
169.501 1.06352e+07
169.601 7.2896e+06
169.701 7.3984e+06
169.801 1.06352e+07
169.901 1.06352e+07
170.001 7.5072e+06
170.101 7.2352e+06
170.201 1.05808e+07
170.301 1.06352e+07
170.401 7.7248e+06
170.501 7.2352e+06
170.601 1.03632e+07
170.701 1.06352e+07
170.801 7.9424e+06
170.901 7.2352e+06
171.001 1.01456e+07
171.101 1.06352e+07
171.201 8.16e+06
171.301 7.2352e+06
171.401 9.928e+06
171.501 1.06352e+07
171.601 8.3776e+06
171.701 7.2352e+06
171.801 9.7104e+06
171.901 1.06352e+07
172.001 8.5952e+06
172.101 7.2352e+06
172.201 9.4928e+06
172.301 1.06352e+07
172.401 8.8128e+06
172.501 7.2352e+06
172.601 9.2752e+06
172.701 1.06352e+07
172.801 9.0304e+06
172.901 7.2352e+06
173.001 9.0576e+06
173.101 1.06352e+07
173.201 9.248e+06
173.301 7.2352e+06
173.401 8.84e+06
173.501 1.06352e+07
173.601 9.4656e+06
173.701 7.2352e+06
173.801 8.6224e+06
173.901 1.06352e+07
174.001 9.6832e+06
174.101 7.2352e+06
174.201 8.4048e+06
174.301 1.06352e+07
174.401 9.9008e+06
174.501 7.2352e+06
174.601 8.1872e+06
174.701 1.06352e+07
174.801 1.01184e+07
174.901 7.2352e+06
175.001 7.9696e+06
175.101 1.06624e+07
175.201 1.03088e+07
175.301 7.2352e+06
175.401 7.752e+06
175.501 1.06624e+07
175.601 1.05264e+07
175.701 7.2352e+06
175.801 7.5344e+06
175.901 1.06624e+07
176.001 1.06352e+07
176.101 7.344e+06
176.201 7.3168e+06
176.301 1.06624e+07
176.401 1.06352e+07
176.501 7.5616e+06
176.601 7.2352e+06
176.701 1.05264e+07
176.801 1.06352e+07
176.901 7.7792e+06
177.001 7.2352e+06
177.101 1.03088e+07
177.201 1.06352e+07
177.301 7.9968e+06
177.401 7.2352e+06
177.501 1.00912e+07
177.601 1.06352e+07
177.701 8.2144e+06
177.801 7.2352e+06
177.901 9.8736e+06
178.001 1.06352e+07
178.101 8.432e+06
178.201 7.2352e+06
178.301 9.656e+06
178.401 1.06352e+07
178.501 8.6496e+06
178.601 7.2352e+06
178.701 9.4384e+06
178.801 1.06352e+07
178.901 8.8672e+06
179.001 7.2352e+06
179.101 9.2208e+06
179.201 1.06352e+07
179.301 9.0848e+06
179.401 7.2352e+06
179.501 9.0032e+06
179.601 1.06352e+07
179.701 9.3024e+06
179.801 7.2352e+06
179.901 8.7856e+06
180.001 1.06352e+07
180.101 9.52e+06
180.201 7.2352e+06
180.301 8.568e+06
180.401 1.06352e+07
180.501 9.7376e+06
180.601 7.2352e+06
180.701 8.3504e+06
180.801 1.06352e+07
180.901 9.9552e+06
181.001 7.2352e+06
181.101 8.1328e+06
181.201 1.06352e+07
181.301 1.01728e+07
181.401 7.2352e+06
181.501 7.9152e+06
181.601 1.06352e+07
181.701 1.03904e+07
181.801 7.2352e+06
181.901 7.6976e+06
182.001 1.06352e+07
182.101 1.0608e+07
182.201 7.2352e+06
182.301 7.48e+06
182.401 1.06352e+07
182.501 1.06624e+07
182.601 7.3984e+06
182.701 7.2624e+06
182.801 1.06352e+07
182.901 1.06624e+07
183.001 7.616e+06
183.101 7.2352e+06
183.201 1.04448e+07
183.301 1.06624e+07
183.401 7.8336e+06
183.501 7.2352e+06
183.601 1.02272e+07
183.701 1.06624e+07
183.801 8.0512e+06
183.901 7.2352e+06
184.001 1.00096e+07
184.101 1.06624e+07
184.201 8.2688e+06
184.301 7.2352e+06
184.401 9.792e+06
184.501 1.06624e+07
184.601 8.4864e+06
184.701 7.2352e+06
184.801 9.5744e+06
184.901 1.06624e+07
185.001 8.704e+06
185.101 7.2352e+06
185.201 9.384e+06
185.301 1.06352e+07
185.401 8.9216e+06
185.501 7.2352e+06
185.601 9.1664e+06
185.701 1.06352e+07
185.801 9.1392e+06
185.901 7.2352e+06
186.001 8.9488e+06
186.101 1.06352e+07
186.201 9.3568e+06
186.301 7.2352e+06
186.401 8.7312e+06
186.501 1.06352e+07
186.601 9.5744e+06
186.701 7.2352e+06
186.801 8.5136e+06
186.901 1.06352e+07
187.001 9.792e+06
187.101 7.2352e+06
187.201 8.296e+06
187.301 1.06352e+07
187.401 1.00096e+07
187.501 7.2352e+06
187.601 8.0784e+06
187.701 1.06352e+07
187.801 1.02272e+07
187.901 7.2352e+06
188.001 7.8608e+06
188.101 1.06352e+07
188.201 1.04448e+07
188.301 7.2352e+06
188.401 7.6432e+06
188.501 1.06352e+07
188.601 1.06352e+07
188.701 7.2624e+06
188.801 7.4256e+06
188.901 1.06352e+07
189.001 1.06352e+07
189.101 7.48e+06
189.201 7.2352e+06
189.301 1.0608e+07
189.401 1.06352e+07
189.501 7.6976e+06
189.601 7.2352e+06
189.701 1.03904e+07
189.801 1.06352e+07
189.901 7.9152e+06
190.001 7.2352e+06
190.101 1.01728e+07
190.201 1.06352e+07
190.301 8.1328e+06
190.401 7.2352e+06
190.501 9.9552e+06
190.601 1.06624e+07
190.701 8.3232e+06
190.801 7.2352e+06
190.901 9.7376e+06
191.001 1.06624e+07
191.101 8.5408e+06
191.201 7.2352e+06
191.301 9.52e+06
191.401 1.06624e+07
191.501 8.7584e+06
191.601 7.2352e+06
191.701 9.3024e+06
191.801 1.06624e+07
191.901 8.976e+06
192.001 7.2352e+06
192.101 9.0848e+06
192.201 1.06624e+07
192.301 9.1936e+06
192.401 7.2352e+06
192.501 8.8672e+06
192.601 1.06624e+07
192.701 9.4112e+06
192.801 7.2352e+06
192.901 8.6496e+06
193.001 1.06624e+07
193.101 9.6288e+06
193.201 7.2352e+06
193.301 8.432e+06
193.401 1.06624e+07
193.501 9.8464e+06
193.601 7.2352e+06
193.701 8.2144e+06
193.801 1.06624e+07
193.901 1.0064e+07
194.001 7.2352e+06
194.101 7.9968e+06
194.201 1.06624e+07
194.301 1.02816e+07
194.401 7.2352e+06
194.501 7.7792e+06
194.601 1.06624e+07
194.701 1.04992e+07
194.801 7.2352e+06
194.901 7.5888e+06
195.001 1.06352e+07
195.101 1.06352e+07
195.201 7.3168e+06
195.301 7.3712e+06
195.401 1.06352e+07
195.501 1.06352e+07
195.601 7.5344e+06
195.701 7.2352e+06
195.801 1.05536e+07
195.901 1.06352e+07
196.001 7.752e+06
196.101 7.2352e+06
196.201 1.0336e+07
196.301 1.06352e+07
196.401 7.9696e+06
196.501 7.2352e+06
196.601 1.01184e+07
196.701 1.06352e+07
196.801 8.1872e+06
196.901 7.2352e+06
197.001 9.9008e+06
197.101 1.06352e+07
197.201 8.4048e+06
197.301 7.2352e+06
197.401 9.6832e+06
197.501 1.06352e+07
197.601 8.6224e+06
197.701 7.2352e+06
197.801 9.4656e+06
197.901 1.06352e+07
198.001 8.84e+06
198.101 7.2352e+06
198.201 9.248e+06
198.301 1.06352e+07
198.401 9.0576e+06
198.501 7.2352e+06
198.601 9.0304e+06
198.701 1.06352e+07
198.801 9.2752e+06
198.901 7.2352e+06
199.001 1.3328e+06
199.101 0
199.201 0
199.301 0
199.401 0
199.501 0
199.601 0
199.701 0
199.801 0
199.901 0
200.001 0
