0.001 0
0.101 0
0.201 0
0.301 2.72e+06
0.401 81600
0.501 3.9712e+06
0.601 6.0384e+06
0.701 0
0.801 5.984e+06
0.901 3.3184e+06
1.001 2.6928e+06
1.101 6.0112e+06
1.201 0
1.301 6.0656e+06
1.401 6.0656e+06
1.501 0
1.601 6.12e+06
1.701 3.0192e+06
1.801 3.1008e+06
1.901 6.1744e+06
2.001 0
2.101 6.1744e+06
2.201 6.2288e+06
2.301 0
2.401 6.2288e+06
2.501 2.7472e+06
2.601 3.536e+06
2.701 6.2832e+06
2.801 0
2.901 6.3376e+06
3.001 6.0112e+06
3.101 326400
3.201 6.392e+06
3.301 2.448e+06
3.401 3.944e+06
3.501 6.4464e+06
3.601 0
3.701 6.4464e+06
3.801 5.7392e+06
3.901 761600
4.001 6.5008e+06
4.101 2.176e+06
4.201 4.3792e+06
4.301 6.5552e+06
4.401 0
4.501 6.6096e+06
4.601 5.44e+06
4.701 1.1696e+06
4.801 6.664e+06
4.901 1.8768e+06
5.001 4.7872e+06
5.101 6.7184e+06
5.201 0
5.301 6.7184e+06
5.401 5.168e+06
5.501 1.6048e+06
5.601 6.7728e+06
5.701 1.6048e+06
5.801 5.2224e+06
5.901 6.8272e+06
6.001 0
6.101 6.8816e+06
6.201 4.8688e+06
6.301 2.0128e+06
6.401 6.936e+06
6.501 1.3056e+06
6.601 5.6304e+06
6.701 6.9904e+06
6.801 0
6.901 6.9904e+06
7.001 4.5968e+06
7.101 2.448e+06
7.201 7.0448e+06
7.301 1.0336e+06
7.401 6.0656e+06
7.501 7.0992e+06
7.601 0
7.701 7.1536e+06
7.801 4.2976e+06
7.901 2.856e+06
8.001 7.208e+06
8.101 734400
8.201 6.4736e+06
8.301 7.2624e+06
8.401 0
8.501 7.2624e+06
8.601 4.0256e+06
8.701 3.2912e+06
8.801 7.3168e+06
8.901 462400
9.001 6.9088e+06
9.101 7.2896e+06
9.201 81600
9.301 7.4256e+06
9.401 3.7264e+06
9.501 3.6992e+06
9.601 7.48e+06
9.701 163200
9.801 7.3168e+06
9.901 7.0176e+06
10.001 516800
10.101 7.5344e+06
10.201 3.4544e+06
10.301 4.1344e+06
10.401 7.5888e+06
10.501 0
10.601 7.6432e+06
10.701 6.7184e+06
10.801 924800
10.901 7.6976e+06
11.001 3.1552e+06
11.101 4.5424e+06
11.201 7.752e+06
11.301 0
11.401 7.752e+06
11.501 6.4464e+06
11.601 1.36e+06
11.701 7.8064e+06
11.801 2.8832e+06
11.901 4.9776e+06
12.001 7.8608e+06
12.101 0
12.201 7.9152e+06
12.301 6.1472e+06
12.401 1.768e+06
12.501 7.9696e+06
12.601 2.584e+06
12.701 5.3856e+06
12.801 8.024e+06
12.901 0
13.001 8.024e+06
13.101 5.8752e+06
13.201 2.2032e+06
13.301 8.0784e+06
13.401 2.312e+06
13.501 5.8208e+06
13.601 8.1328e+06
13.701 0
13.801 8.1872e+06
13.901 5.576e+06
14.001 2.6112e+06
14.101 8.2416e+06
14.201 2.0128e+06
14.301 6.2288e+06
14.401 8.296e+06
14.501 0
14.601 8.296e+06
14.701 5.304e+06
14.801 3.0464e+06
14.901 8.3504e+06
15.001 1.7408e+06
15.101 6.664e+06
15.201 8.4048e+06
15.301 0
15.401 8.4592e+06
15.501 5.0048e+06
15.601 3.4544e+06
15.701 8.5136e+06
15.801 1.4416e+06
15.901 7.072e+06
16.001 8.296e+06
16.101 272000
16.201 8.568e+06
16.301 4.7328e+06
16.401 3.8896e+06
16.501 8.6224e+06
16.601 1.1696e+06
16.701 7.5072e+06
16.801 7.9968e+06
16.901 680000
17.001 8.7312e+06
17.101 4.4336e+06
17.201 4.2976e+06
17.301 8.7856e+06
17.401 870400
17.501 7.9152e+06
17.601 7.7248e+06
17.701 1.1152e+06
17.801 8.84e+06
17.901 4.1616e+06
18.001 4.7328e+06
18.101 8.8944e+06
18.201 598400
18.301 8.3504e+06
18.401 7.4256e+06
18.501 1.5232e+06
18.601 9.0032e+06
18.701 3.8624e+06
18.801 5.1408e+06
18.901 9.0576e+06
19.001 299200
19.101 8.7584e+06
19.201 7.1536e+06
19.301 1.9584e+06
19.401 9.112e+06
19.501 3.5904e+06
19.601 5.576e+06
19.701 9.1664e+06
19.801 27200
19.901 9.1936e+06
20.001 6.8816e+06
20.101 2.3392e+06
20.201 9.2752e+06
20.301 3.2912e+06
20.401 5.984e+06
20.501 9.3296e+06
20.601 0
20.701 9.3296e+06
20.801 6.6096e+06
20.901 2.7744e+06
21.001 9.384e+06
21.101 3.0192e+06
21.201 6.4192e+06
21.301 9.4384e+06
21.401 0
21.501 9.4928e+06
21.601 6.3104e+06
21.701 3.1824e+06
21.801 9.5472e+06
21.901 2.72e+06
22.001 6.8272e+06
22.101 9.6016e+06
22.201 0
22.301 9.6016e+06
22.401 6.0384e+06
22.501 3.6176e+06
22.601 9.656e+06
22.701 2.4752e+06
22.801 7.208e+06
22.901 9.3024e+06
23.001 408000
23.101 9.7104e+06
23.201 5.7392e+06
23.301 4.0256e+06
23.401 9.7648e+06
23.501 2.176e+06
23.601 7.6432e+06
23.701 9.0032e+06
23.801 816000
23.901 9.8464e+06
24.001 5.44e+06
24.101 4.4336e+06
24.201 9.8736e+06
24.301 1.8768e+06
24.401 8.0512e+06
24.501 8.704e+06
24.601 1.224e+06
24.701 9.9824e+06
24.801 5.1408e+06
24.901 4.8416e+06
25.001 1.00368e+07
25.101 1.5776e+06
25.201 8.4592e+06
25.301 8.432e+06
25.401 1.6592e+06
25.501 1.00912e+07
25.601 4.8688e+06
25.701 5.2496e+06
25.801 1.01456e+07
25.901 1.2784e+06
26.001 8.8672e+06
26.101 8.1328e+06
26.201 2.0672e+06
26.301 1.02e+07
26.401 4.5696e+06
26.501 5.6848e+06
26.601 1.02544e+07
26.701 1.0064e+06
26.801 9.2752e+06
26.901 7.8336e+06
27.001 2.4752e+06
27.101 1.03088e+07
27.201 4.2704e+06
27.301 6.0928e+06
27.401 1.03632e+07
27.501 707200
27.601 9.7104e+06
27.701 7.5344e+06
27.801 2.8832e+06
27.901 1.0472e+07
28.001 3.9712e+06
28.101 6.5008e+06
28.201 1.05264e+07
28.301 408000
28.401 1.01184e+07
28.501 7.2624e+06
28.601 3.2912e+06
28.701 1.05808e+07
28.801 3.672e+06
28.901 6.9088e+06
29.001 1.05264e+07
29.101 217600
29.201 1.05264e+07
29.301 6.9632e+06
29.401 3.7264e+06
29.501 1.06896e+07
29.601 3.4e+06
29.701 7.3168e+06
29.801 1.02272e+07
29.901 516800
30.001 1.0744e+07
30.101 6.664e+06
30.201 4.1344e+06
30.301 1.07984e+07
30.401 3.1008e+06
30.501 7.7248e+06
30.601 9.928e+06
30.701 924800
30.801 1.08528e+07
30.901 6.3648e+06
31.001 4.5424e+06
31.101 1.09072e+07
31.201 2.8016e+06
31.301 8.16e+06
31.401 9.6288e+06
31.501 1.3328e+06
31.601 1.09888e+07
31.701 6.0656e+06
31.801 4.9504e+06
31.901 1.1016e+07
32.001 2.5024e+06
32.101 8.5408e+06
32.201 9.3296e+06
32.301 1.7408e+06
32.401 1.10704e+07
32.501 5.7664e+06
32.601 5.3312e+06
32.701 1.10976e+07
32.801 2.176e+06
32.901 8.9488e+06
33.001 9.0032e+06
33.101 2.1216e+06
33.201 1.11792e+07
33.301 5.44e+06
33.401 5.712e+06
33.501 1.1152e+07
33.601 1.904e+06
33.701 9.2752e+06
33.801 8.7584e+06
33.901 2.448e+06
34.001 1.12336e+07
34.101 5.168e+06
34.201 6.0656e+06
34.301 1.1288e+07
34.401 1.6048e+06
34.501 9.6832e+06
34.601 8.4592e+06
34.701 2.8832e+06
34.801 1.13424e+07
34.901 4.896e+06
35.001 6.4736e+06
35.101 1.13968e+07
35.201 1.3056e+06
35.301 1.00912e+07
35.401 8.16e+06
35.501 3.264e+06
35.601 1.14512e+07
35.701 4.5696e+06
35.801 6.8816e+06
35.901 1.1424e+07
36.001 1.0608e+06
36.101 1.04992e+07
36.201 7.8336e+06
36.301 3.672e+06
36.401 1.156e+07
36.501 4.2704e+06
36.601 7.2896e+06
36.701 1.11248e+07
36.801 1.1968e+06
36.901 1.09072e+07
37.001 7.5616e+06
37.101 4.08e+06
37.201 1.16688e+07
37.301 3.9712e+06
37.401 7.6976e+06
37.501 1.08256e+07
37.601 1.2784e+06
37.701 1.13152e+07
37.801 7.2352e+06
37.901 4.488e+06
38.001 1.17504e+07
38.101 3.672e+06
38.201 8.1056e+06
38.301 1.04992e+07
38.401 1.3872e+06
38.501 1.17232e+07
38.601 6.936e+06
38.701 4.896e+06
38.801 1.18864e+07
38.901 3.3728e+06
39.001 8.5136e+06
39.101 1.02272e+07
39.201 1.6864e+06
39.301 1.19408e+07
39.401 6.6368e+06
39.501 5.304e+06
39.601 1.1968e+07
39.701 3.0736e+06
39.801 8.9216e+06
39.901 9.928e+06
40.001 2.0672e+06
40.101 1.20224e+07
40.201 6.3376e+06
40.301 5.712e+06
40.401 1.20496e+07
40.501 2.7744e+06
40.601 9.3296e+06
40.701 9.6288e+06
40.801 2.4752e+06
40.901 1.21584e+07
41.001 6.0384e+06
41.101 6.12e+06
41.201 1.21856e+07
41.301 2.4752e+06
41.401 9.7376e+06
41.501 9.3296e+06
41.601 2.8832e+06
41.701 1.224e+07
41.801 5.7392e+06
41.901 6.528e+06
42.001 1.22672e+07
42.101 2.176e+06
42.201 1.01184e+07
42.301 9.0304e+06
42.401 3.2912e+06
42.501 1.23216e+07
42.601 5.4672e+06
42.701 6.9088e+06
42.801 1.22944e+07
42.901 1.9584e+06
43.001 1.05536e+07
43.101 8.7312e+06
43.201 3.6992e+06
43.301 1.24576e+07
43.401 5.168e+06
43.501 7.3168e+06
43.601 1.19952e+07
43.701 2.0672e+06
43.801 1.09344e+07
43.901 8.432e+06
44.001 4.1072e+06
44.101 1.25392e+07
44.201 4.8688e+06
44.301 7.6976e+06
44.401 1.1696e+07
44.501 2.1488e+06
44.601 1.13424e+07
44.701 8.1328e+06
44.801 4.488e+06
44.901 1.2648e+07
45.001 4.5424e+06
45.101 8.1056e+06
45.201 1.13968e+07
45.301 2.2576e+06
45.401 1.17232e+07
45.501 7.8064e+06
45.601 4.896e+06
45.701 1.27568e+07
45.801 4.2432e+06
45.901 8.5136e+06
46.001 1.10976e+07
46.101 2.3936e+06
46.201 1.21312e+07
46.301 7.5344e+06
46.401 5.304e+06
46.501 1.28656e+07
46.601 3.944e+06
46.701 8.9216e+06
46.801 1.07984e+07
46.901 2.4752e+06
47.001 1.25392e+07
47.101 7.208e+06
47.201 5.712e+06
47.301 1.29472e+07
47.401 3.6448e+06
47.501 9.3296e+06
47.601 1.0472e+07
47.701 2.584e+06
47.801 1.29472e+07
47.901 6.9088e+06
48.001 6.12e+06
48.101 1.30832e+07
48.201 3.3456e+06
48.301 9.7376e+06
48.401 1.02e+07
48.501 2.9104e+06
48.601 1.31376e+07
48.701 6.6096e+06
48.801 6.528e+06
48.901 1.31648e+07
49.001 3.0464e+06
49.101 1.01456e+07
49.201 9.8736e+06
49.301 3.3184e+06
49.401 1.32192e+07
49.501 6.3104e+06
49.601 6.936e+06
49.701 1.31376e+07
49.801 2.856e+06
49.901 1.05536e+07
50.001 9.5744e+06
50.101 3.7264e+06
50.201 1.33552e+07
50.301 6.0112e+06
50.401 7.344e+06
50.501 1.28656e+07
50.601 2.9648e+06
50.701 1.09616e+07
50.801 9.2752e+06
50.901 4.1344e+06
51.001 1.34368e+07
51.101 5.712e+06
51.201 7.752e+06
51.301 1.25392e+07
51.401 3.0736e+06
51.501 1.13424e+07
51.601 8.976e+06
51.701 4.5424e+06
51.801 1.35184e+07
51.901 5.4128e+06
52.001 8.16e+06
52.101 1.224e+07
52.201 3.1824e+06
52.301 1.17776e+07
52.401 8.6768e+06
52.501 4.9504e+06
52.601 1.36544e+07
52.701 5.1136e+06
52.801 8.568e+06
52.901 1.19408e+07
53.001 3.2912e+06
53.101 1.21584e+07
53.201 8.3776e+06
53.301 5.3584e+06
53.401 1.3736e+07
53.501 4.8144e+06
53.601 8.9488e+06
53.701 1.16416e+07
53.801 3.3728e+06
53.901 1.25664e+07
54.001 8.0784e+06
54.101 5.7392e+06
54.201 1.38448e+07
54.301 4.488e+06
54.401 9.3568e+06
54.501 1.13424e+07
54.601 3.4544e+06
54.701 1.29744e+07
54.801 7.752e+06
54.901 6.1472e+06
55.001 1.39264e+07
55.101 4.1888e+06
55.201 9.7648e+06
55.301 1.1016e+07
55.401 3.5632e+06
55.501 1.33552e+07
55.601 7.4528e+06
55.701 6.5552e+06
55.801 1.4008e+07
55.901 3.8896e+06
56.001 1.01456e+07
56.101 1.07168e+07
56.201 3.6448e+06
56.301 1.37632e+07
56.401 7.1536e+06
56.501 6.936e+06
56.601 1.39808e+07
56.701 3.6992e+06
56.801 1.05536e+07
56.901 1.04176e+07
57.001 3.7264e+06
57.101 1.41712e+07
57.201 6.8272e+06
57.301 7.344e+06
57.401 1.36816e+07
57.501 3.7808e+06
57.601 1.09616e+07
57.701 1.00912e+07
57.801 4.1344e+06
57.901 1.42528e+07
58.001 6.528e+06
58.101 7.752e+06
58.201 1.33552e+07
58.301 3.8896e+06
58.401 1.13424e+07
58.501 9.792e+06
58.601 4.5424e+06
58.701 1.43072e+07
58.801 6.2288e+06
58.901 8.0784e+06
59.001 1.31104e+07
59.101 3.8896e+06
59.201 1.16144e+07
59.301 9.5472e+06
59.401 4.76e+06
59.501 1.43072e+07
59.601 6.0112e+06
59.701 8.296e+06
59.801 1.28928e+07
59.901 3.8896e+06
60.001 1.1832e+07
60.101 9.3296e+06
60.201 4.9776e+06
60.301 1.43072e+07
60.401 5.7936e+06
60.501 8.5136e+06
60.601 1.26752e+07
60.701 3.8896e+06
60.801 1.20496e+07
60.901 9.112e+06
61.001 5.1952e+06
61.101 1.43072e+07
61.201 5.576e+06
61.301 8.7312e+06
61.401 1.24576e+07
61.501 3.8896e+06
61.601 1.22672e+07
61.701 8.8944e+06
61.801 5.4128e+06
61.901 1.43072e+07
62.001 5.3584e+06
62.101 8.9488e+06
62.201 1.224e+07
62.301 3.8896e+06
62.401 1.24848e+07
62.501 8.704e+06
62.601 5.6032e+06
62.701 1.43072e+07
62.801 5.1408e+06
62.901 9.1664e+06
63.001 1.20224e+07
63.101 3.8896e+06
63.201 1.27024e+07
63.301 8.4864e+06
63.401 5.8208e+06
63.501 1.43072e+07
63.601 4.9232e+06
63.701 9.384e+06
63.801 1.18048e+07
63.901 3.8896e+06
64.001 1.292e+07
64.101 8.2688e+06
64.201 6.0384e+06
64.301 1.43072e+07
64.401 4.7056e+06
64.501 9.6016e+06
64.601 1.15872e+07
64.701 3.8896e+06
64.801 1.31376e+07
64.901 8.0512e+06
65.001 6.256e+06
65.101 1.43072e+07
65.201 4.5152e+06
65.301 9.792e+06
65.401 1.13696e+07
65.501 3.8896e+06
65.601 1.33552e+07
65.701 7.8336e+06
65.801 6.4736e+06
65.901 1.43072e+07
66.001 4.2976e+06
66.101 1.00096e+07
66.201 1.1152e+07
66.301 3.8896e+06
66.401 1.35728e+07
66.501 7.616e+06
66.601 6.6912e+06
66.701 1.43072e+07
66.801 4.08e+06
66.901 1.02272e+07
67.001 1.09344e+07
67.101 3.8896e+06
67.201 1.37904e+07
67.301 7.3984e+06
67.401 6.9088e+06
67.501 1.42528e+07
67.601 3.9168e+06
67.701 1.04448e+07
67.801 1.07168e+07
67.901 3.9168e+06
68.001 1.39808e+07
68.101 7.1808e+06
68.201 7.1264e+06
68.301 1.40352e+07
68.401 3.9168e+06
68.501 1.06624e+07
68.601 1.04992e+07
68.701 3.9168e+06
68.801 1.41984e+07
68.901 6.9632e+06
69.001 7.344e+06
69.101 1.38176e+07
69.201 3.9168e+06
69.301 1.088e+07
69.401 1.02816e+07
69.501 4.0256e+06
69.601 1.43072e+07
69.701 6.7456e+06
69.801 7.5616e+06
69.901 1.36e+07
70.001 3.9168e+06
70.101 1.10976e+07
70.201 1.0064e+07
70.301 4.2432e+06
70.401 1.43072e+07
70.501 6.528e+06
70.601 7.7792e+06
70.701 1.33824e+07
70.801 3.9168e+06
70.901 1.13152e+07
71.001 9.8464e+06
71.101 4.4608e+06
71.201 1.43072e+07
71.301 6.3104e+06
71.401 7.9968e+06
71.501 1.31648e+07
71.601 3.9168e+06
71.701 1.15328e+07
71.801 9.6288e+06
71.901 4.6784e+06
72.001 1.43072e+07
72.101 6.0928e+06
72.201 8.2144e+06
72.301 1.29472e+07
72.401 3.9168e+06
72.501 1.17504e+07
72.601 9.4112e+06
72.701 4.896e+06
72.801 1.43072e+07
72.901 5.8752e+06
73.001 8.432e+06
73.101 1.27296e+07
73.201 3.9168e+06
73.301 1.1968e+07
73.401 9.1936e+06
73.501 5.1136e+06
73.601 1.43072e+07
73.701 5.6576e+06
73.801 8.6496e+06
73.901 1.2512e+07
74.001 3.9168e+06
74.101 1.21856e+07
74.201 8.976e+06
74.301 5.3312e+06
74.401 1.43072e+07
74.501 5.44e+06
74.601 8.8672e+06
74.701 1.22944e+07
74.801 3.9168e+06
74.901 1.24032e+07
75.001 8.7584e+06
75.101 5.5488e+06
75.201 1.43072e+07
75.301 5.2224e+06
75.401 9.0848e+06
75.501 1.20768e+07
75.601 3.9168e+06
75.701 1.26208e+07
75.801 8.5408e+06
75.901 5.7664e+06
76.001 1.43072e+07
76.101 5.0048e+06
76.201 9.3024e+06
76.301 1.18592e+07
76.401 3.9168e+06
76.501 1.28384e+07
76.601 8.3232e+06
76.701 5.984e+06
76.801 1.43072e+07
76.901 4.7872e+06
77.001 9.52e+06
77.101 1.16416e+07
77.201 3.9168e+06
77.301 1.3056e+07
77.401 8.1056e+06
77.501 6.2016e+06
77.601 1.43072e+07
77.701 4.5696e+06
77.801 9.7376e+06
77.901 1.1424e+07
78.001 3.9168e+06
78.101 1.32736e+07
78.201 7.888e+06
78.301 6.4192e+06
78.401 1.43072e+07
78.501 4.352e+06
78.601 9.9552e+06
78.701 1.12064e+07
78.801 3.9168e+06
78.901 1.34912e+07
79.001 7.6704e+06
79.101 6.6368e+06
79.201 1.43072e+07
79.301 4.1344e+06
79.401 1.01728e+07
79.501 1.09888e+07
79.601 3.9168e+06
79.701 1.37088e+07
79.801 7.4528e+06
79.901 6.8544e+06
80.001 1.43072e+07
80.101 3.9168e+06
80.201 1.03904e+07
80.301 1.07712e+07
80.401 3.9168e+06
80.501 1.39264e+07
80.601 7.2352e+06
80.701 7.072e+06
80.801 1.40896e+07
80.901 3.9168e+06
81.001 1.0608e+07
81.101 1.05536e+07
81.201 3.9168e+06
81.301 1.4144e+07
81.401 7.0176e+06
81.501 7.2896e+06
81.601 1.38992e+07
81.701 3.8896e+06
81.801 1.08256e+07
81.901 1.0336e+07
82.001 3.9712e+06
82.101 1.43072e+07
82.201 6.8e+06
82.301 7.5072e+06
82.401 1.36816e+07
82.501 3.8896e+06
82.601 1.10432e+07
82.701 1.01184e+07
82.801 4.1888e+06
82.901 1.43072e+07
83.001 6.5824e+06
83.101 7.7248e+06
83.201 1.3464e+07
83.301 3.8896e+06
83.401 1.12608e+07
83.501 9.9008e+06
83.601 4.4064e+06
83.701 1.43072e+07
83.801 6.3648e+06
83.901 7.9424e+06
84.001 1.32464e+07
84.101 3.8896e+06
84.201 1.14784e+07
84.301 9.6832e+06
84.401 4.624e+06
84.501 1.43072e+07
84.601 6.1472e+06
84.701 8.16e+06
84.801 1.30288e+07
84.901 3.8896e+06
85.001 1.1696e+07
85.101 9.4928e+06
85.201 4.8144e+06
85.301 1.43072e+07
85.401 5.9296e+06
85.501 8.3776e+06
85.601 1.28112e+07
85.701 3.8896e+06
85.801 1.19136e+07
85.901 9.2752e+06
86.001 5.032e+06
86.101 1.43072e+07
86.201 5.712e+06
86.301 8.5952e+06
86.401 1.25936e+07
86.501 3.8896e+06
86.601 1.21312e+07
86.701 9.0576e+06
86.801 5.2496e+06
86.901 1.43072e+07
87.001 5.4944e+06
87.101 8.8128e+06
87.201 1.2376e+07
87.301 3.8896e+06
87.401 1.23488e+07
87.501 8.84e+06
87.601 5.4672e+06
87.701 1.43072e+07
87.801 5.304e+06
87.901 9.0032e+06
88.001 1.21584e+07
88.101 3.8896e+06
88.201 1.25664e+07
88.301 8.6224e+06
88.401 5.6848e+06
88.501 1.43072e+07
88.601 5.0864e+06
88.701 9.2208e+06
88.801 1.19408e+07
88.901 3.8896e+06
89.001 1.2784e+07
89.101 8.4048e+06
89.201 5.9024e+06
89.301 1.43072e+07
89.401 4.8688e+06
89.501 9.4384e+06
89.601 1.17232e+07
89.701 3.8896e+06
89.801 1.30016e+07
89.901 8.1872e+06
90.001 6.12e+06
90.101 1.43072e+07
90.201 4.6512e+06
90.301 9.656e+06
90.401 1.15056e+07
90.501 3.9168e+06
90.601 1.3192e+07
90.701 7.9696e+06
90.801 6.3376e+06
90.901 1.43072e+07
91.001 4.4336e+06
91.101 9.8736e+06
91.201 1.1288e+07
91.301 3.9168e+06
91.401 1.34096e+07
91.501 7.752e+06
91.601 6.5552e+06
91.701 1.43072e+07
91.801 4.216e+06
91.901 1.00912e+07
92.001 1.10704e+07
92.101 3.9168e+06
92.201 1.36272e+07
92.301 7.5344e+06
92.401 6.7728e+06
92.501 1.43072e+07
92.601 3.9984e+06
92.701 1.03088e+07
92.801 1.08528e+07
92.901 3.9168e+06
93.001 1.38448e+07
93.101 7.3168e+06
93.201 6.9904e+06
93.301 1.41712e+07
93.401 3.9168e+06
93.501 1.05264e+07
93.601 1.06352e+07
93.701 3.9168e+06
93.801 1.40624e+07
93.901 7.0992e+06
94.001 7.208e+06
94.101 1.39536e+07
94.201 3.9168e+06
94.301 1.0744e+07
94.401 1.04176e+07
94.501 3.9168e+06
94.601 1.428e+07
94.701 6.8816e+06
94.801 7.4256e+06
94.901 1.3736e+07
95.001 3.9168e+06
95.101 1.09616e+07
95.201 1.02e+07
95.301 4.1072e+06
95.401 1.43072e+07
95.501 6.664e+06
95.601 7.6432e+06
95.701 1.35184e+07
95.801 3.9168e+06
95.901 1.11792e+07
96.001 9.9824e+06
96.101 4.3248e+06
96.201 1.43072e+07
96.301 6.4464e+06
96.401 7.8608e+06
96.501 1.33008e+07
96.601 3.9168e+06
96.701 1.13968e+07
96.801 9.7648e+06
96.901 4.5424e+06
97.001 1.43072e+07
97.101 6.2288e+06
97.201 8.0784e+06
97.301 1.30832e+07
97.401 3.9168e+06
97.501 1.16144e+07
97.601 9.5472e+06
97.701 4.76e+06
97.801 1.43072e+07
97.901 6.0112e+06
98.001 8.296e+06
98.101 1.28656e+07
98.201 3.9168e+06
98.301 1.1832e+07
98.401 9.3296e+06
98.501 4.9776e+06
98.601 1.43072e+07
98.701 5.7936e+06
98.801 8.5136e+06
98.901 1.2648e+07
99.001 3.9168e+06
99.101 1.20496e+07
99.201 9.112e+06
99.301 5.1952e+06
99.401 1.43072e+07
99.501 5.576e+06
99.601 8.7312e+06
99.701 1.24304e+07
99.801 3.9168e+06
99.901 1.22672e+07
100.001 8.8944e+06
100.101 5.4128e+06
100.201 1.43072e+07
100.301 5.3584e+06
100.401 8.9488e+06
100.501 1.22128e+07
100.601 3.9168e+06
100.701 1.24848e+07
100.801 8.6768e+06
100.901 5.6304e+06
101.001 1.43072e+07
101.101 5.1408e+06
101.201 9.1664e+06
101.301 1.19952e+07
101.401 3.9168e+06
101.501 1.27024e+07
101.601 8.4592e+06
101.701 5.848e+06
101.801 1.43072e+07
101.901 4.9232e+06
102.001 9.384e+06
102.101 1.17776e+07
102.201 3.9168e+06
102.301 1.292e+07
102.401 8.2416e+06
102.501 6.0656e+06
102.601 1.43072e+07
102.701 4.7056e+06
102.801 9.6016e+06
102.901 1.156e+07
103.001 3.9168e+06
103.101 1.31376e+07
103.201 8.024e+06
103.301 6.2832e+06
103.401 1.43072e+07
103.501 4.488e+06
103.601 9.8192e+06
103.701 1.13424e+07
103.801 3.9168e+06
103.901 1.33552e+07
104.001 7.8064e+06
104.101 6.5008e+06
104.201 1.43072e+07
104.301 4.2704e+06
104.401 1.00368e+07
104.501 1.11248e+07
104.601 3.9168e+06
104.701 1.35728e+07
104.801 7.5888e+06
104.901 6.7184e+06
105.001 1.43072e+07
105.101 4.0528e+06
105.201 1.02544e+07
105.301 1.09072e+07
105.401 3.9168e+06
105.501 1.37904e+07
105.601 7.3712e+06
105.701 6.936e+06
105.801 1.42528e+07
105.901 3.8896e+06
106.001 1.0472e+07
106.101 1.06896e+07
106.201 3.9168e+06
106.301 1.4008e+07
106.401 7.1536e+06
106.501 7.1536e+06
106.601 1.40352e+07
106.701 3.8896e+06
106.801 1.06896e+07
106.901 1.0472e+07
107.001 3.9168e+06
107.101 1.42256e+07
107.201 6.936e+06
107.301 7.3712e+06
107.401 1.38176e+07
107.501 3.8896e+06
107.601 1.09072e+07
107.701 1.02816e+07
107.801 4.0256e+06
107.901 1.43072e+07
108.001 6.7184e+06
108.101 7.5888e+06
108.201 1.36e+07
108.301 3.8896e+06
108.401 1.11248e+07
108.501 1.0064e+07
108.601 4.2432e+06
108.701 1.43072e+07
108.801 6.5008e+06
108.901 7.8064e+06
109.001 1.33824e+07
109.101 3.8896e+06
109.201 1.13424e+07
109.301 9.8464e+06
109.401 4.4608e+06
109.501 1.43072e+07
109.601 6.2832e+06
109.701 8.024e+06
109.801 1.31648e+07
109.901 3.8896e+06
110.001 1.156e+07
110.101 9.6288e+06
110.201 4.6784e+06
110.301 1.43072e+07
110.401 6.0928e+06
110.501 8.2144e+06
110.601 1.29472e+07
110.701 3.8896e+06
110.801 1.17776e+07
110.901 9.4112e+06
111.001 4.896e+06
111.101 1.43072e+07
111.201 5.8752e+06
111.301 8.432e+06
111.401 1.27296e+07
111.501 3.8896e+06
111.601 1.19952e+07
111.701 9.1936e+06
111.801 5.1136e+06
111.901 1.43072e+07
112.001 5.6576e+06
112.101 8.6496e+06
112.201 1.2512e+07
112.301 3.8896e+06
112.401 1.22128e+07
112.501 8.976e+06
112.601 5.3312e+06
112.701 1.43072e+07
112.801 5.44e+06
112.901 8.8672e+06
113.001 1.22944e+07
113.101 3.9168e+06
113.201 1.24032e+07
113.301 8.7584e+06
113.401 5.5488e+06
113.501 1.43072e+07
113.601 5.2224e+06
113.701 9.0848e+06
113.801 1.20768e+07
113.901 3.9168e+06
114.001 1.26208e+07
114.101 8.5408e+06
114.201 5.7664e+06
114.301 1.43072e+07
114.401 5.0048e+06
114.501 9.3024e+06
114.601 1.18592e+07
114.701 3.9168e+06
114.801 1.28384e+07
114.901 8.3232e+06
115.001 5.984e+06
115.101 1.43072e+07
115.201 4.7872e+06
115.301 9.52e+06
115.401 1.16416e+07
115.501 3.9168e+06
115.601 1.3056e+07
115.701 8.1056e+06
115.801 6.2016e+06
115.901 1.43072e+07
116.001 4.5696e+06
116.101 9.7376e+06
116.201 1.1424e+07
116.301 3.9168e+06
116.401 1.32736e+07
116.501 7.888e+06
116.601 6.4192e+06
116.701 1.43072e+07
116.801 4.352e+06
116.901 9.9552e+06
117.001 1.12064e+07
117.101 3.9168e+06
117.201 1.34912e+07
117.301 7.6704e+06
117.401 6.6368e+06
117.501 1.43072e+07
117.601 4.1344e+06
117.701 1.01728e+07
117.801 1.09888e+07
117.901 3.9168e+06
118.001 1.37088e+07
118.101 7.4528e+06
118.201 6.8544e+06
118.301 1.43072e+07
118.401 3.9168e+06
118.501 1.03904e+07
118.601 1.07712e+07
118.701 3.9168e+06
118.801 1.39264e+07
118.901 7.2352e+06
119.001 7.072e+06
119.101 1.40896e+07
119.201 3.9168e+06
119.301 1.0608e+07
119.401 1.05536e+07
119.501 3.9168e+06
119.601 1.4144e+07
119.701 7.0176e+06
119.801 7.2896e+06
119.901 1.3872e+07
120.001 3.9168e+06
120.101 1.08256e+07
120.201 1.0336e+07
120.301 3.9712e+06
120.401 1.43072e+07
120.501 6.8e+06
120.601 7.5072e+06
120.701 1.36544e+07
120.801 3.9168e+06
120.901 1.10432e+07
121.001 1.01184e+07
121.101 4.1888e+06
121.201 1.43072e+07
121.301 6.5824e+06
121.401 7.7248e+06
121.501 1.34368e+07
121.601 3.9168e+06
121.701 1.12608e+07
121.801 9.9008e+06
121.901 4.4064e+06
122.001 1.43072e+07
122.101 6.3648e+06
122.201 7.9424e+06
122.301 1.32192e+07
122.401 3.9168e+06
122.501 1.14784e+07
122.601 9.6832e+06
122.701 4.624e+06
122.801 1.43072e+07
122.901 6.1472e+06
123.001 8.16e+06
123.101 1.30016e+07
123.201 3.9168e+06
123.301 1.1696e+07
123.401 9.4656e+06
123.501 4.8416e+06
123.601 1.43072e+07
123.701 5.9296e+06
123.801 8.3776e+06
123.901 1.2784e+07
124.001 3.9168e+06
124.101 1.19136e+07
124.201 9.248e+06
124.301 5.0592e+06
124.401 1.43072e+07
124.501 5.712e+06
124.601 8.5952e+06
124.701 1.25664e+07
124.801 3.9168e+06
124.901 1.21312e+07
125.001 9.0304e+06
125.101 5.2768e+06
125.201 1.43072e+07
125.301 5.4944e+06
125.401 8.8128e+06
125.501 1.23488e+07
125.601 3.9168e+06
125.701 1.23488e+07
125.801 8.8128e+06
125.901 5.4944e+06
126.001 1.43072e+07
126.101 5.2768e+06
126.201 9.0304e+06
126.301 1.21312e+07
126.401 3.9168e+06
126.501 1.25664e+07
126.601 8.5952e+06
126.701 5.712e+06
126.801 1.43072e+07
126.901 5.0592e+06
127.001 9.248e+06
127.101 1.19136e+07
127.201 3.9168e+06
127.301 1.2784e+07
127.401 8.3776e+06
127.501 5.9296e+06
127.601 1.43072e+07
127.701 4.8416e+06
127.801 9.4656e+06
127.901 1.1696e+07
128.001 3.9168e+06
128.101 1.30016e+07
128.201 8.16e+06
128.301 6.1472e+06
128.401 1.43072e+07
128.501 4.624e+06
128.601 9.6832e+06
128.701 1.14784e+07
128.801 3.9168e+06
128.901 1.32192e+07
129.001 7.9424e+06
129.101 6.3648e+06
129.201 1.43072e+07
129.301 4.4064e+06
129.401 9.9008e+06
129.501 1.1288e+07
129.601 3.8896e+06
129.701 1.34368e+07
129.801 7.7248e+06
129.901 6.5824e+06
130.001 1.43072e+07
130.101 4.1888e+06
130.201 1.01184e+07
130.301 1.10704e+07
130.401 3.8896e+06
130.501 1.36544e+07
130.601 7.5072e+06
130.701 6.8e+06
130.801 1.43072e+07
130.901 3.9712e+06
131.001 1.0336e+07
131.101 1.08528e+07
131.201 3.8896e+06
131.301 1.3872e+07
131.401 7.2896e+06
131.501 7.0176e+06
131.601 1.41712e+07
131.701 3.8896e+06
131.801 1.05536e+07
131.901 1.06352e+07
132.001 3.8896e+06
132.101 1.40896e+07
132.201 7.072e+06
132.301 7.2352e+06
132.401 1.39536e+07
132.501 3.8896e+06
132.601 1.07712e+07
132.701 1.04176e+07
132.801 3.8896e+06
132.901 1.43072e+07
133.001 6.8816e+06
133.101 7.4256e+06
133.201 1.3736e+07
133.301 3.8896e+06
133.401 1.09888e+07
133.501 1.02e+07
133.601 4.1072e+06
133.701 1.43072e+07
133.801 6.664e+06
133.901 7.6432e+06
134.001 1.35184e+07
134.101 3.8896e+06
134.201 1.12064e+07
134.301 9.9824e+06
134.401 4.3248e+06
134.501 1.43072e+07
134.601 6.4464e+06
134.701 7.8608e+06
134.801 1.33008e+07
134.901 3.8896e+06
135.001 1.1424e+07
135.101 9.7648e+06
135.201 4.5424e+06
135.301 1.43072e+07
135.401 6.2288e+06
135.501 8.0784e+06
135.601 1.30832e+07
135.701 3.9168e+06
135.801 1.16144e+07
135.901 9.5472e+06
136.001 4.76e+06
136.101 1.43072e+07
136.201 6.0112e+06
136.301 8.296e+06
136.401 1.28656e+07
136.501 3.9168e+06
136.601 1.1832e+07
136.701 9.3296e+06
136.801 4.9776e+06
136.901 1.43072e+07
137.001 5.7936e+06
137.101 8.5136e+06
137.201 1.2648e+07
137.301 3.9168e+06
137.401 1.20496e+07
137.501 9.112e+06
137.601 5.1952e+06
137.701 1.43072e+07
137.801 5.576e+06
137.901 8.7312e+06
138.001 1.24304e+07
138.101 3.9168e+06
138.201 1.22672e+07
138.301 8.8944e+06
138.401 5.4128e+06
138.501 1.43072e+07
138.601 5.3584e+06
138.701 8.9488e+06
138.801 1.22128e+07
138.901 3.9168e+06
139.001 1.24848e+07
139.101 8.6768e+06
139.201 5.6304e+06
139.301 1.43072e+07
139.401 5.1408e+06
139.501 9.1664e+06
139.601 1.19952e+07
139.701 3.9168e+06
139.801 1.27024e+07
139.901 8.4592e+06
140.001 5.848e+06
140.101 1.43072e+07
140.201 4.9232e+06
140.301 9.384e+06
140.401 1.17776e+07
140.501 3.9168e+06
140.601 1.292e+07
140.701 8.2416e+06
140.801 6.0656e+06
140.901 1.43072e+07
141.001 4.7056e+06
141.101 9.6016e+06
141.201 1.156e+07
141.301 3.9168e+06
141.401 1.31376e+07
141.501 8.024e+06
141.601 6.2832e+06
141.701 1.43072e+07
141.801 4.488e+06
141.901 9.8192e+06
142.001 1.13424e+07
142.101 3.9168e+06
142.201 1.33552e+07
142.301 7.8064e+06
142.401 6.5008e+06
142.501 1.43072e+07
142.601 4.2704e+06
142.701 1.00368e+07
142.801 1.11248e+07
142.901 3.9168e+06
143.001 1.35728e+07
143.101 7.5888e+06
143.201 6.7184e+06
143.301 1.43072e+07
143.401 4.0528e+06
143.501 1.02544e+07
143.601 1.09072e+07
143.701 3.9168e+06
143.801 1.37904e+07
143.901 7.3712e+06
144.001 6.936e+06
144.101 1.42256e+07
144.201 3.9168e+06
144.301 1.0472e+07
144.401 1.06896e+07
144.501 3.9168e+06
144.601 1.4008e+07
144.701 7.1536e+06
144.801 7.1536e+06
144.901 1.4008e+07
145.001 3.9168e+06
145.101 1.06896e+07
145.201 1.0472e+07
145.301 3.9168e+06
145.401 1.42256e+07
145.501 6.936e+06
145.601 7.3712e+06
145.701 1.37904e+07
145.801 3.9168e+06
145.901 1.09072e+07
146.001 1.02544e+07
146.101 4.0528e+06
146.201 1.43072e+07
146.301 6.7184e+06
146.401 7.5888e+06
146.501 1.35728e+07
146.601 3.9168e+06
146.701 1.11248e+07
146.801 1.00368e+07
146.901 4.2704e+06
147.001 1.43072e+07
147.101 6.5008e+06
147.201 7.8064e+06
147.301 1.33552e+07
147.401 3.9168e+06
147.501 1.13424e+07
147.601 9.8192e+06
147.701 4.488e+06
147.801 1.43072e+07
147.901 6.2832e+06
148.001 8.024e+06
148.101 1.31376e+07
148.201 3.9168e+06
148.301 1.156e+07
148.401 9.6016e+06
148.501 4.7056e+06
148.601 1.43072e+07
148.701 6.0656e+06
148.801 8.2416e+06
148.901 1.292e+07
149.001 3.9168e+06
149.101 1.17776e+07
149.201 9.384e+06
149.301 4.9232e+06
149.401 1.43072e+07
149.501 5.848e+06
149.601 8.4592e+06
149.701 1.27024e+07
149.801 3.9168e+06
149.901 1.19952e+07
150.001 9.1664e+06
150.101 5.1408e+06
150.201 1.43072e+07
150.301 5.6304e+06
150.401 8.6768e+06
150.501 1.24848e+07
150.601 3.9168e+06
150.701 1.22128e+07
150.801 8.9488e+06
150.901 5.3584e+06
151.001 1.43072e+07
151.101 5.4128e+06
151.201 8.8944e+06
151.301 1.22672e+07
151.401 3.9168e+06
151.501 1.24304e+07
151.601 8.7312e+06
151.701 5.576e+06
151.801 1.43072e+07
151.901 5.1952e+06
152.001 9.112e+06
152.101 1.20768e+07
152.201 3.8896e+06
152.301 1.2648e+07
152.401 8.5136e+06
152.501 5.7936e+06
152.601 1.43072e+07
152.701 4.9776e+06
152.801 9.3296e+06
152.901 1.18592e+07
153.001 3.8896e+06
153.101 1.28656e+07
153.201 8.296e+06
153.301 6.0112e+06
153.401 1.43072e+07
153.501 4.76e+06
153.601 9.5472e+06
153.701 1.16416e+07
153.801 3.8896e+06
153.901 1.30832e+07
154.001 8.0784e+06
154.101 6.2288e+06
154.201 1.43072e+07
154.301 4.5424e+06
154.401 9.7648e+06
154.501 1.1424e+07
154.601 3.8896e+06
154.701 1.33008e+07
154.801 7.8608e+06
154.901 6.4464e+06
155.001 1.43072e+07
155.101 4.3248e+06
155.201 9.9824e+06
155.301 1.12064e+07
155.401 3.8896e+06
155.501 1.35184e+07
155.601 7.6704e+06
155.701 6.6368e+06
155.801 1.43072e+07
155.901 4.1072e+06
156.001 1.02e+07
156.101 1.09888e+07
156.201 3.8896e+06
156.301 1.3736e+07
156.401 7.4528e+06
156.501 6.8544e+06
156.601 1.43072e+07
156.701 3.8896e+06
156.801 1.04176e+07
156.901 1.07712e+07
157.001 3.8896e+06
157.101 1.39536e+07
157.201 7.2352e+06
157.301 7.072e+06
157.401 1.40896e+07
157.501 3.8896e+06
157.601 1.06352e+07
157.701 1.05536e+07
157.801 3.8896e+06
157.901 1.41712e+07
158.001 7.0176e+06
158.101 7.2896e+06
158.201 1.3872e+07
158.301 3.9168e+06
158.401 1.08256e+07
158.501 1.0336e+07
158.601 3.9712e+06
158.701 1.43072e+07
158.801 6.8e+06
158.901 7.5072e+06
159.001 1.36544e+07
159.101 3.9168e+06
159.201 1.10432e+07
159.301 1.01184e+07
159.401 4.1888e+06
159.501 1.43072e+07
159.601 6.5824e+06
159.701 7.7248e+06
159.801 1.34368e+07
159.901 3.9168e+06
160.001 1.12608e+07
160.101 9.9008e+06
160.201 4.4064e+06
160.301 1.43072e+07
160.401 6.3648e+06
160.501 7.9424e+06
160.601 1.32192e+07
160.701 3.9168e+06
160.801 1.14784e+07
160.901 9.6832e+06
161.001 4.624e+06
161.101 1.43072e+07
161.201 6.1472e+06
161.301 8.16e+06
161.401 1.30016e+07
161.501 3.9168e+06
161.601 1.1696e+07
161.701 9.4656e+06
161.801 4.8416e+06
161.901 1.43072e+07
162.001 5.9296e+06
162.101 8.3776e+06
162.201 1.2784e+07
162.301 3.9168e+06
162.401 1.19136e+07
162.501 9.248e+06
162.601 5.0592e+06
162.701 1.43072e+07
162.801 5.712e+06
162.901 8.5952e+06
163.001 1.25664e+07
163.101 3.9168e+06
163.201 1.21312e+07
163.301 9.0304e+06
163.401 5.2768e+06
163.501 1.43072e+07
163.601 5.4944e+06
163.701 8.8128e+06
163.801 1.23488e+07
163.901 3.9168e+06
164.001 1.23488e+07
164.101 8.8128e+06
164.201 5.4944e+06
164.301 1.43072e+07
164.401 5.2768e+06
164.501 9.0304e+06
164.601 1.21312e+07
164.701 3.9168e+06
164.801 1.25664e+07
164.901 8.5952e+06
165.001 5.712e+06
165.101 1.43072e+07
165.201 5.0592e+06
165.301 9.248e+06
165.401 1.19136e+07
165.501 3.9168e+06
165.601 1.2784e+07
165.701 8.3776e+06
165.801 5.9296e+06
165.901 1.43072e+07
166.001 4.8416e+06
166.101 9.4656e+06
166.201 1.1696e+07
166.301 3.9168e+06
166.401 1.30016e+07
166.501 8.16e+06
166.601 6.1472e+06
166.701 1.43072e+07
166.801 4.624e+06
166.901 9.6832e+06
167.001 1.14784e+07
167.101 3.9168e+06
167.201 1.32192e+07
167.301 7.9424e+06
167.401 6.3648e+06
167.501 1.43072e+07
167.601 4.4064e+06
167.701 9.9008e+06
167.801 1.12608e+07
167.901 3.9168e+06
168.001 1.34368e+07
168.101 7.7248e+06
168.201 6.5824e+06
168.301 1.43072e+07
168.401 4.1888e+06
168.501 1.01184e+07
168.601 1.10432e+07
168.701 3.9168e+06
168.801 1.36544e+07
168.901 7.5072e+06
169.001 6.8e+06
169.101 1.43072e+07
169.201 3.9712e+06
169.301 1.0336e+07
169.401 1.08256e+07
169.501 3.9168e+06
169.601 1.3872e+07
169.701 7.2896e+06
169.801 7.0176e+06
169.901 1.4144e+07
170.001 3.9168e+06
170.101 1.05536e+07
170.201 1.0608e+07
170.301 3.9168e+06
170.401 1.40896e+07
170.501 7.072e+06
170.601 7.2352e+06
170.701 1.39264e+07
170.801 3.9168e+06
170.901 1.07712e+07
171.001 1.03904e+07
171.101 3.9168e+06
171.201 1.43072e+07
171.301 6.8544e+06
171.401 7.4528e+06
171.501 1.37088e+07
171.601 3.9168e+06
171.701 1.09888e+07
171.801 1.01728e+07
171.901 4.1344e+06
172.001 1.43072e+07
172.101 6.6368e+06
172.201 7.6704e+06
172.301 1.34912e+07
172.401 3.9168e+06
172.501 1.12064e+07
172.601 9.9552e+06
172.701 4.352e+06
172.801 1.43072e+07
172.901 6.4192e+06
173.001 7.888e+06
173.101 1.32736e+07
173.201 3.9168e+06
173.301 1.1424e+07
173.401 9.7376e+06
173.501 4.5696e+06
173.601 1.43072e+07
173.701 6.2016e+06
173.801 8.1056e+06
173.901 1.3056e+07
174.001 3.9168e+06
174.101 1.16416e+07
174.201 9.52e+06
174.301 4.7872e+06
174.401 1.43072e+07
174.501 5.984e+06
174.601 8.3232e+06
174.701 1.28656e+07
174.801 3.8896e+06
174.901 1.18592e+07
175.001 9.3024e+06
175.101 5.0048e+06
175.201 1.43072e+07
175.301 5.7664e+06
175.401 8.5408e+06
175.501 1.2648e+07
175.601 3.8896e+06
175.701 1.20768e+07
175.801 9.0848e+06
175.901 5.2224e+06
176.001 1.43072e+07
176.101 5.5488e+06
176.201 8.7584e+06
176.301 1.24304e+07
176.401 3.8896e+06
176.501 1.22944e+07
176.601 8.8672e+06
176.701 5.44e+06
176.801 1.43072e+07
176.901 5.3312e+06
177.001 8.976e+06
177.101 1.22128e+07
177.201 3.8896e+06
177.301 1.2512e+07
177.401 8.6496e+06
177.501 5.6576e+06
177.601 1.43072e+07
177.701 5.1136e+06
177.801 9.1936e+06
177.901 1.19952e+07
178.001 3.8896e+06
178.101 1.27296e+07
178.201 8.4592e+06
178.301 5.848e+06
178.401 1.43072e+07
178.501 4.896e+06
178.601 9.4112e+06
178.701 1.17776e+07
178.801 3.8896e+06
178.901 1.29472e+07
179.001 8.2416e+06
179.101 6.0656e+06
179.201 1.43072e+07
179.301 4.6784e+06
179.401 9.6288e+06
179.501 1.156e+07
179.601 3.8896e+06
179.701 1.31648e+07
179.801 8.024e+06
179.901 6.2832e+06
180.001 1.43072e+07
180.101 4.4608e+06
180.201 9.8464e+06
180.301 1.13424e+07
180.401 3.8896e+06
180.501 1.33824e+07
180.601 7.8064e+06
180.701 6.5008e+06
180.801 1.43072e+07
180.901 4.2704e+06
181.001 1.00368e+07
181.101 1.11248e+07
181.201 3.8896e+06
181.301 1.36e+07
181.401 7.5888e+06
181.501 6.7184e+06
181.601 1.43072e+07
181.701 4.0528e+06
181.801 1.02544e+07
181.901 1.09072e+07
182.001 3.8896e+06
182.101 1.38176e+07
182.201 7.3712e+06
182.301 6.936e+06
182.401 1.42256e+07
182.501 3.9168e+06
182.601 1.0472e+07
182.701 1.06896e+07
182.801 3.8896e+06
182.901 1.40352e+07
183.001 7.1536e+06
183.101 7.1536e+06
183.201 1.4008e+07
183.301 3.9168e+06
183.401 1.06896e+07
183.501 1.0472e+07
183.601 3.9168e+06
183.701 1.42256e+07
183.801 6.936e+06
183.901 7.3712e+06
184.001 1.37904e+07
184.101 3.9168e+06
184.201 1.09072e+07
184.301 1.02544e+07
184.401 4.0528e+06
184.501 1.43072e+07
184.601 6.7184e+06
184.701 7.5888e+06
184.801 1.35728e+07
184.901 3.9168e+06
185.001 1.11248e+07
185.101 1.00368e+07
185.201 4.2704e+06
185.301 1.43072e+07
185.401 6.5008e+06
185.501 7.8064e+06
185.601 1.33552e+07
185.701 3.9168e+06
185.801 1.13424e+07
185.901 9.8192e+06
186.001 4.488e+06
186.101 1.43072e+07
186.201 6.2832e+06
186.301 8.024e+06
186.401 1.31376e+07
186.501 3.9168e+06
186.601 1.156e+07
186.701 9.6016e+06
186.801 4.7056e+06
186.901 1.43072e+07
187.001 6.0656e+06
187.101 8.2416e+06
187.201 1.292e+07
187.301 3.9168e+06
187.401 1.17776e+07
187.501 9.384e+06
187.601 4.9232e+06
187.701 1.43072e+07
187.801 5.848e+06
187.901 8.4592e+06
188.001 1.27024e+07
188.101 3.9168e+06
188.201 1.19952e+07
188.301 9.1664e+06
188.401 5.1408e+06
188.501 1.43072e+07
188.601 5.6304e+06
188.701 8.6768e+06
188.801 1.24848e+07
188.901 3.9168e+06
189.001 1.22128e+07
189.101 8.9488e+06
189.201 5.3584e+06
189.301 1.43072e+07
189.401 5.4128e+06
189.501 8.8944e+06
189.601 1.22672e+07
189.701 3.9168e+06
189.801 1.24304e+07
189.901 8.7312e+06
190.001 5.576e+06
190.101 1.43072e+07
190.201 5.1952e+06
190.301 9.112e+06
190.401 1.20496e+07
190.501 3.9168e+06
190.601 1.2648e+07
190.701 8.5136e+06
190.801 5.7936e+06
190.901 1.43072e+07
191.001 4.9776e+06
191.101 9.3296e+06
191.201 1.1832e+07
191.301 3.9168e+06
191.401 1.28656e+07
191.501 8.296e+06
191.601 6.0112e+06
191.701 1.43072e+07
191.801 4.76e+06
191.901 9.5472e+06
192.001 1.16144e+07
192.101 3.9168e+06
192.201 1.30832e+07
192.301 8.0784e+06
192.401 6.2288e+06
192.501 1.43072e+07
192.601 4.5424e+06
192.701 9.7648e+06
192.801 1.13968e+07
192.901 3.9168e+06
193.001 1.33008e+07
193.101 7.8608e+06
193.201 6.4464e+06
193.301 1.43072e+07
193.401 4.3248e+06
193.501 9.9824e+06
193.601 1.11792e+07
193.701 3.9168e+06
193.801 1.35184e+07
193.901 7.6432e+06
194.001 6.664e+06
194.101 1.43072e+07
194.201 4.1072e+06
194.301 1.02e+07
194.401 1.09616e+07
194.501 3.9168e+06
194.601 1.3736e+07
194.701 7.4256e+06
194.801 6.8816e+06
194.901 1.428e+07
195.001 3.9168e+06
195.101 1.04176e+07
195.201 1.0744e+07
195.301 3.9168e+06
195.401 1.39536e+07
195.501 7.208e+06
195.601 7.0992e+06
195.701 1.40624e+07
195.801 3.9168e+06
195.901 1.06352e+07
196.001 1.05264e+07
196.101 3.9168e+06
196.201 1.41712e+07
196.301 6.9904e+06
196.401 7.3168e+06
196.501 1.38448e+07
196.601 3.9168e+06
196.701 1.08528e+07
196.801 1.03088e+07
196.901 3.9984e+06
197.001 1.43072e+07
197.101 6.7728e+06
197.201 7.5344e+06
197.301 1.36544e+07
197.401 3.8896e+06
197.501 1.10704e+07
197.601 1.00912e+07
197.701 4.216e+06
197.801 1.43072e+07
197.901 6.5552e+06
198.001 7.752e+06
198.101 1.34368e+07
198.201 3.8896e+06
198.301 1.1288e+07
198.401 9.8736e+06
198.501 4.4336e+06
198.601 1.43072e+07
198.701 6.3376e+06
198.801 7.9696e+06
198.901 1.03632e+07
199.001 0
199.101 0
199.201 0
199.301 0
199.401 0
199.501 0
199.601 0
199.701 0
199.801 0
199.901 0
200.001 0
