0.001 0
0.101 0
0.201 0
0.301 903654
0.401 698653
0.501 1.35186e+06
0.601 2.13165e+06
0.701 1.82756e+06
0.801 2.34647e+06
0.901 2.45434e+06
1.001 2.47816e+06
1.101 2.79906e+06
1.201 2.566e+06
1.301 2.83499e+06
1.401 3.06558e+06
1.501 2.86135e+06
1.601 3.06488e+06
1.701 3.0622e+06
1.801 3.06434e+06
1.901 3.22794e+06
2.001 3.06663e+06
2.101 3.21455e+06
2.201 3.35149e+06
2.301 3.20584e+06
2.401 3.33175e+06
2.501 3.30837e+06
2.601 3.31712e+06
2.701 3.42694e+06
2.801 3.30459e+06
2.901 3.40914e+06
3.001 3.49585e+06
3.101 3.39364e+06
3.201 3.48731e+06
3.301 3.45583e+06
3.401 3.47018e+06
3.501 3.55519e+06
3.601 3.45646e+06
3.701 3.53725e+06
3.801 3.59518e+06
3.901 3.52254e+06
4.001 3.59698e+06
4.101 3.56233e+06
4.201 3.58178e+06
4.301 3.65091e+06
4.401 3.56795e+06
4.501 3.63553e+06
4.601 3.67475e+06
4.701 3.62146e+06
4.801 3.68483e+06
4.901 3.64794e+06
5.001 3.67072e+06
5.101 3.73047e+06
5.201 3.65874e+06
5.301 3.71646e+06
5.401 3.74334e+06
5.501 3.70446e+06
5.601 3.75924e+06
5.701 3.72145e+06
5.801 3.74733e+06
5.901 3.79952e+06
6.001 3.7362e+06
6.101 3.78776e+06
6.201 3.80519e+06
6.301 3.77675e+06
6.401 3.8261e+06
6.501 3.78733e+06
6.601 3.81525e+06
6.701 3.86264e+06
6.801 3.80584e+06
6.901 3.85199e+06
7.001 3.86263e+06
7.101 3.8427e+06
7.201 3.88717e+06
7.301 3.84809e+06
7.401 3.87805e+06
7.501 3.92099e+06
7.601 3.86941e+06
7.701 3.91205e+06
7.801 3.917e+06
7.901 3.90357e+06
8.001 3.94487e+06
8.101 3.90524e+06
8.201 3.93655e+06
8.301 3.97662e+06
8.401 3.92928e+06
8.501 3.96849e+06
8.601 3.96916e+06
8.701 3.96137e+06
8.801 3.99949e+06
8.901 3.95975e+06
9.001 3.99252e+06
9.101 4.02874e+06
9.201 3.98585e+06
9.301 4.02283e+06
9.401 4.01967e+06
9.501 4.0163e+06
9.601 4.05238e+06
9.701 4.01229e+06
9.801 4.046e+06
9.901 4.07602e+06
10.001 4.04043e+06
10.101 4.07502e+06
10.201 4.06893e+06
10.301 4.06957e+06
10.401 4.10341e+06
10.501 4.06433e+06
10.601 4.09809e+06
10.701 4.12258e+06
10.801 4.09297e+06
10.901 4.12604e+06
11.001 4.11721e+06
11.101 4.12104e+06
11.201 4.15346e+06
11.301 4.1167e+06
11.401 4.14859e+06
11.501 4.16857e+06
11.601 4.14436e+06
11.701 4.17566e+06
11.801 4.1647e+06
11.901 4.17154e+06
12.001 4.20228e+06
12.101 4.16755e+06
12.201 4.19827e+06
12.301 4.21411e+06
12.401 4.19438e+06
12.501 4.22458e+06
12.601 4.21156e+06
12.701 4.22081e+06
12.801 4.25052e+06
12.901 4.21757e+06
13.001 4.24685e+06
13.101 4.25928e+06
13.201 4.2437e+06
13.301 4.27253e+06
13.401 4.2579e+06
13.501 4.26948e+06
13.601 4.29788e+06
13.701 4.26651e+06
13.801 4.29492e+06
13.901 4.30414e+06
14.001 4.29205e+06
14.101 4.32006e+06
14.201 4.30381e+06
14.301 4.31727e+06
14.401 4.3449e+06
14.501 4.31494e+06
14.601 4.3422e+06
14.701 4.34874e+06
14.801 4.33994e+06
14.901 4.36686e+06
15.001 4.34935e+06
15.101 4.36468e+06
15.201 4.39126e+06
15.301 4.36256e+06
15.401 4.38916e+06
15.501 4.39313e+06
15.601 4.38711e+06
15.701 4.4134e+06
15.801 4.39459e+06
15.901 4.41143e+06
16.001 4.4357e+06
16.101 4.40984e+06
16.201 4.43551e+06
16.301 4.43733e+06
16.401 4.43399e+06
16.501 4.45938e+06
16.601 4.43956e+06
16.701 4.45793e+06
16.801 4.47899e+06
16.901 4.45651e+06
17.001 4.48166e+06
17.101 4.48138e+06
17.201 4.48031e+06
17.301 4.50519e+06
17.401 4.4843e+06
17.501 4.50391e+06
17.601 4.52221e+06
17.701 4.50296e+06
17.801 4.52732e+06
17.901 4.52528e+06
18.001 4.52643e+06
18.101 4.55056e+06
18.201 4.52885e+06
18.301 4.54973e+06
18.401 4.56536e+06
18.501 4.54892e+06
18.601 4.57286e+06
18.701 4.56906e+06
18.801 4.57211e+06
18.901 4.59584e+06
19.001 4.57322e+06
19.101 4.59514e+06
19.201 4.60846e+06
19.301 4.59473e+06
19.401 4.61801e+06
19.501 4.61274e+06
19.601 4.61766e+06
19.701 4.64075e+06
19.801 4.61745e+06
19.901 4.64044e+06
20.001 4.65165e+06
20.101 4.64014e+06
20.201 4.66309e+06
20.301 4.65633e+06
20.401 4.66284e+06
20.501 4.6856e+06
20.601 4.66286e+06
20.701 4.6854e+06
20.801 4.69465e+06
20.901 4.68546e+06
21.001 4.70784e+06
21.101 4.69983e+06
21.201 4.70794e+06
21.301 4.73015e+06
21.401 4.70805e+06
21.501 4.7303e+06
21.601 4.73762e+06
21.701 4.73045e+06
21.801 4.75255e+06
21.901 4.74326e+06
22.001 4.75274e+06
22.101 4.77468e+06
22.201 4.75317e+06
22.301 4.77491e+06
22.401 4.78055e+06
22.501 4.77538e+06
22.601 4.79698e+06
22.701 4.78675e+06
22.801 4.79737e+06
22.901 4.81704e+06
23.001 4.79787e+06
23.101 4.81914e+06
23.201 4.8231e+06
23.301 4.81968e+06
23.401 4.84081e+06
23.501 4.82947e+06
23.601 4.84139e+06
23.701 4.85895e+06
23.801 4.84197e+06
23.901 4.86291e+06
24.001 4.86531e+06
24.101 4.86352e+06
24.201 4.88422e+06
24.301 4.87185e+06
24.401 4.88488e+06
24.501 4.90046e+06
24.601 4.88552e+06
24.701 4.90615e+06
24.801 4.9071e+06
24.901 4.90684e+06
25.001 4.92735e+06
25.101 4.91401e+06
25.201 4.92808e+06
25.301 4.94193e+06
25.401 4.929e+06
25.501 4.94925e+06
25.601 4.94893e+06
25.701 4.9501e+06
25.801 4.97024e+06
25.901 4.95598e+06
26.001 4.97103e+06
26.101 4.98314e+06
26.201 4.97201e+06
26.301 4.99189e+06
26.401 4.99029e+06
26.501 4.99291e+06
26.601 5.01269e+06
26.701 4.99769e+06
26.801 5.01365e+06
26.901 5.02413e+06
27.001 5.01469e+06
27.101 5.03422e+06
27.201 5.03142e+06
27.301 5.0353e+06
27.401 5.05475e+06
27.501 5.03894e+06
27.601 5.05586e+06
27.701 5.06481e+06
27.801 5.05696e+06
27.901 5.07637e+06
28.001 5.07242e+06
28.101 5.07751e+06
28.201 5.09683e+06
28.301 5.08026e+06
28.401 5.098e+06
28.501 5.10559e+06
28.601 5.09925e+06
28.701 5.11835e+06
28.801 5.11333e+06
28.901 5.11954e+06
29.001 5.13818e+06
29.101 5.12128e+06
29.201 5.13979e+06
29.301 5.14601e+06
29.401 5.14118e+06
29.501 5.15999e+06
29.601 5.15404e+06
29.701 5.16132e+06
29.801 5.17832e+06
29.901 5.16273e+06
30.001 5.18134e+06
30.101 5.18626e+06
30.201 5.18278e+06
30.301 5.20131e+06
30.401 5.1944e+06
30.501 5.2027e+06
30.601 5.21814e+06
30.701 5.20416e+06
30.801 5.2225e+06
30.901 5.22619e+06
31.001 5.22399e+06
31.101 5.24226e+06
31.201 5.23444e+06
31.301 5.24378e+06
31.401 5.25775e+06
31.501 5.24529e+06
31.601 5.26346e+06
31.701 5.26599e+06
31.801 5.265e+06
31.901 5.28303e+06
32.001 5.27434e+06
32.101 5.28452e+06
32.201 5.29708e+06
32.301 5.28607e+06
32.401 5.30392e+06
32.501 5.30534e+06
32.601 5.30542e+06
32.701 5.32314e+06
32.801 5.31354e+06
32.901 5.32459e+06
33.001 5.33574e+06
33.101 5.32603e+06
33.201 5.34366e+06
33.301 5.34395e+06
33.401 5.34505e+06
33.501 5.36238e+06
33.601 5.35209e+06
33.701 5.36373e+06
33.801 5.37377e+06
33.901 5.36514e+06
34.001 5.3824e+06
34.101 5.38177e+06
34.201 5.38377e+06
34.301 5.40099e+06
34.401 5.38995e+06
34.501 5.40239e+06
34.601 5.41123e+06
34.701 5.40394e+06
34.801 5.42101e+06
34.901 5.4195e+06
35.001 5.42251e+06
35.101 5.43954e+06
35.201 5.42779e+06
35.301 5.441e+06
35.401 5.44868e+06
35.501 5.44253e+06
35.601 5.45941e+06
35.701 5.45691e+06
35.801 5.46089e+06
35.901 5.4775e+06
36.001 5.46523e+06
36.101 5.47918e+06
36.201 5.48568e+06
36.301 5.48069e+06
36.401 5.49739e+06
36.501 5.49403e+06
36.601 5.49893e+06
36.701 5.51426e+06
36.801 5.50253e+06
36.901 5.51718e+06
37.001 5.5227e+06
37.101 5.51881e+06
37.201 5.53534e+06
37.301 5.53115e+06
37.401 5.53694e+06
37.501 5.55105e+06
37.601 5.53968e+06
37.701 5.555e+06
37.801 5.55945e+06
37.901 5.55662e+06
38.001 5.57292e+06
38.101 5.56793e+06
38.201 5.57457e+06
38.301 5.58743e+06
38.401 5.57649e+06
38.501 5.59246e+06
38.601 5.59594e+06
38.701 5.59413e+06
38.801 5.61035e+06
38.901 5.60459e+06
39.001 5.61205e+06
39.101 5.62386e+06
39.201 5.61381e+06
39.301 5.62991e+06
39.401 5.63247e+06
39.501 5.63163e+06
39.601 5.64764e+06
39.701 5.64115e+06
39.801 5.64939e+06
39.901 5.66012e+06
40.001 5.65113e+06
40.101 5.66702e+06
40.201 5.66869e+06
40.301 5.6688e+06
40.401 5.68459e+06
40.501 5.67741e+06
40.601 5.6864e+06
40.701 5.69609e+06
40.801 5.68819e+06
40.901 5.70401e+06
41.001 5.70483e+06
41.101 5.70584e+06
41.201 5.72157e+06
41.301 5.71371e+06
41.401 5.72343e+06
41.501 5.73211e+06
41.601 5.72527e+06
41.701 5.74089e+06
41.801 5.74088e+06
41.901 5.74276e+06
42.001 5.7583e+06
42.101 5.74979e+06
42.201 5.76014e+06
42.301 5.76787e+06
42.401 5.76203e+06
42.501 5.77746e+06
42.601 5.77674e+06
42.701 5.77939e+06
42.801 5.79461e+06
42.901 5.78567e+06
43.001 5.79675e+06
43.101 5.80356e+06
43.201 5.79869e+06
43.301 5.81407e+06
43.401 5.81258e+06
43.501 5.81604e+06
43.601 5.83021e+06
43.701 5.8216e+06
43.801 5.83327e+06
43.901 5.83919e+06
44.001 5.83526e+06
44.101 5.85046e+06
44.201 5.84824e+06
44.301 5.85241e+06
44.401 5.86557e+06
44.501 5.85722e+06
44.601 5.86952e+06
44.701 5.87458e+06
44.801 5.87149e+06
44.901 5.88658e+06
45.001 5.88359e+06
45.101 5.88852e+06
45.201 5.9007e+06
45.301 5.89266e+06
45.401 5.90551e+06
45.501 5.90968e+06
45.601 5.90746e+06
45.701 5.92245e+06
45.801 5.91878e+06
45.901 5.92443e+06
46.001 5.93568e+06
46.101 5.928e+06
46.201 5.94142e+06
46.301 5.94486e+06
46.401 5.94348e+06
46.501 5.95837e+06
46.601 5.95405e+06
46.701 5.9604e+06
46.801 5.97074e+06
46.901 5.96328e+06
47.001 5.97728e+06
47.101 5.97989e+06
47.201 5.97932e+06
47.301 5.99405e+06
47.401 5.9891e+06
47.501 5.99613e+06
47.601 6.00553e+06
47.701 5.99836e+06
47.801 6.0129e+06
47.901 6.01477e+06
48.001 6.01498e+06
48.101 6.02968e+06
48.201 6.02411e+06
48.301 6.0318e+06
48.401 6.04041e+06
48.501 6.03396e+06
48.601 6.04857e+06
48.701 6.04973e+06
48.801 6.05071e+06
48.901 6.06525e+06
49.001 6.05909e+06
49.101 6.06742e+06
49.201 6.07515e+06
49.301 6.06956e+06
49.401 6.08403e+06
49.501 6.08449e+06
49.601 6.08621e+06
49.701 6.10039e+06
49.801 6.09388e+06
49.901 6.10282e+06
50.001 6.10976e+06
50.101 6.105e+06
50.201 6.11944e+06
50.301 6.11923e+06
50.401 6.12166e+06
50.501 6.13501e+06
50.601 6.12875e+06
50.701 6.13828e+06
50.801 6.14446e+06
50.901 6.14051e+06
51.001 6.15481e+06
51.101 6.15395e+06
51.201 6.15707e+06
51.301 6.16951e+06
51.401 6.16348e+06
51.501 6.17354e+06
51.601 6.17897e+06
51.701 6.17581e+06
51.801 6.18998e+06
51.901 6.18848e+06
52.001 6.19227e+06
52.101 6.20388e+06
52.201 6.19809e+06
52.301 6.20876e+06
52.401 6.21347e+06
52.501 6.21107e+06
52.601 6.22522e+06
52.701 6.22311e+06
52.801 6.22755e+06
52.901 6.23835e+06
53.001 6.23279e+06
53.101 6.24395e+06
53.201 6.24796e+06
53.301 6.24629e+06
53.401 6.26031e+06
53.501 6.25761e+06
53.601 6.26263e+06
53.701 6.27265e+06
53.801 6.26726e+06
53.901 6.27895e+06
54.001 6.28228e+06
54.101 6.28127e+06
54.201 6.29523e+06
54.301 6.2919e+06
54.401 6.29753e+06
54.501 6.30679e+06
54.601 6.30157e+06
54.701 6.31377e+06
54.801 6.31639e+06
54.901 6.31608e+06
55.001 6.32992e+06
55.101 6.32603e+06
55.201 6.33226e+06
55.301 6.34073e+06
55.401 6.33572e+06
55.501 6.34837e+06
55.601 6.35035e+06
55.701 6.35072e+06
55.801 6.36444e+06
55.901 6.36002e+06
56.001 6.36677e+06
56.101 6.37453e+06
56.201 6.36967e+06
56.301 6.3828e+06
56.401 6.38417e+06
56.501 6.38515e+06
56.601 6.39857e+06
56.701 6.39381e+06
56.801 6.40113e+06
56.901 6.40819e+06
57.001 6.40348e+06
57.101 6.41709e+06
57.201 6.4178e+06
57.301 6.41942e+06
57.401 6.43207e+06
57.501 6.42746e+06
57.601 6.43533e+06
57.701 6.44167e+06
57.801 6.43768e+06
57.901 6.45117e+06
58.001 6.45131e+06
58.101 6.45355e+06
58.201 6.4654e+06
58.301 6.46099e+06
58.401 6.46934e+06
58.501 6.47502e+06
58.601 6.47173e+06
58.701 6.48507e+06
58.801 6.48464e+06
58.901 6.48734e+06
59.001 6.49857e+06
59.101 6.49415e+06
59.201 6.5028e+06
59.301 6.50794e+06
59.401 6.50499e+06
59.501 6.51811e+06
59.601 6.51726e+06
59.701 6.52024e+06
59.801 6.53089e+06
59.901 6.52648e+06
60.001 6.53533e+06
60.101 6.53998e+06
60.201 6.53738e+06
60.301 6.55026e+06
60.401 6.54901e+06
60.501 6.55226e+06
60.601 6.56236e+06
60.701 6.55796e+06
60.801 6.56699e+06
60.901 6.57117e+06
61.001 6.56892e+06
61.101 6.58158e+06
61.201 6.57994e+06
61.301 6.58345e+06
61.401 6.59301e+06
61.501 6.58862e+06
61.601 6.59784e+06
61.701 6.60156e+06
61.801 6.59963e+06
61.901 6.61209e+06
62.001 6.61006e+06
62.101 6.61383e+06
62.201 6.62287e+06
62.301 6.61849e+06
62.401 6.62789e+06
62.501 6.63121e+06
62.601 6.62957e+06
62.701 6.64181e+06
62.801 6.63942e+06
62.901 6.64344e+06
63.001 6.65198e+06
63.101 6.6476e+06
63.201 6.65718e+06
63.301 6.66007e+06
63.401 6.65875e+06
63.501 6.67079e+06
63.601 6.66804e+06
63.701 6.67231e+06
63.801 6.68035e+06
63.901 6.67598e+06
64.001 6.68574e+06
64.101 6.68821e+06
64.201 6.6872e+06
64.301 6.69905e+06
64.401 6.69595e+06
64.501 6.70046e+06
64.601 6.70802e+06
64.701 6.70367e+06
64.801 6.7136e+06
64.901 6.71566e+06
65.001 6.71495e+06
65.101 6.72661e+06
65.201 6.72322e+06
65.301 6.72792e+06
65.401 6.73502e+06
65.501 6.73067e+06
65.601 6.74077e+06
65.701 6.74243e+06
65.801 6.74203e+06
65.901 6.7535e+06
66.001 6.74978e+06
66.101 6.75472e+06
66.201 6.76136e+06
66.301 6.75703e+06
66.401 6.76729e+06
66.501 6.76857e+06
66.601 6.76845e+06
66.701 6.77975e+06
66.801 6.77571e+06
66.901 6.78087e+06
67.001 6.78707e+06
67.101 6.78275e+06
67.201 6.79318e+06
67.301 6.79408e+06
67.401 6.79425e+06
67.501 6.8053e+06
67.601 6.80103e+06
67.701 6.80641e+06
67.801 6.81218e+06
67.901 6.80791e+06
68.001 6.81846e+06
68.101 6.81899e+06
68.201 6.81944e+06
68.301 6.83001e+06
68.401 6.82575e+06
68.501 6.83135e+06
68.601 6.8367e+06
68.701 6.83245e+06
68.801 6.84315e+06
68.901 6.84333e+06
69.001 6.84405e+06
69.101 6.85414e+06
69.201 6.8499e+06
69.301 6.85571e+06
69.401 6.86065e+06
69.501 6.85657e+06
69.601 6.86728e+06
69.701 6.8671e+06
69.801 6.8681e+06
69.901 6.87773e+06
70.001 6.8735e+06
70.101 6.87952e+06
70.201 6.88406e+06
70.301 6.8803e+06
70.401 6.89085e+06
70.501 6.89034e+06
70.601 6.8916e+06
70.701 6.90078e+06
70.801 6.89656e+06
70.901 6.90279e+06
71.001 6.90694e+06
71.101 6.9035e+06
71.201 6.9139e+06
71.301 6.91305e+06
71.401 6.91457e+06
71.501 6.92331e+06
71.601 6.91911e+06
71.701 6.92555e+06
71.801 6.92931e+06
71.901 6.92618e+06
72.001 6.93643e+06
72.101 6.93526e+06
72.201 6.93703e+06
72.301 6.94535e+06
72.401 6.94116e+06
72.501 6.9478e+06
72.601 6.95119e+06
72.701 6.94836e+06
72.801 6.95847e+06
72.901 6.95699e+06
73.001 6.95901e+06
73.101 6.9669e+06
73.201 6.96273e+06
73.301 6.96956e+06
73.401 6.97259e+06
73.501 6.97006e+06
73.601 6.98003e+06
73.701 6.97824e+06
73.801 6.9805e+06
73.901 6.98799e+06
74.001 6.98384e+06
74.101 6.99086e+06
74.201 6.99353e+06
74.301 6.99129e+06
74.401 7.00113e+06
74.501 6.99903e+06
74.601 7.00154e+06
74.701 7.00862e+06
74.801 7.00449e+06
74.901 7.0117e+06
75.001 7.01402e+06
75.101 7.01207e+06
75.201 7.02177e+06
75.301 7.01939e+06
75.401 7.02212e+06
75.501 7.02882e+06
75.601 7.0247e+06
75.701 7.0321e+06
75.801 7.03409e+06
75.901 7.03242e+06
76.001 7.04199e+06
76.101 7.03931e+06
76.201 7.04228e+06
76.301 7.04859e+06
76.401 7.04449e+06
76.501 7.05207e+06
76.601 7.05373e+06
76.701 7.05233e+06
76.801 7.06178e+06
76.901 7.05882e+06
77.001 7.06202e+06
77.101 7.06796e+06
77.201 7.06388e+06
77.301 7.07163e+06
77.401 7.07296e+06
77.501 7.07184e+06
77.601 7.08116e+06
77.701 7.07793e+06
77.801 7.08135e+06
77.901 7.08692e+06
78.001 7.08286e+06
78.101 7.09079e+06
78.201 7.0918e+06
78.301 7.09095e+06
78.401 7.10015e+06
78.501 7.09665e+06
78.601 7.10029e+06
78.701 7.1055e+06
78.801 7.10146e+06
78.901 7.10956e+06
79.001 7.11027e+06
79.101 7.10967e+06
79.201 7.11875e+06
79.301 7.11499e+06
79.401 7.11884e+06
79.501 7.12371e+06
79.601 7.11968e+06
79.701 7.12795e+06
79.801 7.12836e+06
79.901 7.12801e+06
80.001 7.13699e+06
80.101 7.13297e+06
80.201 7.13703e+06
80.301 7.14155e+06
80.401 7.13754e+06
80.501 7.14598e+06
80.601 7.14609e+06
80.701 7.146e+06
80.801 7.15459e+06
80.901 7.15059e+06
81.001 7.15485e+06
81.101 7.15905e+06
81.201 7.15505e+06
81.301 7.16365e+06
81.401 7.16347e+06
81.501 7.16362e+06
81.601 7.17188e+06
81.701 7.16786e+06
81.801 7.17233e+06
81.901 7.1762e+06
82.001 7.17229e+06
82.101 7.18098e+06
82.201 7.18051e+06
82.301 7.18091e+06
82.401 7.1888e+06
82.501 7.1848e+06
82.601 7.18947e+06
82.701 7.19301e+06
82.801 7.18939e+06
82.901 7.19797e+06
83.001 7.19723e+06
83.101 7.19786e+06
83.201 7.2054e+06
83.301 7.20142e+06
83.401 7.20628e+06
83.501 7.20951e+06
83.601 7.20616e+06
83.701 7.21464e+06
83.801 7.21363e+06
83.901 7.2145e+06
84.001 7.22168e+06
84.101 7.21771e+06
84.201 7.22277e+06
84.301 7.22569e+06
84.401 7.22261e+06
84.501 7.23099e+06
84.601 7.22971e+06
84.701 7.23081e+06
84.801 7.23765e+06
84.901 7.23371e+06
85.001 7.23895e+06
85.101 7.2416e+06
85.201 7.23875e+06
85.301 7.24704e+06
85.401 7.2455e+06
85.501 7.24682e+06
85.601 7.25332e+06
85.701 7.2494e+06
85.801 7.25483e+06
85.901 7.25719e+06
86.001 7.2546e+06
86.101 7.26279e+06
86.201 7.26099e+06
86.301 7.26254e+06
86.401 7.26871e+06
86.501 7.2648e+06
86.601 7.27042e+06
86.701 7.27248e+06
86.801 7.27015e+06
86.901 7.27825e+06
87.001 7.2762e+06
87.101 7.27796e+06
87.201 7.28381e+06
87.301 7.27992e+06
87.401 7.28572e+06
87.501 7.2875e+06
87.601 7.28542e+06
87.701 7.29342e+06
87.801 7.29116e+06
87.901 7.29311e+06
88.001 7.29864e+06
88.101 7.29477e+06
88.201 7.30074e+06
88.301 7.30224e+06
88.401 7.30041e+06
88.501 7.30833e+06
88.601 7.30582e+06
88.701 7.30798e+06
88.801 7.3132e+06
88.901 7.30934e+06
89.001 7.3155e+06
89.101 7.31672e+06
89.201 7.31513e+06
89.301 7.32296e+06
89.401 7.32022e+06
89.501 7.32258e+06
89.601 7.3275e+06
89.701 7.32366e+06
89.801 7.32999e+06
89.901 7.33094e+06
90.001 7.32959e+06
90.101 7.33734e+06
90.201 7.33436e+06
90.301 7.33693e+06
90.401 7.34154e+06
90.501 7.33776e+06
90.601 7.34422e+06
90.701 7.34491e+06
90.801 7.3438e+06
90.901 7.35146e+06
91.001 7.34825e+06
91.101 7.35103e+06
91.201 7.35534e+06
91.301 7.35158e+06
91.401 7.3582e+06
91.501 7.35863e+06
91.601 7.35776e+06
91.701 7.36534e+06
91.801 7.3619e+06
91.901 7.36487e+06
92.001 7.3689e+06
92.101 7.36515e+06
92.201 7.37195e+06
92.301 7.37212e+06
92.401 7.37147e+06
92.501 7.37897e+06
92.601 7.37532e+06
92.701 7.37849e+06
92.801 7.38223e+06
92.901 7.3785e+06
93.001 7.38545e+06
93.101 7.38538e+06
93.201 7.38495e+06
93.301 7.39223e+06
93.401 7.38851e+06
93.501 7.39186e+06
93.601 7.39533e+06
93.701 7.39162e+06
93.801 7.39873e+06
93.901 7.39841e+06
94.001 7.39821e+06
94.101 7.40517e+06
94.201 7.40147e+06
94.301 7.40501e+06
94.401 7.4082e+06
94.501 7.40451e+06
94.601 7.41178e+06
94.701 7.41122e+06
94.801 7.41123e+06
94.901 7.4179e+06
95.001 7.41421e+06
95.101 7.41794e+06
95.201 7.42086e+06
95.301 7.41739e+06
95.401 7.42461e+06
95.501 7.42381e+06
95.601 7.42404e+06
95.701 7.43041e+06
95.801 7.42674e+06
95.901 7.43066e+06
96.001 7.43331e+06
96.101 7.43008e+06
96.201 7.43723e+06
96.301 7.4362e+06
96.401 7.43664e+06
96.501 7.44272e+06
96.601 7.43907e+06
96.701 7.44316e+06
96.801 7.44556e+06
96.901 7.44256e+06
97.001 7.44964e+06
97.101 7.44838e+06
97.201 7.44903e+06
97.301 7.45482e+06
97.401 7.45119e+06
97.501 7.45546e+06
97.601 7.4576e+06
97.701 7.45484e+06
97.801 7.46185e+06
97.901 7.46036e+06
98.001 7.46122e+06
98.101 7.46673e+06
98.201 7.46311e+06
98.301 7.46756e+06
98.401 7.46945e+06
98.501 7.46692e+06
98.601 7.47386e+06
98.701 7.47215e+06
98.801 7.47321e+06
98.901 7.47844e+06
99.001 7.47484e+06
99.101 7.47946e+06
99.201 7.4811e+06
99.301 7.4788e+06
99.401 7.48567e+06
99.501 7.48375e+06
99.601 7.485e+06
99.701 7.48996e+06
99.801 7.48638e+06
99.901 7.49117e+06
100.001 7.49257e+06
100.101 7.4905e+06
100.201 7.4973e+06
100.301 7.49517e+06
100.401 7.49661e+06
100.501 7.50131e+06
100.601 7.49774e+06
100.701 7.5027e+06
100.801 7.50386e+06
100.901 7.502e+06
101.001 7.50874e+06
101.101 7.5064e+06
101.201 7.50804e+06
101.301 7.51247e+06
101.401 7.50892e+06
101.501 7.51404e+06
101.601 7.51497e+06
101.701 7.51333e+06
101.801 7.52e+06
101.901 7.51746e+06
102.001 7.51929e+06
102.101 7.52346e+06
102.201 7.51993e+06
102.301 7.52521e+06
102.401 7.52591e+06
102.501 7.52448e+06
102.601 7.53109e+06
102.701 7.52834e+06
102.801 7.53036e+06
102.901 7.53427e+06
103.001 7.53076e+06
103.101 7.5362e+06
103.201 7.53667e+06
103.301 7.53546e+06
103.401 7.54201e+06
103.501 7.53906e+06
103.601 7.54126e+06
103.701 7.54492e+06
103.801 7.54143e+06
103.901 7.54702e+06
104.001 7.54727e+06
104.101 7.54627e+06
104.201 7.55276e+06
104.301 7.54961e+06
104.401 7.55199e+06
104.501 7.55541e+06
104.601 7.55193e+06
104.701 7.55768e+06
104.801 7.55771e+06
104.901 7.55691e+06
105.001 7.56334e+06
105.101 7.56e+06
105.201 7.56256e+06
105.301 7.56574e+06
105.401 7.56228e+06
105.501 7.56818e+06
105.601 7.56799e+06
105.701 7.5674e+06
105.801 7.57371e+06
105.901 7.57024e+06
106.001 7.57297e+06
106.101 7.57591e+06
106.201 7.57247e+06
106.301 7.57852e+06
106.401 7.57812e+06
106.501 7.57772e+06
106.601 7.58378e+06
106.701 7.58032e+06
106.801 7.58323e+06
106.901 7.58593e+06
107.001 7.5825e+06
107.101 7.5887e+06
107.201 7.58809e+06
107.301 7.58789e+06
107.401 7.59369e+06
107.501 7.59025e+06
107.601 7.59333e+06
107.701 7.59583e+06
107.801 7.59251e+06
107.901 7.59874e+06
108.001 7.59792e+06
108.101 7.59791e+06
108.201 7.60346e+06
108.301 7.60003e+06
108.401 7.60328e+06
108.501 7.60555e+06
108.601 7.60246e+06
108.701 7.60862e+06
108.801 7.60761e+06
108.901 7.60779e+06
109.001 7.61309e+06
109.101 7.60967e+06
109.201 7.61309e+06
109.301 7.61513e+06
109.401 7.61225e+06
109.501 7.61836e+06
109.601 7.61715e+06
109.701 7.61752e+06
109.801 7.62257e+06
109.901 7.61917e+06
110.001 7.62276e+06
110.101 7.62458e+06
110.201 7.6219e+06
110.301 7.62796e+06
110.401 7.62657e+06
110.501 7.62711e+06
110.601 7.63192e+06
110.701 7.62854e+06
110.801 7.63228e+06
110.901 7.63388e+06
111.001 7.63142e+06
111.101 7.63743e+06
111.201 7.63584e+06
111.301 7.63656e+06
111.401 7.64113e+06
111.501 7.63776e+06
111.601 7.64167e+06
111.701 7.64306e+06
111.801 7.6408e+06
111.901 7.64675e+06
112.001 7.64498e+06
112.101 7.64587e+06
112.201 7.65021e+06
112.301 7.64686e+06
112.401 7.65092e+06
112.501 7.6521e+06
112.601 7.65004e+06
112.701 7.65595e+06
112.801 7.65398e+06
112.901 7.65506e+06
113.001 7.65916e+06
113.101 7.65585e+06
113.201 7.66005e+06
113.301 7.66102e+06
113.401 7.65916e+06
113.501 7.66501e+06
113.601 7.66286e+06
113.701 7.66411e+06
113.801 7.66799e+06
113.901 7.6647e+06
114.001 7.66904e+06
114.101 7.66981e+06
114.201 7.66814e+06
114.301 7.67395e+06
114.401 7.67162e+06
114.501 7.67304e+06
114.601 7.67669e+06
114.701 7.67342e+06
114.801 7.67792e+06
114.901 7.67848e+06
115.001 7.677e+06
115.101 7.68276e+06
115.201 7.68025e+06
115.301 7.68185e+06
115.401 7.68528e+06
115.501 7.68201e+06
115.601 7.68666e+06
115.701 7.68703e+06
115.801 7.68574e+06
115.901 7.69146e+06
116.001 7.68876e+06
116.101 7.69053e+06
116.201 7.69374e+06
116.301 7.69049e+06
116.401 7.69529e+06
116.501 7.69546e+06
116.601 7.69436e+06
116.701 7.70003e+06
116.801 7.69716e+06
116.901 7.69909e+06
117.001 7.70209e+06
117.101 7.69886e+06
117.201 7.7038e+06
117.301 7.70377e+06
117.401 7.70286e+06
117.501 7.70848e+06
117.601 7.70544e+06
117.701 7.70754e+06
117.801 7.71033e+06
117.901 7.70711e+06
118.001 7.71219e+06
118.101 7.71198e+06
118.201 7.71125e+06
118.301 7.71683e+06
118.401 7.71362e+06
118.501 7.71587e+06
118.601 7.71845e+06
118.701 7.71525e+06
118.801 7.72048e+06
118.901 7.72007e+06
119.001 7.71952e+06
119.101 7.72487e+06
119.201 7.72168e+06
119.301 7.7241e+06
119.401 7.72647e+06
119.501 7.72328e+06
119.601 7.72865e+06
119.701 7.72805e+06
119.801 7.72769e+06
119.901 7.73281e+06
120.001 7.72963e+06
120.101 7.73221e+06
120.201 7.73438e+06
120.301 7.73125e+06
120.401 7.73671e+06
120.501 7.73593e+06
120.601 7.73574e+06
120.701 7.74065e+06
120.801 7.73748e+06
120.901 7.74021e+06
121.001 7.74218e+06
121.101 7.73925e+06
121.201 7.74466e+06
121.301 7.74371e+06
121.401 7.74369e+06
121.501 7.74838e+06
121.601 7.74523e+06
121.701 7.74811e+06
121.801 7.74988e+06
121.901 7.74714e+06
122.001 7.75252e+06
122.101 7.75138e+06
122.201 7.75154e+06
122.301 7.75601e+06
122.401 7.75287e+06
122.501 7.75591e+06
122.601 7.75748e+06
122.701 7.75493e+06
122.801 7.76027e+06
122.901 7.75895e+06
123.001 7.75928e+06
123.101 7.76354e+06
123.201 7.76041e+06
123.301 7.76361e+06
123.401 7.76499e+06
123.501 7.76262e+06
123.601 7.76791e+06
123.701 7.76643e+06
123.801 7.76692e+06
123.901 7.77097e+06
124.001 7.76786e+06
124.101 7.7712e+06
124.201 7.77239e+06
124.301 7.77021e+06
124.401 7.77546e+06
124.501 7.77381e+06
124.601 7.77447e+06
124.701 7.77831e+06
124.801 7.77521e+06
124.901 7.7787e+06
125.001 7.7797e+06
125.101 7.7777e+06
125.201 7.78292e+06
125.301 7.78109e+06
125.401 7.78191e+06
125.501 7.78555e+06
125.601 7.78247e+06
125.701 7.78611e+06
125.801 7.78692e+06
125.901 7.7851e+06
126.001 7.79028e+06
126.101 7.78828e+06
126.201 7.78927e+06
126.301 7.79271e+06
126.401 7.78964e+06
126.501 7.79342e+06
126.601 7.79405e+06
126.701 7.79241e+06
126.801 7.79754e+06
126.901 7.79539e+06
127.001 7.79653e+06
127.101 7.79977e+06
127.201 7.79672e+06
127.301 7.80063e+06
127.401 7.80109e+06
127.501 7.79962e+06
127.601 7.80472e+06
127.701 7.8024e+06
127.801 7.8037e+06
127.901 7.80674e+06
128.001 7.8037e+06
128.101 7.80776e+06
128.201 7.80804e+06
128.301 7.80674e+06
128.401 7.8118e+06
128.501 7.80932e+06
128.601 7.81078e+06
128.701 7.81363e+06
128.801 7.81061e+06
128.901 7.8148e+06
129.001 7.8149e+06
129.101 7.81378e+06
129.201 7.8188e+06
129.301 7.81616e+06
129.401 7.81777e+06
129.501 7.82045e+06
129.601 7.81742e+06
129.701 7.82175e+06
129.801 7.82168e+06
129.901 7.82073e+06
130.001 7.82571e+06
130.101 7.82292e+06
130.201 7.82468e+06
130.301 7.82717e+06
130.401 7.82415e+06
130.501 7.82862e+06
130.601 7.82837e+06
130.701 7.82759e+06
130.801 7.83254e+06
130.901 7.82959e+06
131.001 7.83151e+06
131.101 7.83381e+06
131.201 7.8308e+06
131.301 7.8354e+06
131.401 7.83499e+06
131.501 7.83437e+06
131.601 7.83918e+06
131.701 7.83618e+06
131.801 7.83825e+06
131.901 7.84037e+06
132.001 7.83737e+06
132.101 7.84211e+06
132.201 7.84152e+06
132.301 7.84107e+06
132.401 7.84568e+06
132.501 7.8427e+06
132.601 7.8449e+06
132.701 7.84684e+06
132.801 7.84386e+06
132.901 7.84873e+06
133.001 7.848e+06
133.101 7.84768e+06
133.201 7.8521e+06
133.301 7.84913e+06
133.401 7.85148e+06
133.501 7.85324e+06
133.601 7.85044e+06
133.701 7.85527e+06
133.801 7.85438e+06
133.901 7.85422e+06
134.001 7.85845e+06
134.101 7.85549e+06
134.201 7.85798e+06
134.301 7.85957e+06
134.401 7.85694e+06
134.501 7.86173e+06
134.601 7.86068e+06
134.701 7.86068e+06
134.801 7.86472e+06
134.901 7.86177e+06
135.001 7.86441e+06
135.101 7.86582e+06
135.201 7.86336e+06
135.301 7.86812e+06
135.401 7.86691e+06
135.501 7.86707e+06
135.601 7.87091e+06
135.701 7.868e+06
135.801 7.87076e+06
135.901 7.87199e+06
136.001 7.8697e+06
136.101 7.87443e+06
136.201 7.87306e+06
136.301 7.87337e+06
136.401 7.87703e+06
136.501 7.87413e+06
136.601 7.87703e+06
136.701 7.87809e+06
136.801 7.87597e+06
136.901 7.88067e+06
137.001 7.87915e+06
137.101 7.87961e+06
137.201 7.88309e+06
137.301 7.8802e+06
137.401 7.88323e+06
137.501 7.88412e+06
137.601 7.88217e+06
137.701 7.88684e+06
137.801 7.88516e+06
137.901 7.88577e+06
138.001 7.88907e+06
138.101 7.88619e+06
138.201 7.88936e+06
138.301 7.89009e+06
138.401 7.8883e+06
138.501 7.89293e+06
138.601 7.8911e+06
138.701 7.89187e+06
138.801 7.89498e+06
138.901 7.89211e+06
139.001 7.89542e+06
139.101 7.89598e+06
139.201 7.89435e+06
139.301 7.89896e+06
139.401 7.89698e+06
139.501 7.89789e+06
139.601 7.90082e+06
139.701 7.89797e+06
139.801 7.90141e+06
139.901 7.90181e+06
140.001 7.90034e+06
140.101 7.90491e+06
140.201 7.90279e+06
140.301 7.90384e+06
140.401 7.9066e+06
140.501 7.90376e+06
140.601 7.90733e+06
140.701 7.90757e+06
140.801 7.90626e+06
140.901 7.9108e+06
141.001 7.90853e+06
141.101 7.90973e+06
141.201 7.91231e+06
141.301 7.90948e+06
141.401 7.91318e+06
141.501 7.91326e+06
141.601 7.91211e+06
141.701 7.91662e+06
141.801 7.9142e+06
141.901 7.91555e+06
142.001 7.91796e+06
142.101 7.91514e+06
142.201 7.91897e+06
142.301 7.91889e+06
142.401 7.91789e+06
142.501 7.92238e+06
142.601 7.91982e+06
142.701 7.9213e+06
142.801 7.92354e+06
142.901 7.92074e+06
143.001 7.92469e+06
143.101 7.92446e+06
143.201 7.92362e+06
143.301 7.92807e+06
143.401 7.92537e+06
143.501 7.92699e+06
143.601 7.92907e+06
143.701 7.92627e+06
143.801 7.93035e+06
143.901 7.92996e+06
144.001 7.92927e+06
144.101 7.93364e+06
144.201 7.93086e+06
144.301 7.93262e+06
144.401 7.93453e+06
144.501 7.93175e+06
144.601 7.93595e+06
144.701 7.93541e+06
144.801 7.93487e+06
144.901 7.93906e+06
145.001 7.93629e+06
145.101 7.93818e+06
145.201 7.93993e+06
145.301 7.93716e+06
145.401 7.94148e+06
145.501 7.94079e+06
145.601 7.9404e+06
145.701 7.94442e+06
145.801 7.94166e+06
145.901 7.94369e+06
146.001 7.94527e+06
146.101 7.94261e+06
146.201 7.94696e+06
146.301 7.94612e+06
146.401 7.94588e+06
146.501 7.94972e+06
146.601 7.94697e+06
146.701 7.94913e+06
146.801 7.95055e+06
146.901 7.94805e+06
147.001 7.95237e+06
147.101 7.95139e+06
147.201 7.95129e+06
147.301 7.95496e+06
147.401 7.95222e+06
147.501 7.95452e+06
147.601 7.95578e+06
147.701 7.95343e+06
147.801 7.95773e+06
147.901 7.9566e+06
148.001 7.95664e+06
148.101 7.96014e+06
148.201 7.95741e+06
148.301 7.95984e+06
148.401 7.96095e+06
148.501 7.95876e+06
148.601 7.96303e+06
148.701 7.96175e+06
148.801 7.96194e+06
148.901 7.96527e+06
149.001 7.96255e+06
149.101 7.96511e+06
149.201 7.96606e+06
149.301 7.96403e+06
149.401 7.96827e+06
149.501 7.96685e+06
149.601 7.96718e+06
149.701 7.97035e+06
149.801 7.96764e+06
149.901 7.97033e+06
150.001 7.97112e+06
150.101 7.96924e+06
150.201 7.97346e+06
150.301 7.9719e+06
150.401 7.97237e+06
150.501 7.97537e+06
150.601 7.97267e+06
150.701 7.97549e+06
150.801 7.97613e+06
150.901 7.9744e+06
151.001 7.97859e+06
151.101 7.97689e+06
151.201 7.9775e+06
151.301 7.98033e+06
151.401 7.97765e+06
151.501 7.98059e+06
151.601 7.98108e+06
151.701 7.9795e+06
151.801 7.98367e+06
151.901 7.98183e+06
152.001 7.98257e+06
152.101 7.98527e+06
152.201 7.98258e+06
152.301 7.98564e+06
152.401 7.98599e+06
152.501 7.98455e+06
152.601 7.98869e+06
152.701 7.98672e+06
152.801 7.9876e+06
152.901 7.99013e+06
153.001 7.98745e+06
153.101 7.99064e+06
153.201 7.99084e+06
153.301 7.98954e+06
153.401 7.99366e+06
153.501 7.99156e+06
153.601 7.99257e+06
153.701 7.99494e+06
153.801 7.99227e+06
153.901 7.99558e+06
154.001 7.99564e+06
154.101 7.99449e+06
154.201 7.99858e+06
154.301 7.99634e+06
154.401 7.99749e+06
154.501 7.99971e+06
154.601 7.99705e+06
154.701 8.00048e+06
154.801 8.00039e+06
154.901 7.99938e+06
155.001 8.00345e+06
155.101 8.00108e+06
155.201 8.00236e+06
155.301 8.00442e+06
155.401 8.00177e+06
155.501 8.00532e+06
155.601 8.0051e+06
155.701 8.00423e+06
155.801 8.00827e+06
155.901 8.00577e+06
156.001 8.00718e+06
156.101 8.00909e+06
156.201 8.00645e+06
156.301 8.01011e+06
156.401 8.00976e+06
156.501 8.00902e+06
156.601 8.01304e+06
156.701 8.01041e+06
156.801 8.01194e+06
156.901 8.0137e+06
157.001 8.01108e+06
157.101 8.01486e+06
157.201 8.01436e+06
157.301 8.01376e+06
157.401 8.01762e+06
157.501 8.015e+06
157.601 8.01667e+06
157.701 8.01827e+06
157.801 8.01566e+06
157.901 8.01956e+06
158.001 8.01892e+06
158.101 8.01846e+06
158.201 8.02216e+06
158.301 8.01957e+06
158.401 8.02134e+06
158.501 8.0228e+06
158.601 8.02025e+06
158.701 8.02421e+06
158.801 8.02344e+06
158.901 8.02311e+06
159.001 8.02665e+06
159.101 8.02407e+06
159.201 8.02597e+06
159.301 8.02728e+06
159.401 8.02487e+06
159.501 8.02881e+06
159.601 8.0279e+06
159.701 8.02771e+06
159.801 8.0311e+06
159.901 8.02853e+06
160.001 8.03055e+06
160.101 8.03171e+06
160.201 8.02945e+06
160.301 8.03337e+06
160.401 8.03233e+06
160.501 8.03227e+06
160.601 8.0355e+06
160.701 8.03294e+06
160.801 8.03508e+06
160.901 8.0361e+06
161.001 8.03399e+06
161.101 8.03788e+06
161.201 8.03671e+06
161.301 8.03678e+06
161.401 8.03986e+06
161.501 8.03731e+06
161.601 8.03957e+06
161.701 8.04045e+06
161.801 8.03847e+06
161.901 8.04235e+06
162.001 8.04104e+06
162.101 8.04125e+06
162.201 8.04417e+06
162.301 8.04163e+06
162.401 8.04402e+06
162.501 8.04476e+06
162.601 8.04292e+06
162.701 8.04677e+06
162.801 8.04534e+06
162.901 8.04567e+06
163.001 8.04845e+06
163.101 8.04591e+06
163.201 8.04842e+06
163.301 8.04902e+06
163.401 8.04732e+06
163.501 8.05115e+06
163.601 8.04959e+06
163.701 8.05005e+06
163.801 8.05268e+06
163.901 8.05016e+06
164.001 8.05278e+06
164.101 8.05324e+06
164.201 8.05168e+06
164.301 8.05549e+06
164.401 8.0538e+06
164.501 8.05439e+06
164.601 8.05687e+06
164.701 8.05435e+06
164.801 8.05709e+06
164.901 8.05742e+06
165.001 8.056e+06
165.101 8.05978e+06
165.201 8.05797e+06
165.301 8.05869e+06
165.401 8.06102e+06
165.501 8.05851e+06
165.601 8.06137e+06
165.701 8.06156e+06
165.801 8.06027e+06
165.901 8.06404e+06
166.001 8.0621e+06
166.101 8.06294e+06
166.201 8.06513e+06
166.301 8.06263e+06
166.401 8.0656e+06
166.501 8.06566e+06
166.601 8.06451e+06
166.701 8.06825e+06
166.801 8.06619e+06
166.901 8.06716e+06
167.001 8.0692e+06
167.101 8.06671e+06
167.201 8.06979e+06
167.301 8.06972e+06
167.401 8.0687e+06
167.501 8.07242e+06
167.601 8.07024e+06
167.701 8.07133e+06
167.801 8.07323e+06
167.901 8.07075e+06
168.001 8.07395e+06
168.101 8.07374e+06
168.201 8.07285e+06
168.301 8.07656e+06
168.401 8.07425e+06
168.501 8.07546e+06
168.601 8.07722e+06
168.701 8.07476e+06
168.801 8.07806e+06
168.901 8.07772e+06
169.001 8.07697e+06
169.101 8.08065e+06
169.201 8.07822e+06
169.301 8.07956e+06
169.401 8.08118e+06
169.501 8.07872e+06
169.601 8.08214e+06
169.701 8.08167e+06
169.801 8.08104e+06
169.901 8.08461e+06
170.001 8.08216e+06
170.101 8.08361e+06
170.201 8.0851e+06
170.301 8.08265e+06
170.401 8.08617e+06
170.501 8.08558e+06
170.601 8.08508e+06
170.701 8.0885e+06
170.801 8.08606e+06
170.901 8.08763e+06
171.001 8.08898e+06
171.101 8.08654e+06
171.201 8.09017e+06
171.301 8.08945e+06
171.401 8.08908e+06
171.501 8.09236e+06
171.601 8.08992e+06
171.701 8.09161e+06
171.801 8.09282e+06
171.901 8.09052e+06
172.001 8.09414e+06
172.101 8.09329e+06
172.201 8.09304e+06
172.301 8.09618e+06
172.401 8.09375e+06
172.501 8.09556e+06
172.601 8.09663e+06
172.701 8.09447e+06
172.801 8.09806e+06
172.901 8.09709e+06
173.001 8.09697e+06
173.101 8.09996e+06
173.201 8.09754e+06
173.301 8.09946e+06
173.401 8.10041e+06
173.501 8.09837e+06
173.601 8.10195e+06
173.701 8.10086e+06
173.801 8.10086e+06
173.901 8.10371e+06
174.001 8.1013e+06
174.101 8.10333e+06
174.201 8.10415e+06
174.301 8.10225e+06
174.401 8.1058e+06
174.501 8.10459e+06
174.601 8.10471e+06
174.701 8.10744e+06
174.801 8.10502e+06
174.901 8.10717e+06
175.001 8.10785e+06
175.101 8.10608e+06
175.201 8.10962e+06
175.301 8.10828e+06
175.401 8.10853e+06
175.501 8.11112e+06
175.601 8.10871e+06
175.701 8.11097e+06
175.801 8.11153e+06
175.901 8.10988e+06
176.001 8.1134e+06
176.101 8.11195e+06
176.201 8.11232e+06
176.301 8.11476e+06
176.401 8.11237e+06
176.501 8.11474e+06
176.601 8.11516e+06
176.701 8.11365e+06
176.801 8.11715e+06
176.901 8.11558e+06
177.001 8.11607e+06
177.101 8.11838e+06
177.201 8.11599e+06
177.301 8.11847e+06
177.401 8.11877e+06
177.501 8.11738e+06
177.601 8.12087e+06
177.701 8.11918e+06
177.801 8.11978e+06
177.901 8.12196e+06
178.001 8.11958e+06
178.101 8.12217e+06
178.201 8.12236e+06
178.301 8.12108e+06
178.401 8.12455e+06
178.501 8.12274e+06
178.601 8.12346e+06
178.701 8.12551e+06
178.801 8.12314e+06
178.901 8.12584e+06
179.001 8.1259e+06
179.101 8.12475e+06
179.201 8.1282e+06
179.301 8.12628e+06
179.401 8.12711e+06
179.501 8.12903e+06
179.601 8.12667e+06
179.701 8.12947e+06
179.801 8.12941e+06
179.901 8.12839e+06
180.001 8.13182e+06
180.101 8.12978e+06
180.201 8.13073e+06
180.301 8.13251e+06
180.401 8.13016e+06
180.501 8.13307e+06
180.601 8.13289e+06
180.701 8.13199e+06
180.801 8.1354e+06
180.901 8.13327e+06
181.001 8.13432e+06
181.101 8.13597e+06
181.201 8.13363e+06
181.301 8.13664e+06
181.401 8.13634e+06
181.501 8.13556e+06
181.601 8.13896e+06
181.701 8.13671e+06
181.801 8.13787e+06
181.901 8.13939e+06
182.001 8.13706e+06
182.101 8.14018e+06
182.201 8.13976e+06
182.301 8.1391e+06
182.401 8.14243e+06
182.501 8.14012e+06
182.601 8.1414e+06
182.701 8.14279e+06
182.801 8.14046e+06
182.901 8.14369e+06
183.001 8.14315e+06
183.101 8.1426e+06
183.201 8.14581e+06
183.301 8.1435e+06
183.401 8.14489e+06
183.501 8.14616e+06
183.601 8.14385e+06
183.701 8.14716e+06
183.801 8.1465e+06
183.901 8.14608e+06
184.001 8.14915e+06
184.101 8.14685e+06
184.201 8.14835e+06
184.301 8.14949e+06
184.401 8.14727e+06
184.501 8.15061e+06
184.601 8.14983e+06
184.701 8.14953e+06
184.801 8.15246e+06
184.901 8.15017e+06
185.001 8.15178e+06
185.101 8.1528e+06
185.201 8.1507e+06
185.301 8.15403e+06
185.401 8.15313e+06
185.501 8.15295e+06
185.601 8.15575e+06
185.701 8.15347e+06
185.801 8.15518e+06
185.901 8.15608e+06
186.001 8.15411e+06
186.101 8.15741e+06
186.201 8.15641e+06
186.301 8.15634e+06
186.401 8.15901e+06
186.501 8.15673e+06
186.601 8.15856e+06
186.701 8.15933e+06
186.801 8.15748e+06
186.901 8.16077e+06
187.001 8.15965e+06
187.101 8.15969e+06
187.201 8.16224e+06
187.301 8.15997e+06
187.401 8.1619e+06
187.501 8.16255e+06
187.601 8.16083e+06
187.701 8.1641e+06
187.801 8.16287e+06
187.901 8.16303e+06
188.001 8.16544e+06
188.101 8.16318e+06
188.201 8.16522e+06
188.301 8.16575e+06
188.401 8.16414e+06
188.501 8.1674e+06
188.601 8.16606e+06
188.701 8.16633e+06
188.801 8.16862e+06
188.901 8.16636e+06
189.001 8.16851e+06
189.101 8.16892e+06
189.201 8.16743e+06
189.301 8.17068e+06
189.401 8.16922e+06
189.501 8.1696e+06
189.601 8.17176e+06
189.701 8.16952e+06
189.801 8.17177e+06
189.901 8.17206e+06
190.001 8.17069e+06
190.101 8.17392e+06
190.201 8.17236e+06
190.301 8.17285e+06
190.401 8.17489e+06
190.501 8.17265e+06
190.601 8.175e+06
190.701 8.17518e+06
190.801 8.17393e+06
190.901 8.17714e+06
191.001 8.17547e+06
191.101 8.17607e+06
191.201 8.17798e+06
191.301 8.17575e+06
191.401 8.1782e+06
191.501 8.17827e+06
191.601 8.17713e+06
191.701 8.18033e+06
191.801 8.17855e+06
191.901 8.17926e+06
192.001 8.18105e+06
192.101 8.17883e+06
192.201 8.18138e+06
192.301 8.18133e+06
192.401 8.18032e+06
192.501 8.1835e+06
192.601 8.18161e+06
192.701 8.18243e+06
192.801 8.1841e+06
192.901 8.18188e+06
193.001 8.18454e+06
193.101 8.18437e+06
193.201 8.18347e+06
193.301 8.18664e+06
193.401 8.18464e+06
193.501 8.18557e+06
193.601 8.18712e+06
193.701 8.18491e+06
193.801 8.18766e+06
193.901 8.18738e+06
194.001 8.1866e+06
194.101 8.18975e+06
194.201 8.18765e+06
194.301 8.18868e+06
194.401 8.19011e+06
194.501 8.18791e+06
194.601 8.19076e+06
194.701 8.19037e+06
194.801 8.1897e+06
194.901 8.19282e+06
195.001 8.19063e+06
195.101 8.19177e+06
195.201 8.19308e+06
195.301 8.19089e+06
195.401 8.19384e+06
195.501 8.19334e+06
195.601 8.19278e+06
195.701 8.19578e+06
195.801 8.19359e+06
195.901 8.19484e+06
196.001 8.19603e+06
196.101 8.19384e+06
196.201 8.19689e+06
196.301 8.19628e+06
196.401 8.19583e+06
196.501 8.1987e+06
196.601 8.19652e+06
196.701 8.19788e+06
196.801 8.19895e+06
196.901 8.19681e+06
197.001 8.19992e+06
197.101 8.19919e+06
197.201 8.19885e+06
197.301 8.20162e+06
197.401 8.19944e+06
197.501 8.20089e+06
197.601 8.20185e+06
197.701 8.19983e+06
197.801 8.20292e+06
197.901 8.20208e+06
198.001 8.20186e+06
198.101 8.2045e+06
198.201 8.20232e+06
198.301 8.20388e+06
198.401 8.20472e+06
198.501 8.20282e+06
198.601 8.20589e+06
198.701 8.20495e+06
198.801 8.20484e+06
198.901 8.20592e+06
199.001 8.2018e+06
199.101 8.19768e+06
199.201 8.19356e+06
199.301 8.18945e+06
199.401 8.18534e+06
199.501 8.18124e+06
199.601 8.17714e+06
199.701 8.17305e+06
199.801 8.16896e+06
199.901 8.16487e+06
200.001 8.16079e+06
