0.001 0
0.101 1.29806e+07
0.201 6.84736e+06
0.301 4.81648e+06
0.401 3.81885e+06
0.501 3.21948e+06
0.601 2.81957e+06
0.701 2.52211e+06
0.801 2.30911e+06
0.901 2.1434e+06
1.001 2.01079e+06
1.101 1.89486e+06
1.201 1.81182e+06
1.301 1.80427e+06
1.401 1.83857e+06
1.501 1.96253e+06
1.601 2.14576e+06
1.701 2.34422e+06
1.801 2.61881e+06
1.901 2.91459e+06
2.001 3.22295e+06
2.101 3.58869e+06
2.201 3.94962e+06
2.301 4.32883e+06
2.401 4.73876e+06
2.501 5.14962e+06
2.601 5.57386e+06
2.701 6.00394e+06
2.801 6.40623e+06
2.901 6.77984e+06
3.001 7.12946e+06
3.101 7.45566e+06
3.201 7.76232e+06
3.301 8.04958e+06
3.401 8.32075e+06
3.501 8.57565e+06
3.601 8.81715e+06
3.701 9.04486e+06
3.801 9.26131e+06
3.901 9.46596e+06
4.001 9.66106e+06
4.101 9.84599e+06
4.201 1.00228e+07
4.301 1.01913e+07
4.401 1.03516e+07
4.501 1.05053e+07
4.601 1.06518e+07
4.701 1.07926e+07
4.801 1.0927e+07
4.901 1.10565e+07
5.001 1.11802e+07
5.101 1.12997e+07
5.201 1.1414e+07
5.301 1.15245e+07
5.401 1.16304e+07
5.501 1.17329e+07
5.601 1.18313e+07
5.701 1.19268e+07
5.801 1.20185e+07
5.901 1.21075e+07
6.001 1.21931e+07
6.101 1.22763e+07
6.201 1.23565e+07
6.301 1.24345e+07
6.401 1.25096e+07
6.501 1.25829e+07
6.601 1.26535e+07
6.701 1.27224e+07
6.801 1.27889e+07
6.901 1.28539e+07
7.001 1.2917e+07
7.101 1.29779e+07
7.201 1.30376e+07
7.301 1.30952e+07
7.401 1.31516e+07
7.501 1.32062e+07
7.601 1.32597e+07
7.701 1.33114e+07
7.801 1.33622e+07
7.901 1.34113e+07
8.001 1.34596e+07
8.101 1.35063e+07
8.201 1.35522e+07
8.301 1.35967e+07
8.401 1.36405e+07
8.501 1.36829e+07
8.601 1.37246e+07
8.701 1.37651e+07
8.801 1.38049e+07
8.901 1.38436e+07
9.001 1.38816e+07
9.101 1.39186e+07
9.201 1.3955e+07
9.301 1.39904e+07
9.401 1.40253e+07
9.501 1.40592e+07
9.601 1.40927e+07
9.701 1.41252e+07
9.801 1.41573e+07
9.901 1.41887e+07
10.001 1.42193e+07
10.101 1.42495e+07
10.201 1.42789e+07
10.301 1.43079e+07
10.401 1.43362e+07
10.501 1.43641e+07
10.601 1.43913e+07
10.701 1.44182e+07
10.801 1.44444e+07
10.901 1.44703e+07
11.001 1.44955e+07
11.101 1.45206e+07
11.201 1.45449e+07
11.301 1.4569e+07
11.401 1.45925e+07
11.501 1.46158e+07
11.601 1.46384e+07
11.701 1.46609e+07
11.801 1.46828e+07
11.901 1.47046e+07
12.001 1.47258e+07
12.101 1.47468e+07
12.201 1.47673e+07
12.301 1.47876e+07
12.401 1.48075e+07
12.501 1.48272e+07
12.601 1.48466e+07
12.701 1.48654e+07
12.801 1.48842e+07
12.901 1.49025e+07
13.001 1.49208e+07
13.101 1.49385e+07
13.201 1.49562e+07
13.301 1.49734e+07
13.401 1.49905e+07
13.501 1.49482e+07
13.601 1.48467e+07
13.701 1.47524e+07
13.801 1.46698e+07
13.901 1.45967e+07
14.001 1.45298e+07
14.101 1.44755e+07
14.201 1.44297e+07
14.301 1.43901e+07
14.401 1.43623e+07
14.501 1.43413e+07
14.601 1.43275e+07
14.701 1.43242e+07
14.801 1.43263e+07
14.901 1.43364e+07
15.001 1.43541e+07
15.101 1.43734e+07
15.201 1.43923e+07
15.301 1.44111e+07
15.401 1.44295e+07
15.501 1.44479e+07
15.601 1.44658e+07
15.701 1.44837e+07
15.801 1.45012e+07
15.901 1.45186e+07
16.001 1.45356e+07
16.101 1.45526e+07
16.201 1.45692e+07
16.301 1.45858e+07
16.401 1.4602e+07
16.501 1.46182e+07
16.601 1.4634e+07
16.701 1.46498e+07
16.801 1.46653e+07
16.901 1.46807e+07
17.001 1.46959e+07
17.101 1.47108e+07
17.201 1.47257e+07
17.301 1.47403e+07
17.401 1.47548e+07
17.501 1.47691e+07
17.601 1.47833e+07
17.701 1.47972e+07
17.801 1.48111e+07
17.901 1.48247e+07
18.001 1.48383e+07
18.101 1.48516e+07
18.201 1.48649e+07
18.301 1.48779e+07
18.401 1.48909e+07
18.501 1.49036e+07
18.601 1.49164e+07
18.701 1.49288e+07
18.801 1.49413e+07
18.901 1.49535e+07
19.001 1.49657e+07
19.101 1.49776e+07
19.201 1.49895e+07
19.301 1.50012e+07
19.401 1.50129e+07
19.501 1.50244e+07
19.601 1.50358e+07
19.701 1.5047e+07
19.801 1.50583e+07
19.901 1.50694e+07
20.001 1.50803e+07
20.101 1.50912e+07
20.201 1.51019e+07
20.301 1.51125e+07
20.401 1.5123e+07
20.501 1.51335e+07
20.601 1.51437e+07
20.701 1.5154e+07
20.801 1.51641e+07
20.901 1.51741e+07
21.001 1.5184e+07
21.101 1.51939e+07
21.201 1.52036e+07
21.301 1.52133e+07
21.401 1.52228e+07
21.501 1.52323e+07
21.601 1.52416e+07
21.701 1.5251e+07
21.801 1.52601e+07
21.901 1.52693e+07
22.001 1.52783e+07
22.101 1.52873e+07
22.201 1.52961e+07
22.301 1.5305e+07
22.401 1.53136e+07
22.501 1.53223e+07
22.601 1.5331e+07
22.701 1.53394e+07
22.801 1.53479e+07
22.901 1.53562e+07
23.001 1.53645e+07
23.101 1.53726e+07
23.201 1.53808e+07
23.301 1.53888e+07
23.401 1.53969e+07
23.501 1.54047e+07
23.601 1.54126e+07
23.701 1.54204e+07
23.801 1.54282e+07
23.901 1.54358e+07
24.001 1.54434e+07
24.101 1.54509e+07
24.201 1.54584e+07
24.301 1.54658e+07
24.401 1.54732e+07
24.501 1.54804e+07
24.601 1.54877e+07
24.701 1.54948e+07
24.801 1.55019e+07
24.901 1.55089e+07
25.001 1.5516e+07
25.101 1.55229e+07
25.201 1.55298e+07
25.301 1.55366e+07
25.401 1.55434e+07
25.501 1.55502e+07
25.601 1.55568e+07
25.701 1.55635e+07
25.801 1.55587e+07
25.901 1.55019e+07
26.001 1.5449e+07
26.101 1.54009e+07
26.201 1.5358e+07
26.301 1.53186e+07
26.401 1.52848e+07
26.501 1.52564e+07
26.601 1.52304e+07
26.701 1.52105e+07
26.801 1.51952e+07
26.901 1.51831e+07
27.001 1.51766e+07
27.101 1.51735e+07
27.201 1.51746e+07
27.301 1.51802e+07
27.401 1.51879e+07
27.501 1.51953e+07
27.601 1.52029e+07
27.701 1.52102e+07
27.801 1.52177e+07
27.901 1.52249e+07
28.001 1.52322e+07
28.101 1.52394e+07
28.201 1.52466e+07
28.301 1.52537e+07
28.401 1.52608e+07
28.501 1.52677e+07
28.601 1.52747e+07
28.701 1.52816e+07
28.801 1.52885e+07
28.901 1.52953e+07
29.001 1.53021e+07
29.101 1.53088e+07
29.201 1.53155e+07
29.301 1.53221e+07
29.401 1.53287e+07
29.501 1.53352e+07
29.601 1.53418e+07
29.701 1.53482e+07
29.801 1.53546e+07
29.901 1.5361e+07
30.001 1.53673e+07
30.101 1.53736e+07
30.201 1.53798e+07
30.301 1.53861e+07
30.401 1.53922e+07
30.501 1.53984e+07
30.601 1.54044e+07
30.701 1.54105e+07
30.801 1.54164e+07
30.901 1.54224e+07
31.001 1.54283e+07
31.101 1.54342e+07
31.201 1.544e+07
31.301 1.54459e+07
31.401 1.54516e+07
31.501 1.54574e+07
31.601 1.54631e+07
31.701 1.54688e+07
31.801 1.54743e+07
31.901 1.548e+07
32.001 1.54855e+07
32.101 1.54911e+07
32.201 1.54965e+07
32.301 1.5502e+07
32.401 1.55074e+07
32.501 1.55128e+07
32.601 1.55181e+07
32.701 1.55235e+07
32.801 1.55288e+07
32.901 1.5534e+07
33.001 1.55393e+07
33.101 1.55445e+07
33.201 1.55497e+07
33.301 1.55547e+07
33.401 1.55599e+07
33.501 1.55649e+07
33.601 1.557e+07
33.701 1.5575e+07
33.801 1.558e+07
33.901 1.55849e+07
34.001 1.55899e+07
34.101 1.55947e+07
34.201 1.55996e+07
34.301 1.56044e+07
34.401 1.56093e+07
34.501 1.5614e+07
34.601 1.56188e+07
34.701 1.56235e+07
34.801 1.56282e+07
34.901 1.56328e+07
35.001 1.56375e+07
35.101 1.56421e+07
35.201 1.56467e+07
35.301 1.56513e+07
35.401 1.56558e+07
35.501 1.56604e+07
35.601 1.56648e+07
35.701 1.56694e+07
35.801 1.56738e+07
35.901 1.56782e+07
36.001 1.56826e+07
36.101 1.5687e+07
36.201 1.56913e+07
36.301 1.56956e+07
36.401 1.56999e+07
36.501 1.57042e+07
36.601 1.57084e+07
36.701 1.57126e+07
36.801 1.57168e+07
36.901 1.5721e+07
37.001 1.57251e+07
37.101 1.57293e+07
37.201 1.57334e+07
37.301 1.57375e+07
37.401 1.57415e+07
37.501 1.57456e+07
37.601 1.57496e+07
37.701 1.57536e+07
37.801 1.57576e+07
37.901 1.57616e+07
38.001 1.57655e+07
38.101 1.5759e+07
38.201 1.57356e+07
38.301 1.56985e+07
38.401 1.5664e+07
38.501 1.56332e+07
38.601 1.56049e+07
38.701 1.55799e+07
38.801 1.55588e+07
38.901 1.55397e+07
39.001 1.55242e+07
39.101 1.55121e+07
39.201 1.5502e+07
39.301 1.54956e+07
39.401 1.54921e+07
39.501 1.54911e+07
39.601 1.54933e+07
39.701 1.54976e+07
39.801 1.5502e+07
39.901 1.55065e+07
40.001 1.55108e+07
40.101 1.55152e+07
40.201 1.55195e+07
40.301 1.55239e+07
40.401 1.55281e+07
40.501 1.55324e+07
40.601 1.55366e+07
40.701 1.55409e+07
40.801 1.55451e+07
40.901 1.55493e+07
41.001 1.55534e+07
41.101 1.55576e+07
41.201 1.55617e+07
41.301 1.55659e+07
41.401 1.55699e+07
41.501 1.5574e+07
41.601 1.5578e+07
41.701 1.55821e+07
41.801 1.55861e+07
41.901 1.55901e+07
42.001 1.5594e+07
42.101 1.5598e+07
42.201 1.56019e+07
42.301 1.56059e+07
42.401 1.56097e+07
42.501 1.56136e+07
42.601 1.56175e+07
42.701 1.56214e+07
42.801 1.56252e+07
42.901 1.5629e+07
43.001 1.56328e+07
43.101 1.56365e+07
43.201 1.56403e+07
43.301 1.5644e+07
43.401 1.56478e+07
43.501 1.56515e+07
43.601 1.56552e+07
43.701 1.56588e+07
43.801 1.56625e+07
43.901 1.56661e+07
44.001 1.56697e+07
44.101 1.56733e+07
44.201 1.56769e+07
44.301 1.56805e+07
44.401 1.56841e+07
44.501 1.56876e+07
44.601 1.56911e+07
44.701 1.56946e+07
44.801 1.56981e+07
44.901 1.57016e+07
45.001 1.57051e+07
45.101 1.57085e+07
45.201 1.57119e+07
45.301 1.57153e+07
45.401 1.57187e+07
45.501 1.57222e+07
45.601 1.57255e+07
45.701 1.57289e+07
45.801 1.57322e+07
45.901 1.57355e+07
46.001 1.57388e+07
46.101 1.57421e+07
46.201 1.57454e+07
46.301 1.57487e+07
46.401 1.57519e+07
46.501 1.57552e+07
46.601 1.57584e+07
46.701 1.57616e+07
46.801 1.57648e+07
46.901 1.5768e+07
47.001 1.57712e+07
47.101 1.57743e+07
47.201 1.57775e+07
47.301 1.57806e+07
47.401 1.57837e+07
47.501 1.57868e+07
47.601 1.57899e+07
47.701 1.5793e+07
47.801 1.5796e+07
47.901 1.57991e+07
48.001 1.58021e+07
48.101 1.58052e+07
48.201 1.58082e+07
48.301 1.58112e+07
48.401 1.58142e+07
48.501 1.58172e+07
48.601 1.58202e+07
48.701 1.58231e+07
48.801 1.58261e+07
48.901 1.5829e+07
49.001 1.58319e+07
49.101 1.58348e+07
49.201 1.58377e+07
49.301 1.58406e+07
49.401 1.58435e+07
49.501 1.58463e+07
49.601 1.58492e+07
49.701 1.5852e+07
49.801 1.58548e+07
49.901 1.58576e+07
50.001 1.58604e+07
50.101 1.58632e+07
50.201 1.5866e+07
50.301 1.58687e+07
50.401 1.58715e+07
50.501 1.58556e+07
50.601 1.58268e+07
50.701 1.57996e+07
50.801 1.57753e+07
50.901 1.57531e+07
51.001 1.57329e+07
51.101 1.57159e+07
51.201 1.57005e+07
51.301 1.56875e+07
51.401 1.56775e+07
51.501 1.56688e+07
51.601 1.56627e+07
51.701 1.56593e+07
51.801 1.56576e+07
51.901 1.56581e+07
52.001 1.56608e+07
52.101 1.56639e+07
52.201 1.5667e+07
52.301 1.567e+07
52.401 1.5673e+07
52.501 1.56761e+07
52.601 1.56791e+07
52.701 1.56821e+07
52.801 1.56851e+07
52.901 1.5688e+07
53.001 1.5691e+07
53.101 1.5694e+07
53.201 1.56969e+07
53.301 1.56998e+07
53.401 1.57028e+07
53.501 1.57056e+07
53.601 1.57086e+07
53.701 1.57114e+07
53.801 1.57143e+07
53.901 1.57172e+07
54.001 1.572e+07
54.101 1.57229e+07
54.201 1.57257e+07
54.301 1.57285e+07
54.401 1.57314e+07
54.501 1.57341e+07
54.601 1.5737e+07
54.701 1.57397e+07
54.801 1.57425e+07
54.901 1.57452e+07
55.001 1.5748e+07
55.101 1.57507e+07
55.201 1.57535e+07
55.301 1.57562e+07
55.401 1.57589e+07
55.501 1.57617e+07
55.601 1.57643e+07
55.701 1.5767e+07
55.801 1.57697e+07
55.901 1.57724e+07
56.001 1.5775e+07
56.101 1.57777e+07
56.201 1.57803e+07
56.301 1.57829e+07
56.401 1.57855e+07
56.501 1.57881e+07
56.601 1.57907e+07
56.701 1.57933e+07
56.801 1.57959e+07
56.901 1.57985e+07
57.001 1.5801e+07
57.101 1.58036e+07
57.201 1.58061e+07
57.301 1.58087e+07
57.401 1.58112e+07
57.501 1.58137e+07
57.601 1.58162e+07
57.701 1.58187e+07
57.801 1.58212e+07
57.901 1.58237e+07
58.001 1.58261e+07
58.101 1.58286e+07
58.201 1.58311e+07
58.301 1.58335e+07
58.401 1.5836e+07
58.501 1.58384e+07
58.601 1.58409e+07
58.701 1.58432e+07
58.801 1.58457e+07
58.901 1.5848e+07
59.001 1.58505e+07
59.101 1.58528e+07
59.201 1.58552e+07
59.301 1.58576e+07
59.401 1.58599e+07
59.501 1.58623e+07
59.601 1.58646e+07
59.701 1.58669e+07
59.801 1.58693e+07
59.901 1.58716e+07
60.001 1.58739e+07
60.101 1.58762e+07
60.201 1.58785e+07
60.301 1.58808e+07
60.401 1.58831e+07
60.501 1.58853e+07
60.601 1.58876e+07
60.701 1.58899e+07
60.801 1.58921e+07
60.901 1.58944e+07
61.001 1.58966e+07
61.101 1.58988e+07
61.201 1.59011e+07
61.301 1.59033e+07
61.401 1.59055e+07
61.501 1.59077e+07
61.601 1.59099e+07
61.701 1.59121e+07
61.801 1.59143e+07
61.901 1.59164e+07
62.001 1.59186e+07
62.101 1.59208e+07
62.201 1.59229e+07
62.301 1.59251e+07
62.401 1.59272e+07
62.501 1.59293e+07
62.601 1.59314e+07
62.701 1.59336e+07
62.801 1.59287e+07
62.901 1.59049e+07
63.001 1.58824e+07
63.101 1.58621e+07
63.201 1.58438e+07
63.301 1.58266e+07
63.401 1.58122e+07
63.501 1.57992e+07
63.601 1.57878e+07
63.701 1.57792e+07
63.801 1.57715e+07
63.901 1.57658e+07
64.001 1.57624e+07
64.101 1.57603e+07
64.201 1.576e+07
64.301 1.57616e+07
64.401 1.5764e+07
64.501 1.57663e+07
64.601 1.57686e+07
64.701 1.57709e+07
64.801 1.57732e+07
64.901 1.57755e+07
65.001 1.57778e+07
65.101 1.578e+07
65.201 1.57823e+07
65.301 1.57845e+07
65.401 1.57868e+07
65.501 1.5789e+07
65.601 1.57913e+07
65.701 1.57936e+07
65.801 1.57958e+07
65.901 1.5798e+07
66.001 1.58002e+07
66.101 1.58024e+07
66.201 1.58046e+07
66.301 1.58068e+07
66.401 1.5809e+07
66.501 1.58112e+07
66.601 1.58133e+07
66.701 1.58155e+07
66.801 1.58177e+07
66.901 1.58198e+07
67.001 1.5822e+07
67.101 1.58241e+07
67.201 1.58262e+07
67.301 1.58284e+07
67.401 1.58305e+07
67.501 1.58326e+07
67.601 1.58347e+07
67.701 1.58368e+07
67.801 1.58389e+07
67.901 1.5841e+07
68.001 1.58431e+07
68.101 1.58452e+07
68.201 1.58472e+07
68.301 1.58493e+07
68.401 1.58514e+07
68.501 1.58534e+07
68.601 1.58555e+07
68.701 1.58575e+07
68.801 1.58596e+07
68.901 1.58616e+07
69.001 1.58636e+07
69.101 1.58656e+07
69.201 1.58677e+07
69.301 1.58697e+07
69.401 1.58717e+07
69.501 1.58737e+07
69.601 1.58757e+07
69.701 1.58776e+07
69.801 1.58796e+07
69.901 1.58816e+07
70.001 1.58836e+07
70.101 1.58855e+07
70.201 1.58875e+07
70.301 1.58894e+07
70.401 1.58914e+07
70.501 1.58933e+07
70.601 1.58952e+07
70.701 1.58972e+07
70.801 1.58991e+07
70.901 1.5901e+07
71.001 1.59029e+07
71.101 1.59048e+07
71.201 1.59067e+07
71.301 1.59086e+07
71.401 1.59105e+07
71.501 1.59124e+07
71.601 1.59143e+07
71.701 1.59162e+07
71.801 1.5918e+07
71.901 1.59199e+07
72.001 1.59218e+07
72.101 1.59236e+07
72.201 1.59255e+07
72.301 1.59273e+07
72.401 1.59291e+07
72.501 1.5931e+07
72.601 1.59328e+07
72.701 1.59346e+07
72.801 1.59364e+07
72.901 1.59383e+07
73.001 1.59401e+07
73.101 1.59419e+07
73.201 1.59437e+07
73.301 1.59455e+07
73.401 1.59472e+07
73.501 1.5949e+07
73.601 1.59508e+07
73.701 1.59526e+07
73.801 1.59544e+07
73.901 1.59561e+07
74.001 1.59579e+07
74.101 1.59597e+07
74.201 1.59614e+07
74.301 1.59631e+07
74.401 1.59649e+07
74.501 1.59666e+07
74.601 1.59684e+07
74.701 1.59701e+07
74.801 1.59718e+07
74.901 1.59735e+07
75.001 1.59753e+07
75.101 1.59697e+07
75.201 1.59576e+07
75.301 1.59384e+07
75.401 1.59209e+07
75.501 1.5905e+07
75.601 1.589e+07
75.701 1.58773e+07
75.801 1.58661e+07
75.901 1.58559e+07
76.001 1.5848e+07
76.101 1.58412e+07
76.201 1.58357e+07
76.301 1.58324e+07
76.401 1.583e+07
76.501 1.58293e+07
76.601 1.58301e+07
76.701 1.58319e+07
76.801 1.58338e+07
76.901 1.58356e+07
77.001 1.58375e+07
77.101 1.58393e+07
77.201 1.58412e+07
77.301 1.5843e+07
77.401 1.58448e+07
77.501 1.58467e+07
77.601 1.58485e+07
77.701 1.58503e+07
77.801 1.58521e+07
77.901 1.58539e+07
78.001 1.58557e+07
78.101 1.58575e+07
78.201 1.58593e+07
78.301 1.58611e+07
78.401 1.58629e+07
78.501 1.58646e+07
78.601 1.58664e+07
78.701 1.58682e+07
78.801 1.587e+07
78.901 1.58717e+07
79.001 1.58735e+07
79.101 1.58752e+07
79.201 1.5877e+07
79.301 1.58787e+07
79.401 1.58805e+07
79.501 1.58822e+07
79.601 1.58839e+07
79.701 1.58856e+07
79.801 1.58874e+07
79.901 1.58891e+07
80.001 1.58908e+07
80.101 1.58925e+07
80.201 1.58942e+07
80.301 1.58959e+07
80.401 1.58976e+07
80.501 1.58993e+07
80.601 1.5901e+07
80.701 1.59026e+07
80.801 1.59043e+07
80.901 1.5906e+07
81.001 1.59077e+07
81.101 1.59093e+07
81.201 1.5911e+07
81.301 1.59127e+07
81.401 1.59143e+07
81.501 1.5916e+07
81.601 1.59176e+07
81.701 1.59193e+07
81.801 1.59209e+07
81.901 1.59225e+07
82.001 1.59241e+07
82.101 1.59258e+07
82.201 1.59274e+07
82.301 1.5929e+07
82.401 1.59306e+07
82.501 1.59322e+07
82.601 1.59338e+07
82.701 1.59355e+07
82.801 1.5937e+07
82.901 1.59386e+07
83.001 1.59402e+07
83.101 1.59418e+07
83.201 1.59434e+07
83.301 1.5945e+07
83.401 1.59465e+07
83.501 1.59481e+07
83.601 1.59497e+07
83.701 1.59513e+07
83.801 1.59528e+07
83.901 1.59544e+07
84.001 1.59559e+07
84.101 1.59575e+07
84.201 1.5959e+07
84.301 1.59606e+07
84.401 1.59621e+07
84.501 1.59636e+07
84.601 1.59652e+07
84.701 1.59667e+07
84.801 1.59682e+07
84.901 1.59697e+07
85.001 1.59713e+07
85.101 1.59728e+07
85.201 1.59743e+07
85.301 1.59758e+07
85.401 1.59773e+07
85.501 1.59788e+07
85.601 1.59803e+07
85.701 1.59818e+07
85.801 1.59833e+07
85.901 1.59847e+07
86.001 1.59862e+07
86.101 1.59877e+07
86.201 1.59892e+07
86.301 1.59906e+07
86.401 1.59921e+07
86.501 1.59936e+07
86.601 1.5995e+07
86.701 1.59965e+07
86.801 1.5998e+07
86.901 1.59994e+07
87.001 1.60009e+07
87.101 1.60023e+07
87.201 1.60037e+07
87.301 1.60052e+07
87.401 1.60064e+07
87.501 1.59956e+07
87.601 1.59787e+07
87.701 1.59632e+07
87.801 1.59491e+07
87.901 1.59359e+07
88.001 1.59244e+07
88.101 1.59144e+07
88.201 1.59051e+07
88.301 1.58977e+07
88.401 1.58915e+07
88.501 1.58864e+07
88.601 1.58831e+07
88.701 1.58806e+07
88.801 1.58794e+07
88.901 1.58797e+07
89.001 1.58811e+07
89.101 1.58826e+07
89.201 1.58842e+07
89.301 1.58857e+07
89.401 1.58873e+07
89.501 1.58888e+07
89.601 1.58903e+07
89.701 1.58918e+07
89.801 1.58934e+07
89.901 1.58949e+07
90.001 1.58964e+07
90.101 1.58979e+07
90.201 1.58994e+07
90.301 1.59009e+07
90.401 1.59024e+07
90.501 1.59039e+07
90.601 1.59054e+07
90.701 1.59069e+07
90.801 1.59084e+07
90.901 1.59099e+07
91.001 1.59114e+07
91.101 1.59128e+07
91.201 1.59143e+07
91.301 1.59158e+07
91.401 1.59173e+07
91.501 1.59188e+07
91.601 1.59202e+07
91.701 1.59217e+07
91.801 1.59231e+07
91.901 1.59246e+07
92.001 1.5926e+07
92.101 1.59275e+07
92.201 1.59289e+07
92.301 1.59304e+07
92.401 1.59318e+07
92.501 1.59332e+07
92.601 1.59347e+07
92.701 1.59361e+07
92.801 1.59375e+07
92.901 1.59389e+07
93.001 1.59403e+07
93.101 1.59418e+07
93.201 1.59432e+07
93.301 1.59446e+07
93.401 1.5946e+07
93.501 1.59474e+07
93.601 1.59488e+07
93.701 1.59502e+07
93.801 1.59516e+07
93.901 1.5953e+07
94.001 1.59544e+07
94.101 1.59558e+07
94.201 1.59572e+07
94.301 1.59585e+07
94.401 1.59599e+07
94.501 1.59613e+07
94.601 1.59627e+07
94.701 1.5964e+07
94.801 1.59654e+07
94.901 1.59667e+07
95.001 1.59681e+07
95.101 1.59695e+07
95.201 1.59708e+07
95.301 1.59722e+07
95.401 1.59735e+07
95.501 1.59749e+07
95.601 1.59762e+07
95.701 1.59775e+07
95.801 1.59789e+07
95.901 1.59802e+07
96.001 1.59816e+07
96.101 1.59829e+07
96.201 1.59842e+07
96.301 1.59855e+07
96.401 1.59869e+07
96.501 1.59882e+07
96.601 1.59895e+07
96.701 1.59908e+07
96.801 1.59921e+07
96.901 1.59934e+07
97.001 1.59947e+07
97.101 1.5996e+07
97.201 1.59973e+07
97.301 1.59986e+07
97.401 1.59999e+07
97.501 1.60012e+07
97.601 1.60025e+07
97.701 1.60038e+07
97.801 1.60051e+07
97.901 1.60064e+07
98.001 1.60076e+07
98.101 1.60089e+07
98.201 1.60102e+07
98.301 1.60115e+07
98.401 1.60127e+07
98.501 1.6014e+07
98.601 1.60152e+07
98.701 1.60165e+07
98.801 1.60177e+07
98.901 1.6019e+07
99.001 1.60203e+07
99.101 1.60215e+07
99.201 1.60227e+07
99.301 1.6024e+07
99.401 1.60252e+07
99.501 1.60265e+07
99.601 1.60277e+07
99.701 1.6029e+07
99.801 1.60244e+07
99.901 1.60093e+07
100.001 1.59952e+07
100.101 1.59824e+07
100.201 1.59706e+07
100.301 1.596e+07
100.401 1.59509e+07
100.501 1.59424e+07
100.601 1.59354e+07
100.701 1.59297e+07
100.801 1.59248e+07
100.901 1.59214e+07
101.001 1.59189e+07
101.101 1.59175e+07
101.201 1.59174e+07
101.301 1.59183e+07
101.401 1.59196e+07
101.501 1.5921e+07
101.601 1.59223e+07
101.701 1.59236e+07
101.801 1.59249e+07
101.901 1.59262e+07
102.001 1.59275e+07
102.101 1.59288e+07
102.201 1.59301e+07
102.301 1.59314e+07
102.401 1.59327e+07
102.501 1.5934e+07
102.601 1.59353e+07
102.701 1.59366e+07
102.801 1.59379e+07
102.901 1.59392e+07
103.001 1.59404e+07
103.101 1.59417e+07
103.201 1.5943e+07
103.301 1.59443e+07
103.401 1.59455e+07
103.501 1.59468e+07
103.601 1.59481e+07
103.701 1.59494e+07
103.801 1.59506e+07
103.901 1.59519e+07
104.001 1.59531e+07
104.101 1.59544e+07
104.201 1.59556e+07
104.301 1.59569e+07
104.401 1.59581e+07
104.501 1.59594e+07
104.601 1.59606e+07
104.701 1.59619e+07
104.801 1.59631e+07
104.901 1.59643e+07
105.001 1.59656e+07
105.101 1.59668e+07
105.201 1.5968e+07
105.301 1.59692e+07
105.401 1.59705e+07
105.501 1.59717e+07
105.601 1.59729e+07
105.701 1.59741e+07
105.801 1.59753e+07
105.901 1.59765e+07
106.001 1.59778e+07
106.101 1.5979e+07
106.201 1.59802e+07
106.301 1.59814e+07
106.401 1.59826e+07
106.501 1.59838e+07
106.601 1.5985e+07
106.701 1.59862e+07
106.801 1.59874e+07
106.901 1.59886e+07
107.001 1.59897e+07
107.101 1.59909e+07
107.201 1.59921e+07
107.301 1.59933e+07
107.401 1.59945e+07
107.501 1.59957e+07
107.601 1.59968e+07
107.701 1.5998e+07
107.801 1.59992e+07
107.901 1.60003e+07
108.001 1.60015e+07
108.101 1.60027e+07
108.201 1.60038e+07
108.301 1.6005e+07
108.401 1.60061e+07
108.501 1.60073e+07
108.601 1.60084e+07
108.701 1.60096e+07
108.801 1.60107e+07
108.901 1.60119e+07
109.001 1.6013e+07
109.101 1.60142e+07
109.201 1.60153e+07
109.301 1.60164e+07
109.401 1.60176e+07
109.501 1.60187e+07
109.601 1.60198e+07
109.701 1.6021e+07
109.801 1.60221e+07
109.901 1.60232e+07
110.001 1.60244e+07
110.101 1.60255e+07
110.201 1.60266e+07
110.301 1.60277e+07
110.401 1.60288e+07
110.501 1.60299e+07
110.601 1.60311e+07
110.701 1.60322e+07
110.801 1.60333e+07
110.901 1.60344e+07
111.001 1.60355e+07
111.101 1.60366e+07
111.201 1.60377e+07
111.301 1.60388e+07
111.401 1.60399e+07
111.501 1.6041e+07
111.601 1.60421e+07
111.701 1.60431e+07
111.801 1.60442e+07
111.901 1.60453e+07
112.001 1.60464e+07
112.101 1.60468e+07
112.201 1.60332e+07
112.301 1.60204e+07
112.401 1.60086e+07
112.501 1.59978e+07
112.601 1.5988e+07
112.701 1.59795e+07
112.801 1.59717e+07
112.901 1.59651e+07
113.001 1.59597e+07
113.101 1.5955e+07
113.201 1.59515e+07
113.301 1.5949e+07
113.401 1.59475e+07
113.501 1.5947e+07
113.601 1.59475e+07
113.701 1.59487e+07
113.801 1.59498e+07
113.901 1.5951e+07
114.001 1.59521e+07
114.101 1.59532e+07
114.201 1.59544e+07
114.301 1.59555e+07
114.401 1.59567e+07
114.501 1.59578e+07
114.601 1.5959e+07
114.701 1.59601e+07
114.801 1.59612e+07
114.901 1.59623e+07
115.001 1.59635e+07
115.101 1.59646e+07
115.201 1.59657e+07
115.301 1.59668e+07
115.401 1.5968e+07
115.501 1.59691e+07
115.601 1.59702e+07
115.701 1.59713e+07
115.801 1.59724e+07
115.901 1.59735e+07
116.001 1.59746e+07
116.101 1.59757e+07
116.201 1.59768e+07
116.301 1.59779e+07
116.401 1.5979e+07
116.501 1.59801e+07
116.601 1.59812e+07
116.701 1.59823e+07
116.801 1.59834e+07
116.901 1.59845e+07
117.001 1.59856e+07
117.101 1.59867e+07
117.201 1.59878e+07
117.301 1.59889e+07
117.401 1.59899e+07
117.501 1.5991e+07
117.601 1.59921e+07
117.701 1.59932e+07
117.801 1.59942e+07
117.901 1.59953e+07
118.001 1.59964e+07
118.101 1.59975e+07
118.201 1.59985e+07
118.301 1.59996e+07
118.401 1.60007e+07
118.501 1.60017e+07
118.601 1.60028e+07
118.701 1.60038e+07
118.801 1.60049e+07
118.901 1.6006e+07
119.001 1.6007e+07
119.101 1.60081e+07
119.201 1.60091e+07
119.301 1.60102e+07
119.401 1.60112e+07
119.501 1.60122e+07
119.601 1.60133e+07
119.701 1.60143e+07
119.801 1.60154e+07
119.901 1.60164e+07
120.001 1.60174e+07
120.101 1.60185e+07
120.201 1.60195e+07
120.301 1.60205e+07
120.401 1.60216e+07
120.501 1.60226e+07
120.601 1.60236e+07
120.701 1.60246e+07
120.801 1.60257e+07
120.901 1.60267e+07
121.001 1.60277e+07
121.101 1.60287e+07
121.201 1.60297e+07
121.301 1.60307e+07
121.401 1.60318e+07
121.501 1.60328e+07
121.601 1.60338e+07
121.701 1.60348e+07
121.801 1.60358e+07
121.901 1.60368e+07
122.001 1.60378e+07
122.101 1.60388e+07
122.201 1.60398e+07
122.301 1.60408e+07
122.401 1.60418e+07
122.501 1.60428e+07
122.601 1.60438e+07
122.701 1.60448e+07
122.801 1.60457e+07
122.901 1.60467e+07
123.001 1.60477e+07
123.101 1.60487e+07
123.201 1.60497e+07
123.301 1.60507e+07
123.401 1.60516e+07
123.501 1.60526e+07
123.601 1.60536e+07
123.701 1.60546e+07
123.801 1.60555e+07
123.901 1.60565e+07
124.001 1.60575e+07
124.101 1.60585e+07
124.201 1.60594e+07
124.301 1.60604e+07
124.401 1.606e+07
124.501 1.60524e+07
124.601 1.60406e+07
124.701 1.60297e+07
124.801 1.60198e+07
124.901 1.60105e+07
125.001 1.60025e+07
125.101 1.59953e+07
125.201 1.59889e+07
125.301 1.59839e+07
125.401 1.59793e+07
125.501 1.59757e+07
125.601 1.59734e+07
125.701 1.59716e+07
125.801 1.59708e+07
125.901 1.59711e+07
126.001 1.5972e+07
126.101 1.5973e+07
126.201 1.5974e+07
126.301 1.5975e+07
126.401 1.59761e+07
126.501 1.59771e+07
126.601 1.59781e+07
126.701 1.59791e+07
126.801 1.59801e+07
126.901 1.59811e+07
127.001 1.59821e+07
127.101 1.59831e+07
127.201 1.59841e+07
127.301 1.59851e+07
127.401 1.59861e+07
127.501 1.59871e+07
127.601 1.59881e+07
127.701 1.59891e+07
127.801 1.59901e+07
127.901 1.59911e+07
128.001 1.59921e+07
128.101 1.59931e+07
128.201 1.59941e+07
128.301 1.59951e+07
128.401 1.5996e+07
128.501 1.5997e+07
128.601 1.5998e+07
128.701 1.5999e+07
128.801 1.6e+07
128.901 1.60009e+07
129.001 1.60019e+07
129.101 1.60029e+07
129.201 1.60039e+07
129.301 1.60048e+07
129.401 1.60058e+07
129.501 1.60068e+07
129.601 1.60077e+07
129.701 1.60087e+07
129.801 1.60097e+07
129.901 1.60106e+07
130.001 1.60116e+07
130.101 1.60125e+07
130.201 1.60135e+07
130.301 1.60145e+07
130.401 1.60154e+07
130.501 1.60164e+07
130.601 1.60173e+07
130.701 1.60183e+07
130.801 1.60192e+07
130.901 1.60202e+07
131.001 1.60211e+07
131.101 1.6022e+07
131.201 1.6023e+07
131.301 1.60239e+07
131.401 1.60249e+07
131.501 1.60258e+07
131.601 1.60268e+07
131.701 1.60277e+07
131.801 1.60286e+07
131.901 1.60295e+07
132.001 1.60305e+07
132.101 1.60314e+07
132.201 1.60323e+07
132.301 1.60333e+07
132.401 1.60342e+07
132.501 1.60351e+07
132.601 1.6036e+07
132.701 1.6037e+07
132.801 1.60379e+07
132.901 1.60388e+07
133.001 1.60397e+07
133.101 1.60406e+07
133.201 1.60415e+07
133.301 1.60425e+07
133.401 1.60434e+07
133.501 1.60443e+07
133.601 1.60452e+07
133.701 1.60461e+07
133.801 1.6047e+07
133.901 1.60479e+07
134.001 1.60488e+07
134.101 1.60497e+07
134.201 1.60506e+07
134.301 1.60515e+07
134.401 1.60524e+07
134.501 1.60533e+07
134.601 1.60542e+07
134.701 1.60551e+07
134.801 1.6056e+07
134.901 1.60569e+07
135.001 1.60578e+07
135.101 1.60587e+07
135.201 1.60595e+07
135.301 1.60604e+07
135.401 1.60613e+07
135.501 1.60622e+07
135.601 1.60631e+07
135.701 1.6064e+07
135.801 1.60649e+07
135.901 1.60657e+07
136.001 1.60666e+07
136.101 1.60675e+07
136.201 1.60684e+07
136.301 1.60692e+07
136.401 1.60701e+07
136.501 1.6071e+07
136.601 1.60719e+07
136.701 1.60727e+07
136.801 1.60683e+07
136.901 1.60573e+07
137.001 1.60471e+07
137.101 1.60378e+07
137.201 1.60291e+07
137.301 1.60215e+07
137.401 1.60147e+07
137.501 1.60086e+07
137.601 1.60037e+07
137.701 1.59993e+07
137.801 1.59958e+07
137.901 1.59934e+07
138.001 1.59915e+07
138.101 1.59905e+07
138.201 1.59905e+07
138.301 1.59912e+07
138.401 1.59921e+07
138.501 1.5993e+07
138.601 1.59939e+07
138.701 1.59948e+07
138.801 1.59957e+07
138.901 1.59967e+07
139.001 1.59976e+07
139.101 1.59985e+07
139.201 1.59994e+07
139.301 1.60003e+07
139.401 1.60012e+07
139.501 1.60021e+07
139.601 1.6003e+07
139.701 1.60039e+07
139.801 1.60048e+07
139.901 1.60057e+07
140.001 1.60066e+07
140.101 1.60075e+07
140.201 1.60084e+07
140.301 1.60092e+07
140.401 1.60101e+07
140.501 1.6011e+07
140.601 1.60119e+07
140.701 1.60128e+07
140.801 1.60137e+07
140.901 1.60146e+07
141.001 1.60155e+07
141.101 1.60163e+07
141.201 1.60172e+07
141.301 1.60181e+07
141.401 1.6019e+07
141.501 1.60198e+07
141.601 1.60207e+07
141.701 1.60216e+07
141.801 1.60225e+07
141.901 1.60233e+07
142.001 1.60242e+07
142.101 1.60251e+07
142.201 1.60259e+07
142.301 1.60268e+07
142.401 1.60277e+07
142.501 1.60285e+07
142.601 1.60294e+07
142.701 1.60303e+07
142.801 1.60311e+07
142.901 1.6032e+07
143.001 1.60328e+07
143.101 1.60337e+07
143.201 1.60346e+07
143.301 1.60354e+07
143.401 1.60363e+07
143.501 1.60371e+07
143.601 1.6038e+07
143.701 1.60388e+07
143.801 1.60397e+07
143.901 1.60405e+07
144.001 1.60414e+07
144.101 1.60422e+07
144.201 1.6043e+07
144.301 1.60439e+07
144.401 1.60447e+07
144.501 1.60456e+07
144.601 1.60464e+07
144.701 1.60472e+07
144.801 1.60481e+07
144.901 1.60489e+07
145.001 1.60497e+07
145.101 1.60506e+07
145.201 1.60514e+07
145.301 1.60523e+07
145.401 1.60531e+07
145.501 1.60539e+07
145.601 1.60547e+07
145.701 1.60556e+07
145.801 1.60564e+07
145.901 1.60572e+07
146.001 1.6058e+07
146.101 1.60589e+07
146.201 1.60597e+07
146.301 1.60605e+07
146.401 1.60613e+07
146.501 1.60621e+07
146.601 1.6063e+07
146.701 1.60638e+07
146.801 1.60646e+07
146.901 1.60654e+07
147.001 1.60662e+07
147.101 1.6067e+07
147.201 1.60678e+07
147.301 1.60686e+07
147.401 1.60694e+07
147.501 1.60702e+07
147.601 1.60711e+07
147.701 1.60719e+07
147.801 1.60727e+07
147.901 1.60735e+07
148.001 1.60743e+07
148.101 1.60751e+07
148.201 1.60759e+07
148.301 1.60767e+07
148.401 1.60775e+07
148.501 1.60783e+07
148.601 1.6079e+07
148.701 1.60798e+07
148.801 1.60806e+07
148.901 1.60814e+07
149.001 1.60822e+07
149.101 1.60816e+07
149.201 1.60713e+07
149.301 1.60617e+07
149.401 1.60529e+07
149.501 1.60447e+07
149.601 1.60375e+07
149.701 1.60311e+07
149.801 1.60251e+07
149.901 1.60203e+07
150.001 1.60162e+07
150.101 1.60126e+07
150.201 1.60102e+07
150.301 1.60083e+07
150.401 1.60071e+07
150.501 1.60069e+07
150.601 1.60072e+07
150.701 1.60081e+07
150.801 1.60089e+07
150.901 1.60097e+07
151.001 1.60106e+07
151.101 1.60114e+07
151.201 1.60122e+07
151.301 1.6013e+07
151.401 1.60138e+07
151.501 1.60147e+07
151.601 1.60155e+07
151.701 1.60163e+07
151.801 1.60171e+07
151.901 1.60179e+07
152.001 1.60188e+07
152.101 1.60196e+07
152.201 1.60204e+07
152.301 1.60212e+07
152.401 1.6022e+07
152.501 1.60228e+07
152.601 1.60236e+07
152.701 1.60245e+07
152.801 1.60253e+07
152.901 1.60261e+07
153.001 1.60269e+07
153.101 1.60277e+07
153.201 1.60285e+07
153.301 1.60293e+07
153.401 1.60301e+07
153.501 1.60309e+07
153.601 1.60317e+07
153.701 1.60325e+07
153.801 1.60333e+07
153.901 1.60341e+07
154.001 1.60349e+07
154.101 1.60357e+07
154.201 1.60364e+07
154.301 1.60372e+07
154.401 1.6038e+07
154.501 1.60388e+07
154.601 1.60396e+07
154.701 1.60404e+07
154.801 1.60412e+07
154.901 1.6042e+07
155.001 1.60428e+07
155.101 1.60435e+07
155.201 1.60443e+07
155.301 1.60451e+07
155.401 1.60459e+07
155.501 1.60467e+07
155.601 1.60475e+07
155.701 1.60482e+07
155.801 1.6049e+07
155.901 1.60498e+07
156.001 1.60506e+07
156.101 1.60513e+07
156.201 1.60521e+07
156.301 1.60529e+07
156.401 1.60537e+07
156.501 1.60544e+07
156.601 1.60552e+07
156.701 1.6056e+07
156.801 1.60567e+07
156.901 1.60575e+07
157.001 1.60583e+07
157.101 1.6059e+07
157.201 1.60598e+07
157.301 1.60605e+07
157.401 1.60613e+07
157.501 1.60621e+07
157.601 1.60628e+07
157.701 1.60636e+07
157.801 1.60643e+07
157.901 1.60651e+07
158.001 1.60659e+07
158.101 1.60666e+07
158.201 1.60674e+07
158.301 1.60681e+07
158.401 1.60689e+07
158.501 1.60696e+07
158.601 1.60704e+07
158.701 1.60711e+07
158.801 1.60719e+07
158.901 1.60726e+07
159.001 1.60734e+07
159.101 1.60741e+07
159.201 1.60748e+07
159.301 1.60756e+07
159.401 1.60763e+07
159.501 1.60771e+07
159.601 1.60778e+07
159.701 1.60786e+07
159.801 1.60793e+07
159.901 1.608e+07
160.001 1.60808e+07
160.101 1.60815e+07
160.201 1.60822e+07
160.301 1.6083e+07
160.401 1.60837e+07
160.501 1.60844e+07
160.601 1.60852e+07
160.701 1.60859e+07
160.801 1.60866e+07
160.901 1.60874e+07
161.001 1.60881e+07
161.101 1.60888e+07
161.201 1.60895e+07
161.301 1.60903e+07
161.401 1.6089e+07
161.501 1.60832e+07
161.601 1.60741e+07
161.701 1.60658e+07
161.801 1.6058e+07
161.901 1.60511e+07
162.001 1.6045e+07
162.101 1.60392e+07
162.201 1.60346e+07
162.301 1.60305e+07
162.401 1.6027e+07
162.501 1.60245e+07
162.601 1.60226e+07
162.701 1.60213e+07
162.801 1.60208e+07
162.901 1.60209e+07
163.001 1.60216e+07
163.101 1.60224e+07
163.201 1.60231e+07
163.301 1.60239e+07
163.401 1.60246e+07
163.501 1.60254e+07
163.601 1.60262e+07
163.701 1.60269e+07
163.801 1.60277e+07
163.901 1.60284e+07
164.001 1.60292e+07
164.101 1.60299e+07
164.201 1.60307e+07
164.301 1.60314e+07
164.401 1.60322e+07
164.501 1.60329e+07
164.601 1.60336e+07
164.701 1.60344e+07
164.801 1.60351e+07
164.901 1.60359e+07
165.001 1.60366e+07
165.101 1.60374e+07
165.201 1.60381e+07
165.301 1.60388e+07
165.401 1.60396e+07
165.501 1.60403e+07
165.601 1.60411e+07
165.701 1.60418e+07
165.801 1.60425e+07
165.901 1.60432e+07
166.001 1.6044e+07
166.101 1.60447e+07
166.201 1.60454e+07
166.301 1.60462e+07
166.401 1.60469e+07
166.501 1.60476e+07
166.601 1.60484e+07
166.701 1.60491e+07
166.801 1.60498e+07
166.901 1.60505e+07
167.001 1.60513e+07
167.101 1.6052e+07
167.201 1.60527e+07
167.301 1.60534e+07
167.401 1.60541e+07
167.501 1.60549e+07
167.601 1.60556e+07
167.701 1.60563e+07
167.801 1.6057e+07
167.901 1.60577e+07
168.001 1.60584e+07
168.101 1.60592e+07
168.201 1.60599e+07
168.301 1.60606e+07
168.401 1.60613e+07
168.501 1.6062e+07
168.601 1.60627e+07
168.701 1.60634e+07
168.801 1.60641e+07
168.901 1.60648e+07
169.001 1.60655e+07
169.101 1.60663e+07
169.201 1.6067e+07
169.301 1.60677e+07
169.401 1.60684e+07
169.501 1.60691e+07
169.601 1.60698e+07
169.701 1.60705e+07
169.801 1.60712e+07
169.901 1.60719e+07
170.001 1.60726e+07
170.101 1.60733e+07
170.201 1.6074e+07
170.301 1.60747e+07
170.401 1.60753e+07
170.501 1.6076e+07
170.601 1.60767e+07
170.701 1.60774e+07
170.801 1.60781e+07
170.901 1.60788e+07
171.001 1.60795e+07
171.101 1.60802e+07
171.201 1.60809e+07
171.301 1.60816e+07
171.401 1.60823e+07
171.501 1.60829e+07
171.601 1.60836e+07
171.701 1.60843e+07
171.801 1.6085e+07
171.901 1.60857e+07
172.001 1.60864e+07
172.101 1.6087e+07
172.201 1.60877e+07
172.301 1.60884e+07
172.401 1.60891e+07
172.501 1.60898e+07
172.601 1.60904e+07
172.701 1.60911e+07
172.801 1.60918e+07
172.901 1.60925e+07
173.001 1.60931e+07
173.101 1.60938e+07
173.201 1.60945e+07
173.301 1.60952e+07
173.401 1.60958e+07
173.501 1.60965e+07
173.601 1.60972e+07
173.701 1.60978e+07
173.801 1.60935e+07
173.901 1.60849e+07
174.001 1.60769e+07
174.101 1.60695e+07
174.201 1.60628e+07
174.301 1.60569e+07
174.401 1.60515e+07
174.501 1.60468e+07
174.601 1.60429e+07
174.701 1.60395e+07
174.801 1.60368e+07
174.901 1.60349e+07
175.001 1.60335e+07
175.101 1.60328e+07
175.201 1.60327e+07
175.301 1.60333e+07
175.401 1.6034e+07
175.501 1.60347e+07
175.601 1.60354e+07
175.701 1.60361e+07
175.801 1.60368e+07
175.901 1.60375e+07
176.001 1.60382e+07
176.101 1.60388e+07
176.201 1.60395e+07
176.301 1.60402e+07
176.401 1.60409e+07
176.501 1.60416e+07
176.601 1.60423e+07
176.701 1.6043e+07
176.801 1.60437e+07
176.901 1.60444e+07
177.001 1.60451e+07
177.101 1.60457e+07
177.201 1.60464e+07
177.301 1.60471e+07
177.401 1.60478e+07
177.501 1.60485e+07
177.601 1.60492e+07
177.701 1.60498e+07
177.801 1.60505e+07
177.901 1.60512e+07
178.001 1.60519e+07
178.101 1.60525e+07
178.201 1.60532e+07
178.301 1.60539e+07
178.401 1.60546e+07
178.501 1.60553e+07
178.601 1.60559e+07
178.701 1.60566e+07
178.801 1.60573e+07
178.901 1.60579e+07
179.001 1.60586e+07
179.101 1.60593e+07
179.201 1.60599e+07
179.301 1.60606e+07
179.401 1.60613e+07
179.501 1.6062e+07
179.601 1.60626e+07
179.701 1.60633e+07
179.801 1.60639e+07
179.901 1.60646e+07
180.001 1.60653e+07
180.101 1.60659e+07
180.201 1.60666e+07
180.301 1.60673e+07
180.401 1.60679e+07
180.501 1.60686e+07
180.601 1.60692e+07
180.701 1.60699e+07
180.801 1.60706e+07
180.901 1.60712e+07
181.001 1.60719e+07
181.101 1.60725e+07
181.201 1.60732e+07
181.301 1.60738e+07
181.401 1.60745e+07
181.501 1.60751e+07
181.601 1.60758e+07
181.701 1.60764e+07
181.801 1.60771e+07
181.901 1.60777e+07
182.001 1.60784e+07
182.101 1.6079e+07
182.201 1.60797e+07
182.301 1.60803e+07
182.401 1.6081e+07
182.501 1.60816e+07
182.601 1.60823e+07
182.701 1.60829e+07
182.801 1.60836e+07
182.901 1.60842e+07
183.001 1.60848e+07
183.101 1.60855e+07
183.201 1.60861e+07
183.301 1.60868e+07
183.401 1.60874e+07
183.501 1.6088e+07
183.601 1.60887e+07
183.701 1.60893e+07
183.801 1.609e+07
183.901 1.60906e+07
184.001 1.60912e+07
184.101 1.60919e+07
184.201 1.60925e+07
184.301 1.60931e+07
184.401 1.60938e+07
184.501 1.60944e+07
184.601 1.6095e+07
184.701 1.60957e+07
184.801 1.60963e+07
184.901 1.60969e+07
185.001 1.60975e+07
185.101 1.60982e+07
185.201 1.60988e+07
185.301 1.60994e+07
185.401 1.61e+07
185.501 1.61007e+07
185.601 1.61013e+07
185.701 1.61019e+07
185.801 1.61025e+07
185.901 1.61032e+07
186.001 1.61038e+07
186.101 1.61025e+07
186.201 1.60942e+07
186.301 1.60866e+07
186.401 1.60796e+07
186.501 1.60731e+07
186.601 1.60674e+07
186.701 1.60621e+07
186.801 1.60575e+07
186.901 1.60538e+07
187.001 1.60503e+07
187.101 1.60476e+07
187.201 1.60457e+07
187.301 1.60441e+07
187.401 1.60433e+07
187.501 1.60431e+07
187.601 1.60434e+07
187.701 1.6044e+07
187.801 1.60447e+07
187.901 1.60453e+07
188.001 1.6046e+07
188.101 1.60466e+07
188.201 1.60473e+07
188.301 1.60479e+07
188.401 1.60486e+07
188.501 1.60492e+07
188.601 1.60498e+07
188.701 1.60505e+07
188.801 1.60511e+07
188.901 1.60518e+07
189.001 1.60524e+07
189.101 1.60531e+07
189.201 1.60537e+07
189.301 1.60543e+07
189.401 1.6055e+07
189.501 1.60556e+07
189.601 1.60562e+07
189.701 1.60569e+07
189.801 1.60575e+07
189.901 1.60581e+07
190.001 1.60588e+07
190.101 1.60594e+07
190.201 1.606e+07
190.301 1.60607e+07
190.401 1.60613e+07
190.501 1.60619e+07
190.601 1.60625e+07
190.701 1.60632e+07
190.801 1.60638e+07
190.901 1.60644e+07
191.001 1.6065e+07
191.101 1.60657e+07
191.201 1.60663e+07
191.301 1.60669e+07
191.401 1.60675e+07
191.501 1.60682e+07
191.601 1.60688e+07
191.701 1.60694e+07
191.801 1.607e+07
191.901 1.60706e+07
192.001 1.60713e+07
192.101 1.60719e+07
192.201 1.60725e+07
192.301 1.60731e+07
192.401 1.60737e+07
192.501 1.60743e+07
192.601 1.6075e+07
192.701 1.60756e+07
192.801 1.60762e+07
192.901 1.60768e+07
193.001 1.60774e+07
193.101 1.6078e+07
193.201 1.60786e+07
193.301 1.60792e+07
193.401 1.60799e+07
193.501 1.60805e+07
193.601 1.60811e+07
193.701 1.60817e+07
193.801 1.60823e+07
193.901 1.60829e+07
194.001 1.60835e+07
194.101 1.60841e+07
194.201 1.60847e+07
194.301 1.60853e+07
194.401 1.60859e+07
194.501 1.60865e+07
194.601 1.60871e+07
194.701 1.60877e+07
194.801 1.60883e+07
194.901 1.60889e+07
195.001 1.60895e+07
195.101 1.60901e+07
195.201 1.60907e+07
195.301 1.60913e+07
195.401 1.60919e+07
195.501 1.60925e+07
195.601 1.60931e+07
195.701 1.60937e+07
195.801 1.60943e+07
195.901 1.60949e+07
196.001 1.60955e+07
196.101 1.60961e+07
196.201 1.60967e+07
196.301 1.60973e+07
196.401 1.60979e+07
196.501 1.60985e+07
196.601 1.6099e+07
196.701 1.60996e+07
196.801 1.61002e+07
196.901 1.61008e+07
197.001 1.61014e+07
197.101 1.6102e+07
197.201 1.61026e+07
197.301 1.61032e+07
197.401 1.61038e+07
197.501 1.61043e+07
197.601 1.61049e+07
197.701 1.61055e+07
197.801 1.61061e+07
197.901 1.61067e+07
198.001 1.61073e+07
198.101 1.61049e+07
198.201 1.60967e+07
198.301 1.60886e+07
198.401 1.60805e+07
198.501 1.60724e+07
198.601 1.60643e+07
198.701 1.60562e+07
198.801 1.60482e+07
198.901 1.60401e+07
199.001 1.6032e+07
199.101 1.6024e+07
199.201 1.60159e+07
199.301 1.60079e+07
199.401 1.59999e+07
199.501 1.59919e+07
199.601 1.59838e+07
199.701 1.59758e+07
199.801 1.59678e+07
199.901 1.59599e+07
200.001 1.59519e+07
