0.001 0
0.101 1.13378e+07
0.201 1.16378e+07
0.301 7.87987e+06
0.401 6.01656e+06
0.501 4.89709e+06
0.601 4.15015e+06
0.701 3.61632e+06
0.801 3.21578e+06
0.901 2.90415e+06
1.001 2.65479e+06
1.101 2.45072e+06
1.201 2.28063e+06
1.301 2.13669e+06
1.401 2.01913e+06
1.501 1.93897e+06
1.601 1.88922e+06
1.701 1.85011e+06
1.801 1.838e+06
1.901 1.83146e+06
2.001 1.84188e+06
2.101 1.85519e+06
2.201 1.86483e+06
2.301 1.89608e+06
2.401 1.93493e+06
2.501 1.98589e+06
2.601 2.04549e+06
2.701 2.11175e+06
2.801 2.18396e+06
2.901 2.26245e+06
3.001 2.34748e+06
3.101 2.43493e+06
3.201 2.51861e+06
3.301 2.60547e+06
3.401 2.69521e+06
3.501 2.79458e+06
3.601 2.89448e+06
3.701 3.00075e+06
3.801 3.11072e+06
3.901 3.22412e+06
4.001 3.33797e+06
4.101 3.45289e+06
4.201 3.56818e+06
4.301 3.67937e+06
4.401 3.7923e+06
4.501 3.90747e+06
4.601 4.02354e+06
4.701 4.1422e+06
4.801 4.26328e+06
4.901 4.38386e+06
5.001 4.51049e+06
5.101 4.63909e+06
5.201 4.7685e+06
5.301 4.89405e+06
5.401 5.01747e+06
5.501 5.14135e+06
5.601 5.26566e+06
5.701 5.39038e+06
5.801 5.51549e+06
5.901 5.64235e+06
6.001 5.76861e+06
6.101 5.89564e+06
6.201 6.02778e+06
6.301 6.16133e+06
6.401 6.29072e+06
6.501 6.4203e+06
6.601 6.5505e+06
6.701 6.68005e+06
6.801 6.8098e+06
6.901 6.93933e+06
7.001 7.06827e+06
7.101 7.19664e+06
7.201 7.32523e+06
7.301 7.45364e+06
7.401 7.58226e+06
7.501 7.70999e+06
7.601 7.83543e+06
7.701 7.95797e+06
7.801 8.07702e+06
7.901 8.19339e+06
8.001 8.30652e+06
8.101 8.41719e+06
8.201 8.52483e+06
8.301 8.63021e+06
8.401 8.73275e+06
8.501 8.8332e+06
8.601 8.931e+06
8.701 9.02686e+06
8.801 9.12024e+06
8.901 9.21182e+06
9.001 9.30106e+06
9.101 9.38865e+06
9.201 9.47403e+06
9.301 9.55787e+06
9.401 9.63964e+06
9.501 9.71997e+06
9.601 9.79835e+06
9.701 9.87539e+06
9.801 9.95058e+06
9.901 1.00245e+07
10.001 1.00967e+07
10.101 1.01678e+07
10.201 1.02374e+07
10.301 1.03054e+07
10.401 1.03724e+07
10.501 1.04378e+07
10.601 1.05023e+07
10.701 1.05653e+07
10.801 1.06274e+07
10.901 1.06881e+07
11.001 1.0748e+07
11.101 1.08065e+07
11.201 1.08642e+07
11.301 1.09207e+07
11.401 1.09764e+07
11.501 1.10309e+07
11.601 1.10847e+07
11.701 1.11373e+07
11.801 1.11893e+07
11.901 1.12402e+07
12.001 1.12905e+07
12.101 1.13397e+07
12.201 1.13883e+07
12.301 1.14359e+07
12.401 1.1483e+07
12.501 1.1529e+07
12.601 1.15746e+07
12.701 1.16193e+07
12.801 1.16634e+07
12.901 1.17067e+07
13.001 1.17495e+07
13.101 1.17916e+07
13.201 1.1833e+07
13.301 1.18739e+07
13.401 1.19139e+07
13.501 1.19536e+07
13.601 1.19925e+07
13.701 1.20311e+07
13.801 1.20688e+07
13.901 1.21063e+07
14.001 1.2143e+07
14.101 1.21793e+07
14.201 1.2215e+07
14.301 1.22504e+07
14.401 1.2285e+07
14.501 1.23194e+07
14.601 1.23532e+07
14.701 1.23866e+07
14.801 1.24195e+07
14.901 1.2452e+07
15.001 1.2484e+07
15.101 1.25157e+07
15.201 1.25468e+07
15.301 1.25777e+07
15.401 1.2608e+07
15.501 1.26381e+07
15.601 1.26676e+07
15.701 1.26969e+07
15.801 1.27257e+07
15.901 1.27543e+07
16.001 1.27825e+07
16.101 1.28102e+07
16.201 1.28378e+07
16.301 1.28648e+07
16.401 1.28917e+07
16.501 1.29181e+07
16.601 1.29443e+07
16.701 1.297e+07
16.801 1.29956e+07
16.901 1.30208e+07
17.001 1.30458e+07
17.101 1.30703e+07
17.201 1.30948e+07
17.301 1.31188e+07
17.401 1.31426e+07
17.501 1.31661e+07
17.601 1.31894e+07
17.701 1.32123e+07
17.801 1.32351e+07
17.901 1.32575e+07
18.001 1.32798e+07
18.101 1.33017e+07
18.201 1.33235e+07
18.301 1.3345e+07
18.401 1.33663e+07
18.501 1.33873e+07
18.601 1.34081e+07
18.701 1.34288e+07
18.801 1.34491e+07
18.901 1.34693e+07
19.001 1.34892e+07
19.101 1.3509e+07
19.201 1.35285e+07
19.301 1.35479e+07
19.401 1.35669e+07
19.501 1.35859e+07
19.601 1.36046e+07
19.701 1.36232e+07
19.801 1.36415e+07
19.901 1.36597e+07
20.001 1.36777e+07
20.101 1.36955e+07
20.201 1.37131e+07
20.301 1.37306e+07
20.401 1.37479e+07
20.501 1.3765e+07
20.601 1.37819e+07
20.701 1.37988e+07
20.801 1.38154e+07
20.901 1.38319e+07
21.001 1.38482e+07
21.101 1.38644e+07
21.201 1.38803e+07
21.301 1.38962e+07
21.401 1.39119e+07
21.501 1.39275e+07
21.601 1.3943e+07
21.701 1.39582e+07
21.801 1.39734e+07
21.901 1.39884e+07
22.001 1.40033e+07
22.101 1.4018e+07
22.201 1.40326e+07
22.301 1.4047e+07
22.401 1.40614e+07
22.501 1.40756e+07
22.601 1.40897e+07
22.701 1.41036e+07
22.801 1.41175e+07
22.901 1.41311e+07
23.001 1.41448e+07
23.101 1.41582e+07
23.201 1.41716e+07
23.301 1.41848e+07
23.401 1.4198e+07
23.501 1.4211e+07
23.601 1.4224e+07
23.701 1.42367e+07
23.801 1.42495e+07
23.901 1.4262e+07
24.001 1.42745e+07
24.101 1.42869e+07
24.201 1.42992e+07
24.301 1.43114e+07
24.401 1.43234e+07
24.501 1.43355e+07
24.601 1.43473e+07
24.701 1.43591e+07
24.801 1.43708e+07
24.901 1.43824e+07
25.001 1.43939e+07
25.101 1.44053e+07
25.201 1.44166e+07
25.301 1.44279e+07
25.401 1.4439e+07
25.501 1.44501e+07
25.601 1.4461e+07
25.701 1.4472e+07
25.801 1.44827e+07
25.901 1.44935e+07
26.001 1.45041e+07
26.101 1.45147e+07
26.201 1.45251e+07
26.301 1.45355e+07
26.401 1.45458e+07
26.501 1.45561e+07
26.601 1.45662e+07
26.701 1.45763e+07
26.801 1.45863e+07
26.901 1.45963e+07
27.001 1.46061e+07
27.101 1.46159e+07
27.201 1.46257e+07
27.301 1.46353e+07
27.401 1.46449e+07
27.501 1.46543e+07
27.601 1.46638e+07
27.701 1.46731e+07
27.801 1.46825e+07
27.901 1.46917e+07
28.001 1.47009e+07
28.101 1.47099e+07
28.201 1.4719e+07
28.301 1.47279e+07
28.401 1.47369e+07
28.501 1.47457e+07
28.601 1.47545e+07
28.701 1.47632e+07
28.801 1.47719e+07
28.901 1.47805e+07
29.001 1.47891e+07
29.101 1.47975e+07
29.201 1.4806e+07
29.301 1.48143e+07
29.401 1.48122e+07
29.501 1.47954e+07
29.601 1.47463e+07
29.701 1.46987e+07
29.801 1.46523e+07
29.901 1.46071e+07
30.001 1.45633e+07
30.101 1.45207e+07
30.201 1.44796e+07
30.301 1.44395e+07
30.401 1.44008e+07
30.501 1.43634e+07
30.601 1.43267e+07
30.701 1.42908e+07
30.801 1.4256e+07
30.901 1.42235e+07
31.001 1.41922e+07
31.101 1.4162e+07
31.201 1.4133e+07
31.301 1.41051e+07
31.401 1.40784e+07
31.501 1.40529e+07
31.601 1.40282e+07
31.701 1.40039e+07
31.801 1.39806e+07
31.901 1.39584e+07
32.001 1.39374e+07
32.101 1.39183e+07
32.201 1.39002e+07
32.301 1.38831e+07
32.401 1.38672e+07
32.501 1.38523e+07
32.601 1.38384e+07
32.701 1.38244e+07
32.801 1.38114e+07
32.901 1.37993e+07
33.001 1.37883e+07
33.101 1.37782e+07
33.201 1.37691e+07
33.301 1.37614e+07
33.401 1.37551e+07
33.501 1.37496e+07
33.601 1.37449e+07
33.701 1.37403e+07
33.801 1.37362e+07
33.901 1.37331e+07
34.001 1.37308e+07
34.101 1.37294e+07
34.201 1.37288e+07
34.301 1.37292e+07
34.401 1.37305e+07
34.501 1.37328e+07
34.601 1.37369e+07
34.701 1.37411e+07
34.801 1.37455e+07
34.901 1.37506e+07
35.001 1.37563e+07
35.101 1.37626e+07
35.201 1.37696e+07
35.301 1.37772e+07
35.401 1.37856e+07
35.501 1.37945e+07
35.601 1.38041e+07
35.701 1.38138e+07
35.801 1.38234e+07
35.901 1.3833e+07
36.001 1.38425e+07
36.101 1.3852e+07
36.201 1.38613e+07
36.301 1.38707e+07
36.401 1.388e+07
36.501 1.38893e+07
36.601 1.38984e+07
36.701 1.39076e+07
36.801 1.39167e+07
36.901 1.39258e+07
37.001 1.39348e+07
37.101 1.39438e+07
37.201 1.39526e+07
37.301 1.39615e+07
37.401 1.39703e+07
37.501 1.39791e+07
37.601 1.39878e+07
37.701 1.39965e+07
37.801 1.40052e+07
37.901 1.40137e+07
38.001 1.40223e+07
38.101 1.40308e+07
38.201 1.40392e+07
38.301 1.40476e+07
38.401 1.4056e+07
38.501 1.40643e+07
38.601 1.40726e+07
38.701 1.40808e+07
38.801 1.4089e+07
38.901 1.40971e+07
39.001 1.41053e+07
39.101 1.41133e+07
39.201 1.41214e+07
39.301 1.41293e+07
39.401 1.41373e+07
39.501 1.41452e+07
39.601 1.41531e+07
39.701 1.41608e+07
39.801 1.41687e+07
39.901 1.41764e+07
40.001 1.41841e+07
40.101 1.41917e+07
40.201 1.41994e+07
40.301 1.4207e+07
40.401 1.42145e+07
40.501 1.42221e+07
40.601 1.42295e+07
40.701 1.4237e+07
40.801 1.42444e+07
40.901 1.42518e+07
41.001 1.42591e+07
41.101 1.42664e+07
41.201 1.42736e+07
41.301 1.42809e+07
41.401 1.42881e+07
41.501 1.42953e+07
41.601 1.43023e+07
41.701 1.43095e+07
41.801 1.43165e+07
41.901 1.43235e+07
42.001 1.43305e+07
42.101 1.43375e+07
42.201 1.43444e+07
42.301 1.43513e+07
42.401 1.43581e+07
42.501 1.4365e+07
42.601 1.43717e+07
42.701 1.43785e+07
42.801 1.43852e+07
42.901 1.4392e+07
43.001 1.43986e+07
43.101 1.44053e+07
43.201 1.44118e+07
43.301 1.44184e+07
43.401 1.4425e+07
43.501 1.44315e+07
43.601 1.4438e+07
43.701 1.44444e+07
43.801 1.44509e+07
43.901 1.44572e+07
44.001 1.44636e+07
44.101 1.44699e+07
44.201 1.44763e+07
44.301 1.44825e+07
44.401 1.44888e+07
44.501 1.4495e+07
44.601 1.45012e+07
44.701 1.45074e+07
44.801 1.45135e+07
44.901 1.45196e+07
45.001 1.45257e+07
45.101 1.45318e+07
45.201 1.45378e+07
45.301 1.45438e+07
45.401 1.45498e+07
45.501 1.45557e+07
45.601 1.45617e+07
45.701 1.45676e+07
45.801 1.45735e+07
45.901 1.45793e+07
46.001 1.45852e+07
46.101 1.4591e+07
46.201 1.45967e+07
46.301 1.46025e+07
46.401 1.46082e+07
46.501 1.46139e+07
46.601 1.46196e+07
46.701 1.46252e+07
46.801 1.46308e+07
46.901 1.46365e+07
47.001 1.4642e+07
47.101 1.46476e+07
47.201 1.46531e+07
47.301 1.46586e+07
47.401 1.46641e+07
47.501 1.46696e+07
47.601 1.4675e+07
47.701 1.46805e+07
47.801 1.46858e+07
47.901 1.46912e+07
48.001 1.46965e+07
48.101 1.47019e+07
48.201 1.47072e+07
48.301 1.47125e+07
48.401 1.47177e+07
48.501 1.4723e+07
48.601 1.47282e+07
48.701 1.47334e+07
48.801 1.47385e+07
48.901 1.47437e+07
49.001 1.47489e+07
49.101 1.4754e+07
49.201 1.47591e+07
49.301 1.47641e+07
49.401 1.47692e+07
49.501 1.47742e+07
49.601 1.47792e+07
49.701 1.47842e+07
49.801 1.47892e+07
49.901 1.47941e+07
50.001 1.47991e+07
50.101 1.48039e+07
50.201 1.48089e+07
50.301 1.48137e+07
50.401 1.48186e+07
50.501 1.48234e+07
50.601 1.48282e+07
50.701 1.4833e+07
50.801 1.48378e+07
50.901 1.48425e+07
51.001 1.48473e+07
51.101 1.4852e+07
51.201 1.48567e+07
51.301 1.48614e+07
51.401 1.4866e+07
51.501 1.48707e+07
51.601 1.48753e+07
51.701 1.488e+07
51.801 1.48845e+07
51.901 1.48891e+07
52.001 1.48936e+07
52.101 1.48982e+07
52.201 1.49027e+07
52.301 1.49072e+07
52.401 1.49117e+07
52.501 1.49162e+07
52.601 1.49206e+07
52.701 1.49251e+07
52.801 1.49295e+07
52.901 1.49339e+07
53.001 1.49383e+07
53.101 1.49427e+07
53.201 1.4947e+07
53.301 1.49514e+07
53.401 1.49556e+07
53.501 1.496e+07
53.601 1.49642e+07
53.701 1.49685e+07
53.801 1.49728e+07
53.901 1.4977e+07
54.001 1.49812e+07
54.101 1.49855e+07
54.201 1.49896e+07
54.301 1.49938e+07
54.401 1.4998e+07
54.501 1.50021e+07
54.601 1.50063e+07
54.701 1.50104e+07
54.801 1.50145e+07
54.901 1.50186e+07
55.001 1.50227e+07
55.101 1.50267e+07
55.201 1.50308e+07
55.301 1.50348e+07
55.401 1.50388e+07
55.501 1.50428e+07
55.601 1.50468e+07
55.701 1.50508e+07
55.801 1.50547e+07
55.901 1.50587e+07
56.001 1.50626e+07
56.101 1.50665e+07
56.201 1.50704e+07
56.301 1.50743e+07
56.401 1.50782e+07
56.501 1.5082e+07
56.601 1.50859e+07
56.701 1.50897e+07
56.801 1.50935e+07
56.901 1.50973e+07
57.001 1.51011e+07
57.101 1.51049e+07
57.201 1.51087e+07
57.301 1.51124e+07
57.401 1.51162e+07
57.501 1.51104e+07
57.601 1.51013e+07
57.701 1.50758e+07
57.801 1.50508e+07
57.901 1.50264e+07
58.001 1.50026e+07
58.101 1.49794e+07
58.201 1.49568e+07
58.301 1.49347e+07
58.401 1.49129e+07
58.501 1.48915e+07
58.601 1.48712e+07
58.701 1.48515e+07
58.801 1.48324e+07
58.901 1.48139e+07
59.001 1.4796e+07
59.101 1.47787e+07
59.201 1.47619e+07
59.301 1.47457e+07
59.401 1.47298e+07
59.501 1.47142e+07
59.601 1.46992e+07
59.701 1.46847e+07
59.801 1.46712e+07
59.901 1.46583e+07
60.001 1.4646e+07
60.101 1.46342e+07
60.201 1.4623e+07
60.301 1.46122e+07
60.401 1.46018e+07
60.501 1.45917e+07
60.601 1.45821e+07
60.701 1.45729e+07
60.801 1.45643e+07
60.901 1.45561e+07
61.001 1.45487e+07
61.101 1.45421e+07
61.201 1.45359e+07
61.301 1.45303e+07
61.401 1.45253e+07
61.501 1.45201e+07
61.601 1.45154e+07
61.701 1.45112e+07
61.801 1.45074e+07
61.901 1.4504e+07
62.001 1.45011e+07
62.101 1.44987e+07
62.201 1.44968e+07
62.301 1.44959e+07
62.401 1.44954e+07
62.501 1.4495e+07
62.601 1.4495e+07
62.701 1.44955e+07
62.801 1.44965e+07
62.901 1.44978e+07
63.001 1.44995e+07
63.101 1.45016e+07
63.201 1.4504e+07
63.301 1.45068e+07
63.401 1.45099e+07
63.501 1.45136e+07
63.601 1.45175e+07
63.701 1.45217e+07
63.801 1.4526e+07
63.901 1.45303e+07
64.001 1.45345e+07
64.101 1.45388e+07
64.201 1.4543e+07
64.301 1.45472e+07
64.401 1.45514e+07
64.501 1.45557e+07
64.601 1.45598e+07
64.701 1.4564e+07
64.801 1.45681e+07
64.901 1.45723e+07
65.001 1.45764e+07
65.101 1.45806e+07
65.201 1.45847e+07
65.301 1.45888e+07
65.401 1.45929e+07
65.501 1.45969e+07
65.601 1.4601e+07
65.701 1.4605e+07
65.801 1.46091e+07
65.901 1.46131e+07
66.001 1.46171e+07
66.101 1.46211e+07
66.201 1.46251e+07
66.301 1.4629e+07
66.401 1.4633e+07
66.501 1.46369e+07
66.601 1.46409e+07
66.701 1.46448e+07
66.801 1.46487e+07
66.901 1.46526e+07
67.001 1.46565e+07
67.101 1.46604e+07
67.201 1.46643e+07
67.301 1.46681e+07
67.401 1.4672e+07
67.501 1.46758e+07
67.601 1.46796e+07
67.701 1.46834e+07
67.801 1.46872e+07
67.901 1.4691e+07
68.001 1.46948e+07
68.101 1.46986e+07
68.201 1.47023e+07
68.301 1.47061e+07
68.401 1.47098e+07
68.501 1.47135e+07
68.601 1.47172e+07
68.701 1.47209e+07
68.801 1.47246e+07
68.901 1.47283e+07
69.001 1.47319e+07
69.101 1.47356e+07
69.201 1.47392e+07
69.301 1.47429e+07
69.401 1.47465e+07
69.501 1.47501e+07
69.601 1.47537e+07
69.701 1.47573e+07
69.801 1.47609e+07
69.901 1.47645e+07
70.001 1.4768e+07
70.101 1.47716e+07
70.201 1.47751e+07
70.301 1.47787e+07
70.401 1.47822e+07
70.501 1.47857e+07
70.601 1.47892e+07
70.701 1.47927e+07
70.801 1.47962e+07
70.901 1.47997e+07
71.001 1.48031e+07
71.101 1.48066e+07
71.201 1.481e+07
71.301 1.48135e+07
71.401 1.48169e+07
71.501 1.48203e+07
71.601 1.48237e+07
71.701 1.48271e+07
71.801 1.48305e+07
71.901 1.48339e+07
72.001 1.48372e+07
72.101 1.48406e+07
72.201 1.48439e+07
72.301 1.48473e+07
72.401 1.48506e+07
72.501 1.48539e+07
72.601 1.48573e+07
72.701 1.48605e+07
72.801 1.48638e+07
72.901 1.48671e+07
73.001 1.48704e+07
73.101 1.48737e+07
73.201 1.48769e+07
73.301 1.48802e+07
73.401 1.48834e+07
73.501 1.48867e+07
73.601 1.48899e+07
73.701 1.48931e+07
73.801 1.48963e+07
73.901 1.48995e+07
74.001 1.49027e+07
74.101 1.49059e+07
74.201 1.4909e+07
74.301 1.49122e+07
74.401 1.49153e+07
74.501 1.49185e+07
74.601 1.49216e+07
74.701 1.49248e+07
74.801 1.49279e+07
74.901 1.4931e+07
75.001 1.49341e+07
75.101 1.49372e+07
75.201 1.49403e+07
75.301 1.49434e+07
75.401 1.49464e+07
75.501 1.49495e+07
75.601 1.49525e+07
75.701 1.49556e+07
75.801 1.49586e+07
75.901 1.49617e+07
76.001 1.49647e+07
76.101 1.49677e+07
76.201 1.49707e+07
76.301 1.49737e+07
76.401 1.49767e+07
76.501 1.49797e+07
76.601 1.49827e+07
76.701 1.49856e+07
76.801 1.49886e+07
76.901 1.49915e+07
77.001 1.49945e+07
77.101 1.49974e+07
77.201 1.50004e+07
77.301 1.50033e+07
77.401 1.50062e+07
77.501 1.50091e+07
77.601 1.5012e+07
77.701 1.50149e+07
77.801 1.50178e+07
77.901 1.50206e+07
78.001 1.50235e+07
78.101 1.50264e+07
78.201 1.50292e+07
78.301 1.50321e+07
78.401 1.50349e+07
78.501 1.50377e+07
78.601 1.50406e+07
78.701 1.50434e+07
78.801 1.50462e+07
78.901 1.5049e+07
79.001 1.50518e+07
79.101 1.50546e+07
79.201 1.50574e+07
79.301 1.50602e+07
79.401 1.50629e+07
79.501 1.50657e+07
79.601 1.50684e+07
79.701 1.50712e+07
79.801 1.50739e+07
79.901 1.50767e+07
80.001 1.50794e+07
80.101 1.50821e+07
80.201 1.50848e+07
80.301 1.50875e+07
80.401 1.50902e+07
80.501 1.50929e+07
80.601 1.50956e+07
80.701 1.50983e+07
80.801 1.5101e+07
80.901 1.51036e+07
81.001 1.51063e+07
81.101 1.5109e+07
81.201 1.51116e+07
81.301 1.51142e+07
81.401 1.51169e+07
81.501 1.51195e+07
81.601 1.51221e+07
81.701 1.51247e+07
81.801 1.51273e+07
81.901 1.513e+07
82.001 1.51326e+07
82.101 1.51351e+07
82.201 1.51377e+07
82.301 1.51403e+07
82.401 1.51429e+07
82.501 1.51454e+07
82.601 1.5148e+07
82.701 1.51505e+07
82.801 1.51531e+07
82.901 1.51556e+07
83.001 1.51582e+07
83.101 1.51607e+07
83.201 1.51632e+07
83.301 1.51657e+07
83.401 1.51683e+07
83.501 1.51707e+07
83.601 1.51733e+07
83.701 1.51757e+07
83.801 1.51782e+07
83.901 1.51807e+07
84.001 1.51832e+07
84.101 1.51856e+07
84.201 1.51881e+07
84.301 1.51906e+07
84.401 1.5193e+07
84.501 1.51954e+07
84.601 1.51979e+07
84.701 1.52003e+07
84.801 1.52028e+07
84.901 1.52052e+07
85.001 1.52076e+07
85.101 1.521e+07
85.201 1.52124e+07
85.301 1.52148e+07
85.401 1.52172e+07
85.501 1.52196e+07
85.601 1.52128e+07
85.701 1.52067e+07
85.801 1.51894e+07
85.901 1.51726e+07
86.001 1.51561e+07
86.101 1.51399e+07
86.201 1.51238e+07
86.301 1.51084e+07
86.401 1.50933e+07
86.501 1.50787e+07
86.601 1.50644e+07
86.701 1.50506e+07
86.801 1.50371e+07
86.901 1.50241e+07
87.001 1.50114e+07
87.101 1.49991e+07
87.201 1.49868e+07
87.301 1.49749e+07
87.401 1.49634e+07
87.501 1.49524e+07
87.601 1.4942e+07
87.701 1.49319e+07
87.801 1.49223e+07
87.901 1.49129e+07
88.001 1.49039e+07
88.101 1.48953e+07
88.201 1.48868e+07
88.301 1.48785e+07
88.401 1.48706e+07
88.501 1.4863e+07
88.601 1.48559e+07
88.701 1.48492e+07
88.801 1.4843e+07
88.901 1.48372e+07
89.001 1.48317e+07
89.101 1.48266e+07
89.201 1.48216e+07
89.301 1.48168e+07
89.401 1.48123e+07
89.501 1.48082e+07
89.601 1.48045e+07
89.701 1.4801e+07
89.801 1.47978e+07
89.901 1.47949e+07
90.001 1.47927e+07
90.101 1.47907e+07
90.201 1.47891e+07
90.301 1.47875e+07
90.401 1.47862e+07
90.501 1.47852e+07
90.601 1.47846e+07
90.701 1.47844e+07
90.801 1.47845e+07
90.901 1.47849e+07
91.001 1.47855e+07
91.101 1.47865e+07
91.201 1.47878e+07
91.301 1.47892e+07
91.401 1.47909e+07
91.501 1.47928e+07
91.601 1.47949e+07
91.701 1.47974e+07
91.801 1.48e+07
91.901 1.48027e+07
92.001 1.48053e+07
92.101 1.4808e+07
92.201 1.48107e+07
92.301 1.48133e+07
92.401 1.4816e+07
92.501 1.48186e+07
92.601 1.48213e+07
92.701 1.48239e+07
92.801 1.48265e+07
92.901 1.48291e+07
93.001 1.48317e+07
93.101 1.48343e+07
93.201 1.48369e+07
93.301 1.48395e+07
93.401 1.48421e+07
93.501 1.48447e+07
93.601 1.48473e+07
93.701 1.48499e+07
93.801 1.48524e+07
93.901 1.4855e+07
94.001 1.48576e+07
94.101 1.48601e+07
94.201 1.48626e+07
94.301 1.48652e+07
94.401 1.48677e+07
94.501 1.48702e+07
94.601 1.48728e+07
94.701 1.48753e+07
94.801 1.48778e+07
94.901 1.48803e+07
95.001 1.48828e+07
95.101 1.48853e+07
95.201 1.48878e+07
95.301 1.48903e+07
95.401 1.48928e+07
95.501 1.48953e+07
95.601 1.48977e+07
95.701 1.49002e+07
95.801 1.49027e+07
95.901 1.49051e+07
96.001 1.49076e+07
96.101 1.491e+07
96.201 1.49125e+07
96.301 1.49149e+07
96.401 1.49173e+07
96.501 1.49198e+07
96.601 1.49222e+07
96.701 1.49246e+07
96.801 1.4927e+07
96.901 1.49294e+07
97.001 1.49318e+07
97.101 1.49342e+07
97.201 1.49366e+07
97.301 1.4939e+07
97.401 1.49414e+07
97.501 1.49437e+07
97.601 1.49461e+07
97.701 1.49485e+07
97.801 1.49508e+07
97.901 1.49532e+07
98.001 1.49555e+07
98.101 1.49579e+07
98.201 1.49603e+07
98.301 1.49626e+07
98.401 1.49649e+07
98.501 1.49672e+07
98.601 1.49696e+07
98.701 1.49719e+07
98.801 1.49742e+07
98.901 1.49765e+07
99.001 1.49788e+07
99.101 1.49811e+07
99.201 1.49834e+07
99.301 1.49857e+07
99.401 1.4988e+07
99.501 1.49903e+07
99.601 1.49926e+07
99.701 1.49948e+07
99.801 1.49971e+07
99.901 1.49994e+07
100.001 1.50016e+07
100.101 1.50039e+07
100.201 1.50061e+07
100.301 1.50084e+07
100.401 1.50106e+07
100.501 1.50128e+07
100.601 1.50151e+07
100.701 1.50173e+07
100.801 1.50195e+07
100.901 1.50218e+07
101.001 1.5024e+07
101.101 1.50262e+07
101.201 1.50284e+07
101.301 1.50306e+07
101.401 1.50328e+07
101.501 1.5035e+07
101.601 1.50372e+07
101.701 1.50394e+07
101.801 1.50415e+07
101.901 1.50437e+07
102.001 1.50459e+07
102.101 1.50481e+07
102.201 1.50502e+07
102.301 1.50524e+07
102.401 1.50545e+07
102.501 1.50567e+07
102.601 1.50588e+07
102.701 1.5061e+07
102.801 1.50631e+07
102.901 1.50652e+07
103.001 1.50674e+07
103.101 1.50695e+07
103.201 1.50716e+07
103.301 1.50737e+07
103.401 1.50758e+07
103.501 1.5078e+07
103.601 1.508e+07
103.701 1.50822e+07
103.801 1.50843e+07
103.901 1.50864e+07
104.001 1.50885e+07
104.101 1.50905e+07
104.201 1.50926e+07
104.301 1.50947e+07
104.401 1.50968e+07
104.501 1.50988e+07
104.601 1.51009e+07
104.701 1.51029e+07
104.801 1.5105e+07
104.901 1.51071e+07
105.001 1.51091e+07
105.101 1.51112e+07
105.201 1.51132e+07
105.301 1.51152e+07
105.401 1.51173e+07
105.501 1.51193e+07
105.601 1.51213e+07
105.701 1.51233e+07
105.801 1.51254e+07
105.901 1.51274e+07
106.001 1.51294e+07
106.101 1.51314e+07
106.201 1.51334e+07
106.301 1.51354e+07
106.401 1.51374e+07
106.501 1.51394e+07
106.601 1.51414e+07
106.701 1.51434e+07
106.801 1.51453e+07
106.901 1.51473e+07
107.001 1.51493e+07
107.101 1.51513e+07
107.201 1.51532e+07
107.301 1.51552e+07
107.401 1.51571e+07
107.501 1.51591e+07
107.601 1.51611e+07
107.701 1.5163e+07
107.801 1.51649e+07
107.901 1.51669e+07
108.001 1.51688e+07
108.101 1.51708e+07
108.201 1.51727e+07
108.301 1.51746e+07
108.401 1.51765e+07
108.501 1.51785e+07
108.601 1.51804e+07
108.701 1.51823e+07
108.801 1.51842e+07
108.901 1.51861e+07
109.001 1.5188e+07
109.101 1.51899e+07
109.201 1.51918e+07
109.301 1.51937e+07
109.401 1.51956e+07
109.501 1.51975e+07
109.601 1.51994e+07
109.701 1.52012e+07
109.801 1.52031e+07
109.901 1.5205e+07
110.001 1.52068e+07
110.101 1.52087e+07
110.201 1.52106e+07
110.301 1.52124e+07
110.401 1.52143e+07
110.501 1.52161e+07
110.601 1.5218e+07
110.701 1.52198e+07
110.801 1.52217e+07
110.901 1.52235e+07
111.001 1.52253e+07
111.101 1.52271e+07
111.201 1.5229e+07
111.301 1.52308e+07
111.401 1.52326e+07
111.501 1.52344e+07
111.601 1.52363e+07
111.701 1.5238e+07
111.801 1.52399e+07
111.901 1.52417e+07
112.001 1.52435e+07
112.101 1.52453e+07
112.201 1.52471e+07
112.301 1.52489e+07
112.401 1.52506e+07
112.501 1.52524e+07
112.601 1.52542e+07
112.701 1.5256e+07
112.801 1.52578e+07
112.901 1.52595e+07
113.001 1.52613e+07
113.101 1.52631e+07
113.201 1.52648e+07
113.301 1.52666e+07
113.401 1.52683e+07
113.501 1.52701e+07
113.601 1.52719e+07
113.701 1.52731e+07
113.801 1.526e+07
113.901 1.52469e+07
114.001 1.52342e+07
114.101 1.52217e+07
114.201 1.52094e+07
114.301 1.51975e+07
114.401 1.51858e+07
114.501 1.51745e+07
114.601 1.51634e+07
114.701 1.51526e+07
114.801 1.51421e+07
114.901 1.51319e+07
115.001 1.51217e+07
115.101 1.51118e+07
115.201 1.51023e+07
115.301 1.50933e+07
115.401 1.50844e+07
115.501 1.50759e+07
115.601 1.50677e+07
115.701 1.50597e+07
115.801 1.5052e+07
115.901 1.50446e+07
116.001 1.50372e+07
116.101 1.503e+07
116.201 1.50231e+07
116.301 1.50166e+07
116.401 1.50103e+07
116.501 1.50045e+07
116.601 1.49989e+07
116.701 1.49937e+07
116.801 1.49887e+07
116.901 1.49839e+07
117.001 1.49792e+07
117.101 1.49747e+07
117.201 1.49704e+07
117.301 1.49664e+07
117.401 1.49627e+07
117.501 1.49592e+07
117.601 1.4956e+07
117.701 1.49532e+07
117.801 1.49508e+07
117.901 1.49485e+07
118.001 1.49464e+07
118.101 1.49443e+07
118.201 1.49425e+07
118.301 1.49409e+07
118.401 1.49395e+07
118.501 1.49385e+07
118.601 1.49377e+07
118.701 1.49371e+07
118.801 1.49369e+07
118.901 1.4937e+07
119.001 1.49375e+07
119.101 1.49378e+07
119.201 1.49384e+07
119.301 1.49391e+07
119.401 1.49401e+07
119.501 1.49412e+07
119.601 1.49426e+07
119.701 1.49442e+07
119.801 1.49459e+07
119.901 1.49479e+07
120.001 1.49498e+07
120.101 1.49517e+07
120.201 1.49536e+07
120.301 1.49555e+07
120.401 1.49575e+07
120.501 1.49594e+07
120.601 1.49613e+07
120.701 1.49632e+07
120.801 1.49651e+07
120.901 1.4967e+07
121.001 1.49689e+07
121.101 1.49707e+07
121.201 1.49726e+07
121.301 1.49745e+07
121.401 1.49764e+07
121.501 1.49783e+07
121.601 1.49802e+07
121.701 1.4982e+07
121.801 1.49839e+07
121.901 1.49858e+07
122.001 1.49876e+07
122.101 1.49895e+07
122.201 1.49914e+07
122.301 1.49932e+07
122.401 1.49951e+07
122.501 1.49969e+07
122.601 1.49987e+07
122.701 1.50006e+07
122.801 1.50024e+07
122.901 1.50043e+07
123.001 1.50061e+07
123.101 1.50079e+07
123.201 1.50098e+07
123.301 1.50116e+07
123.401 1.50134e+07
123.501 1.50152e+07
123.601 1.5017e+07
123.701 1.50189e+07
123.801 1.50207e+07
123.901 1.50225e+07
124.001 1.50243e+07
124.101 1.50261e+07
124.201 1.50279e+07
124.301 1.50297e+07
124.401 1.50314e+07
124.501 1.50332e+07
124.601 1.5035e+07
124.701 1.50368e+07
124.801 1.50386e+07
124.901 1.50404e+07
125.001 1.50421e+07
125.101 1.50439e+07
125.201 1.50457e+07
125.301 1.50474e+07
125.401 1.50492e+07
125.501 1.5051e+07
125.601 1.50527e+07
125.701 1.50545e+07
125.801 1.50562e+07
125.901 1.5058e+07
126.001 1.50597e+07
126.101 1.50615e+07
126.201 1.50632e+07
126.301 1.5065e+07
126.401 1.50667e+07
126.501 1.50684e+07
126.601 1.50702e+07
126.701 1.50719e+07
126.801 1.50736e+07
126.901 1.50753e+07
127.001 1.50771e+07
127.101 1.50788e+07
127.201 1.50805e+07
127.301 1.50822e+07
127.401 1.50839e+07
127.501 1.50856e+07
127.601 1.50873e+07
127.701 1.5089e+07
127.801 1.50907e+07
127.901 1.50924e+07
128.001 1.50941e+07
128.101 1.50958e+07
128.201 1.50975e+07
128.301 1.50991e+07
128.401 1.51008e+07
128.501 1.51025e+07
128.601 1.51042e+07
128.701 1.51059e+07
128.801 1.51075e+07
128.901 1.51092e+07
129.001 1.51109e+07
129.101 1.51125e+07
129.201 1.51142e+07
129.301 1.51159e+07
129.401 1.51175e+07
129.501 1.51192e+07
129.601 1.51208e+07
129.701 1.51225e+07
129.801 1.51241e+07
129.901 1.51258e+07
130.001 1.51274e+07
130.101 1.5129e+07
130.201 1.51307e+07
130.301 1.51323e+07
130.401 1.51339e+07
130.501 1.51356e+07
130.601 1.51372e+07
130.701 1.51388e+07
130.801 1.51404e+07
130.901 1.51421e+07
131.001 1.51437e+07
131.101 1.51453e+07
131.201 1.51469e+07
131.301 1.51485e+07
131.401 1.51501e+07
131.501 1.51517e+07
131.601 1.51533e+07
131.701 1.51549e+07
131.801 1.51565e+07
131.901 1.51581e+07
132.001 1.51597e+07
132.101 1.51613e+07
132.201 1.51629e+07
132.301 1.51645e+07
132.401 1.5166e+07
132.501 1.51676e+07
132.601 1.51692e+07
132.701 1.51708e+07
132.801 1.51723e+07
132.901 1.51739e+07
133.001 1.51755e+07
133.101 1.5177e+07
133.201 1.51786e+07
133.301 1.51802e+07
133.401 1.51817e+07
133.501 1.51833e+07
133.601 1.51848e+07
133.701 1.51864e+07
133.801 1.51879e+07
133.901 1.51895e+07
134.001 1.5191e+07
134.101 1.51926e+07
134.201 1.51941e+07
134.301 1.51957e+07
134.401 1.51972e+07
134.501 1.51987e+07
134.601 1.52002e+07
134.701 1.52018e+07
134.801 1.52033e+07
134.901 1.52048e+07
135.001 1.52063e+07
135.101 1.52079e+07
135.201 1.52094e+07
135.301 1.52109e+07
135.401 1.52124e+07
135.501 1.52139e+07
135.601 1.52154e+07
135.701 1.52169e+07
135.801 1.52184e+07
135.901 1.52199e+07
136.001 1.52214e+07
136.101 1.52229e+07
136.201 1.52244e+07
136.301 1.52259e+07
136.401 1.52274e+07
136.501 1.52289e+07
136.601 1.52304e+07
136.701 1.52319e+07
136.801 1.52334e+07
136.901 1.52348e+07
137.001 1.52363e+07
137.101 1.52378e+07
137.201 1.52393e+07
137.301 1.52407e+07
137.401 1.52422e+07
137.501 1.52437e+07
137.601 1.52451e+07
137.701 1.52466e+07
137.801 1.52481e+07
137.901 1.52495e+07
138.001 1.5251e+07
138.101 1.52524e+07
138.201 1.52539e+07
138.301 1.52553e+07
138.401 1.52568e+07
138.501 1.52582e+07
138.601 1.52597e+07
138.701 1.52611e+07
138.801 1.52625e+07
138.901 1.5264e+07
139.001 1.52654e+07
139.101 1.52668e+07
139.201 1.52683e+07
139.301 1.52697e+07
139.401 1.52711e+07
139.501 1.52725e+07
139.601 1.5274e+07
139.701 1.52754e+07
139.801 1.52768e+07
139.901 1.52782e+07
140.001 1.52796e+07
140.101 1.52811e+07
140.201 1.52825e+07
140.301 1.52839e+07
140.401 1.52853e+07
140.501 1.52867e+07
140.601 1.52881e+07
140.701 1.52895e+07
140.801 1.52909e+07
140.901 1.52923e+07
141.001 1.52937e+07
141.101 1.52951e+07
141.201 1.52965e+07
141.301 1.52979e+07
141.401 1.52992e+07
141.501 1.53006e+07
141.601 1.5302e+07
141.701 1.53034e+07
141.801 1.53027e+07
141.901 1.52921e+07
142.001 1.52817e+07
142.101 1.52715e+07
142.201 1.52615e+07
142.301 1.52517e+07
142.401 1.52421e+07
142.501 1.52328e+07
142.601 1.52237e+07
142.701 1.52147e+07
142.801 1.52058e+07
142.901 1.51973e+07
143.001 1.5189e+07
143.101 1.5181e+07
143.201 1.51733e+07
143.301 1.51657e+07
143.401 1.51584e+07
143.501 1.51513e+07
143.601 1.51445e+07
143.701 1.51377e+07
143.801 1.51311e+07
143.901 1.51247e+07
144.001 1.51185e+07
144.101 1.51125e+07
144.201 1.5107e+07
144.301 1.51016e+07
144.401 1.50965e+07
144.501 1.50916e+07
144.601 1.50869e+07
144.701 1.50824e+07
144.801 1.50779e+07
144.901 1.50736e+07
145.001 1.50695e+07
145.101 1.50656e+07
145.201 1.5062e+07
145.301 1.50585e+07
145.401 1.50554e+07
145.501 1.50525e+07
145.601 1.50499e+07
145.701 1.50475e+07
145.801 1.50452e+07
145.901 1.50429e+07
146.001 1.50408e+07
146.101 1.50389e+07
146.201 1.50372e+07
146.301 1.50357e+07
146.401 1.50344e+07
146.501 1.50333e+07
146.601 1.50325e+07
146.701 1.5032e+07
146.801 1.50316e+07
146.901 1.50314e+07
147.001 1.50313e+07
147.101 1.50314e+07
147.201 1.50317e+07
147.301 1.50321e+07
147.401 1.50327e+07
147.501 1.50334e+07
147.601 1.50343e+07
147.701 1.50354e+07
147.801 1.50367e+07
147.901 1.50381e+07
148.001 1.50396e+07
148.101 1.50411e+07
148.201 1.50426e+07
148.301 1.5044e+07
148.401 1.50455e+07
148.501 1.5047e+07
148.601 1.50485e+07
148.701 1.505e+07
148.801 1.50515e+07
148.901 1.5053e+07
149.001 1.50545e+07
149.101 1.50559e+07
149.201 1.50574e+07
149.301 1.50589e+07
149.401 1.50604e+07
149.501 1.50618e+07
149.601 1.50633e+07
149.701 1.50648e+07
149.801 1.50662e+07
149.901 1.50677e+07
150.001 1.50692e+07
150.101 1.50706e+07
150.201 1.50721e+07
150.301 1.50735e+07
150.401 1.5075e+07
150.501 1.50764e+07
150.601 1.50779e+07
150.701 1.50793e+07
150.801 1.50808e+07
150.901 1.50822e+07
151.001 1.50837e+07
151.101 1.50851e+07
151.201 1.50865e+07
151.301 1.5088e+07
151.401 1.50894e+07
151.501 1.50908e+07
151.601 1.50923e+07
151.701 1.50937e+07
151.801 1.50951e+07
151.901 1.50965e+07
152.001 1.5098e+07
152.101 1.50994e+07
152.201 1.51008e+07
152.301 1.51022e+07
152.401 1.51036e+07
152.501 1.51051e+07
152.601 1.51065e+07
152.701 1.51079e+07
152.801 1.51093e+07
152.901 1.51107e+07
153.001 1.51121e+07
153.101 1.51135e+07
153.201 1.51149e+07
153.301 1.51163e+07
153.401 1.51177e+07
153.501 1.51191e+07
153.601 1.51205e+07
153.701 1.51219e+07
153.801 1.51233e+07
153.901 1.51246e+07
154.001 1.5126e+07
154.101 1.51274e+07
154.201 1.51288e+07
154.301 1.51302e+07
154.401 1.51316e+07
154.501 1.51329e+07
154.601 1.51343e+07
154.701 1.51357e+07
154.801 1.51371e+07
154.901 1.51384e+07
155.001 1.51398e+07
155.101 1.51411e+07
155.201 1.51425e+07
155.301 1.51439e+07
155.401 1.51452e+07
155.501 1.51466e+07
155.601 1.5148e+07
155.701 1.51493e+07
155.801 1.51507e+07
155.901 1.5152e+07
156.001 1.51534e+07
156.101 1.51547e+07
156.201 1.51561e+07
156.301 1.51574e+07
156.401 1.51588e+07
156.501 1.51601e+07
156.601 1.51614e+07
156.701 1.51628e+07
156.801 1.51641e+07
156.901 1.51655e+07
157.001 1.51668e+07
157.101 1.51681e+07
157.201 1.51694e+07
157.301 1.51708e+07
157.401 1.51721e+07
157.501 1.51734e+07
157.601 1.51747e+07
157.701 1.51761e+07
157.801 1.51774e+07
157.901 1.51787e+07
158.001 1.518e+07
158.101 1.51813e+07
158.201 1.51826e+07
158.301 1.5184e+07
158.401 1.51853e+07
158.501 1.51866e+07
158.601 1.51879e+07
158.701 1.51892e+07
158.801 1.51905e+07
158.901 1.51918e+07
159.001 1.51931e+07
159.101 1.51944e+07
159.201 1.51957e+07
159.301 1.5197e+07
159.401 1.51983e+07
159.501 1.51996e+07
159.601 1.52009e+07
159.701 1.52022e+07
159.801 1.52034e+07
159.901 1.52047e+07
160.001 1.5206e+07
160.101 1.52073e+07
160.201 1.52086e+07
160.301 1.52098e+07
160.401 1.52111e+07
160.501 1.52124e+07
160.601 1.52137e+07
160.701 1.52149e+07
160.801 1.52162e+07
160.901 1.52175e+07
161.001 1.52188e+07
161.101 1.522e+07
161.201 1.52213e+07
161.301 1.52225e+07
161.401 1.52238e+07
161.501 1.52251e+07
161.601 1.52263e+07
161.701 1.52276e+07
161.801 1.52288e+07
161.901 1.52301e+07
162.001 1.52314e+07
162.101 1.52326e+07
162.201 1.52339e+07
162.301 1.52351e+07
162.401 1.52363e+07
162.501 1.52376e+07
162.601 1.52388e+07
162.701 1.52401e+07
162.801 1.52413e+07
162.901 1.52426e+07
163.001 1.52438e+07
163.101 1.5245e+07
163.201 1.52463e+07
163.301 1.52475e+07
163.401 1.52487e+07
163.501 1.525e+07
163.601 1.52512e+07
163.701 1.52524e+07
163.801 1.52536e+07
163.901 1.52549e+07
164.001 1.52561e+07
164.101 1.52573e+07
164.201 1.52585e+07
164.301 1.52597e+07
164.401 1.5261e+07
164.501 1.52622e+07
164.601 1.52634e+07
164.701 1.52646e+07
164.801 1.52658e+07
164.901 1.5267e+07
165.001 1.52682e+07
165.101 1.52694e+07
165.201 1.52706e+07
165.301 1.52718e+07
165.401 1.5273e+07
165.501 1.52742e+07
165.601 1.52754e+07
165.701 1.52766e+07
165.801 1.52778e+07
165.901 1.5279e+07
166.001 1.52802e+07
166.101 1.52814e+07
166.201 1.52826e+07
166.301 1.52838e+07
166.401 1.5285e+07
166.501 1.52861e+07
166.601 1.52873e+07
166.701 1.52885e+07
166.801 1.52897e+07
166.901 1.52909e+07
167.001 1.52921e+07
167.101 1.52932e+07
167.201 1.52944e+07
167.301 1.52956e+07
167.401 1.52968e+07
167.501 1.52979e+07
167.601 1.52991e+07
167.701 1.53003e+07
167.801 1.53014e+07
167.901 1.53026e+07
168.001 1.53038e+07
168.101 1.53049e+07
168.201 1.53061e+07
168.301 1.53073e+07
168.401 1.53084e+07
168.501 1.53096e+07
168.601 1.53107e+07
168.701 1.53119e+07
168.801 1.5313e+07
168.901 1.53142e+07
169.001 1.53153e+07
169.101 1.53165e+07
169.201 1.53176e+07
169.301 1.53188e+07
169.401 1.53199e+07
169.501 1.53211e+07
169.601 1.53222e+07
169.701 1.53234e+07
169.801 1.53245e+07
169.901 1.53225e+07
170.001 1.53137e+07
170.101 1.5305e+07
170.201 1.52965e+07
170.301 1.52882e+07
170.401 1.528e+07
170.501 1.52719e+07
170.601 1.5264e+07
170.701 1.52564e+07
170.801 1.52489e+07
170.901 1.52417e+07
171.001 1.52346e+07
171.101 1.52278e+07
171.201 1.52211e+07
171.301 1.52146e+07
171.401 1.52083e+07
171.501 1.52021e+07
171.601 1.5196e+07
171.701 1.51901e+07
171.801 1.51844e+07
171.901 1.5179e+07
172.001 1.51738e+07
172.101 1.51688e+07
172.201 1.51639e+07
172.301 1.51592e+07
172.401 1.51548e+07
172.501 1.51504e+07
172.601 1.51461e+07
172.701 1.5142e+07
172.801 1.5138e+07
172.901 1.51343e+07
173.001 1.51307e+07
173.101 1.51274e+07
173.201 1.51243e+07
173.301 1.51214e+07
173.401 1.51186e+07
173.501 1.51161e+07
173.601 1.51135e+07
173.701 1.51111e+07
173.801 1.51089e+07
173.901 1.51068e+07
174.001 1.51049e+07
174.101 1.51032e+07
174.201 1.51016e+07
174.301 1.51002e+07
174.401 1.50991e+07
174.501 1.50982e+07
174.601 1.50973e+07
174.701 1.50965e+07
174.801 1.50959e+07
174.901 1.50955e+07
175.001 1.50952e+07
175.101 1.50952e+07
175.201 1.50953e+07
175.301 1.50955e+07
175.401 1.50958e+07
175.501 1.50963e+07
175.601 1.5097e+07
175.701 1.50978e+07
175.801 1.50986e+07
175.901 1.50996e+07
176.001 1.51008e+07
176.101 1.5102e+07
176.201 1.51032e+07
176.301 1.51044e+07
176.401 1.51057e+07
176.501 1.51069e+07
176.601 1.51081e+07
176.701 1.51093e+07
176.801 1.51105e+07
176.901 1.51118e+07
177.001 1.5113e+07
177.101 1.51142e+07
177.201 1.51154e+07
177.301 1.51166e+07
177.401 1.51178e+07
177.501 1.5119e+07
177.601 1.51202e+07
177.701 1.51214e+07
177.801 1.51226e+07
177.901 1.51238e+07
178.001 1.5125e+07
178.101 1.51262e+07
178.201 1.51274e+07
178.301 1.51286e+07
178.401 1.51298e+07
178.501 1.5131e+07
178.601 1.51322e+07
178.701 1.51334e+07
178.801 1.51346e+07
178.901 1.51358e+07
179.001 1.51369e+07
179.101 1.51381e+07
179.201 1.51393e+07
179.301 1.51405e+07
179.401 1.51417e+07
179.501 1.51429e+07
179.601 1.5144e+07
179.701 1.51452e+07
179.801 1.51464e+07
179.901 1.51476e+07
180.001 1.51487e+07
180.101 1.51499e+07
180.201 1.51511e+07
180.301 1.51522e+07
180.401 1.51534e+07
180.501 1.51546e+07
180.601 1.51558e+07
180.701 1.51569e+07
180.801 1.51581e+07
180.901 1.51592e+07
181.001 1.51604e+07
181.101 1.51616e+07
181.201 1.51627e+07
181.301 1.51639e+07
181.401 1.5165e+07
181.501 1.51662e+07
181.601 1.51673e+07
181.701 1.51685e+07
181.801 1.51696e+07
181.901 1.51708e+07
182.001 1.51719e+07
182.101 1.51731e+07
182.201 1.51742e+07
182.301 1.51754e+07
182.401 1.51765e+07
182.501 1.51776e+07
182.601 1.51788e+07
182.701 1.51799e+07
182.801 1.51811e+07
182.901 1.51822e+07
183.001 1.51833e+07
183.101 1.51845e+07
183.201 1.51856e+07
183.301 1.51867e+07
183.401 1.51879e+07
183.501 1.5189e+07
183.601 1.51901e+07
183.701 1.51912e+07
183.801 1.51924e+07
183.901 1.51935e+07
184.001 1.51946e+07
184.101 1.51957e+07
184.201 1.51968e+07
184.301 1.5198e+07
184.401 1.51991e+07
184.501 1.52002e+07
184.601 1.52013e+07
184.701 1.52024e+07
184.801 1.52035e+07
184.901 1.52047e+07
185.001 1.52058e+07
185.101 1.52069e+07
185.201 1.5208e+07
185.301 1.52091e+07
185.401 1.52102e+07
185.501 1.52113e+07
185.601 1.52124e+07
185.701 1.52135e+07
185.801 1.52146e+07
185.901 1.52157e+07
186.001 1.52168e+07
186.101 1.52179e+07
186.201 1.5219e+07
186.301 1.52201e+07
186.401 1.52212e+07
186.501 1.52223e+07
186.601 1.52234e+07
186.701 1.52245e+07
186.801 1.52256e+07
186.901 1.52266e+07
187.001 1.52277e+07
187.101 1.52288e+07
187.201 1.52299e+07
187.301 1.5231e+07
187.401 1.52321e+07
187.501 1.52331e+07
187.601 1.52342e+07
187.701 1.52353e+07
187.801 1.52364e+07
187.901 1.52374e+07
188.001 1.52385e+07
188.101 1.52396e+07
188.201 1.52407e+07
188.301 1.52417e+07
188.401 1.52428e+07
188.501 1.52439e+07
188.601 1.5245e+07
188.701 1.5246e+07
188.801 1.52471e+07
188.901 1.52482e+07
189.001 1.52492e+07
189.101 1.52503e+07
189.201 1.52513e+07
189.301 1.52524e+07
189.401 1.52535e+07
189.501 1.52545e+07
189.601 1.52556e+07
189.701 1.52566e+07
189.801 1.52577e+07
189.901 1.52587e+07
190.001 1.52598e+07
190.101 1.52609e+07
190.201 1.52619e+07
190.301 1.5263e+07
190.401 1.5264e+07
190.501 1.5265e+07
190.601 1.52661e+07
190.701 1.52671e+07
190.801 1.52682e+07
190.901 1.52692e+07
191.001 1.52703e+07
191.101 1.52713e+07
191.201 1.52723e+07
191.301 1.52734e+07
191.401 1.52744e+07
191.501 1.52755e+07
191.601 1.52765e+07
191.701 1.52775e+07
191.801 1.52786e+07
191.901 1.52796e+07
192.001 1.52806e+07
192.101 1.52816e+07
192.201 1.52827e+07
192.301 1.52837e+07
192.401 1.52847e+07
192.501 1.52858e+07
192.601 1.52868e+07
192.701 1.52878e+07
192.801 1.52888e+07
192.901 1.52898e+07
193.001 1.52909e+07
193.101 1.52919e+07
193.201 1.52929e+07
193.301 1.52939e+07
193.401 1.52949e+07
193.501 1.52959e+07
193.601 1.5297e+07
193.701 1.5298e+07
193.801 1.5299e+07
193.901 1.53e+07
194.001 1.5301e+07
194.101 1.5302e+07
194.201 1.5303e+07
194.301 1.5304e+07
194.401 1.5305e+07
194.501 1.53061e+07
194.601 1.5307e+07
194.701 1.53081e+07
194.801 1.53091e+07
194.901 1.53101e+07
195.001 1.53111e+07
195.101 1.53121e+07
195.201 1.5313e+07
195.301 1.53141e+07
195.401 1.5315e+07
195.501 1.5316e+07
195.601 1.5317e+07
195.701 1.5318e+07
195.801 1.5319e+07
195.901 1.532e+07
196.001 1.5321e+07
196.101 1.5322e+07
196.201 1.5323e+07
196.301 1.5324e+07
196.401 1.53249e+07
196.501 1.53259e+07
196.601 1.53269e+07
196.701 1.53279e+07
196.801 1.53289e+07
196.901 1.53299e+07
197.001 1.53308e+07
197.101 1.53318e+07
197.201 1.53328e+07
197.301 1.53338e+07
197.401 1.53347e+07
197.501 1.53357e+07
197.601 1.53367e+07
197.701 1.53377e+07
197.801 1.53386e+07
197.901 1.53395e+07
198.001 1.53367e+07
198.101 1.53292e+07
198.201 1.53217e+07
198.301 1.53143e+07
198.401 1.53072e+07
198.501 1.53002e+07
198.601 1.52933e+07
198.701 1.52866e+07
198.801 1.52801e+07
198.901 1.52737e+07
199.001 1.52675e+07
199.101 1.52611e+07
199.201 1.52534e+07
199.301 1.52458e+07
199.401 1.52381e+07
199.501 1.52305e+07
199.601 1.52229e+07
199.701 1.52152e+07
199.801 1.52076e+07
199.901 1.52e+07
200.001 1.51924e+07
