0.001 0
0.101 0
0.201 0
0.301 903654
0.401 698653
0.501 1.35186e+06
0.601 2.14522e+06
0.701 1.8392e+06
0.801 2.75056e+06
0.901 2.82264e+06
1.001 3.57051e+06
1.101 4.17758e+06
1.201 4.68809e+06
1.301 5.6428e+06
1.401 6.47092e+06
1.501 7.19051e+06
1.601 7.82021e+06
1.701 8.37427e+06
1.801 8.86832e+06
1.901 8.80244e+06
2.001 8.36254e+06
2.101 7.96451e+06
2.201 7.60636e+06
2.301 7.27579e+06
2.401 6.97616e+06
2.501 6.70049e+06
2.601 6.44288e+06
2.701 6.20736e+06
2.801 5.98575e+06
2.901 5.78223e+06
3.001 5.59227e+06
3.101 5.41193e+06
3.201 5.24541e+06
3.301 5.08898e+06
3.401 4.93935e+06
3.501 4.80059e+06
3.601 4.66728e+06
3.701 4.54338e+06
3.801 4.42599e+06
3.901 4.31254e+06
4.001 4.20679e+06
4.101 4.10421e+06
4.201 4.00846e+06
4.301 3.91905e+06
4.401 3.83e+06
4.501 3.74854e+06
4.601 3.67061e+06
4.701 3.59253e+06
4.801 3.5211e+06
4.901 3.44926e+06
5.001 3.38355e+06
5.101 3.32042e+06
5.201 3.25657e+06
5.301 3.19822e+06
5.401 3.14203e+06
5.501 3.08491e+06
5.601 3.0342e+06
5.701 2.98098e+06
5.801 2.93381e+06
5.901 2.88824e+06
6.001 2.84011e+06
6.101 2.79757e+06
6.201 2.75641e+06
6.301 2.71266e+06
6.401 2.67411e+06
6.501 2.63297e+06
6.601 2.59679e+06
6.701 2.5617e+06
6.801 2.52403e+06
6.901 2.491e+06
7.001 2.46008e+06
7.101 2.42544e+06
7.201 2.39629e+06
7.301 2.36347e+06
7.401 2.33594e+06
7.501 2.30915e+06
7.601 2.27877e+06
7.701 2.25342e+06
7.801 2.22872e+06
7.901 2.20051e+06
8.001 2.17709e+06
8.101 2.15021e+06
8.201 2.12797e+06
8.301 2.10627e+06
8.401 2.0812e+06
8.501 2.06152e+06
8.601 2.04229e+06
8.701 2.01882e+06
8.801 2.00052e+06
8.901 1.97804e+06
9.001 1.9606e+06
9.101 1.94354e+06
9.201 1.92242e+06
9.301 1.90613e+06
9.401 1.8902e+06
9.501 1.8703e+06
9.601 1.85507e+06
9.701 1.83595e+06
9.801 1.82138e+06
9.901 1.80793e+06
10.001 1.78985e+06
10.101 1.77698e+06
10.201 1.76436e+06
10.301 1.74723e+06
10.401 1.73514e+06
10.501 1.71862e+06
10.601 1.70702e+06
10.701 1.69565e+06
10.801 1.67995e+06
10.901 1.66903e+06
11.001 1.6546e+06
11.101 1.64337e+06
11.201 1.63307e+06
11.301 1.61862e+06
11.401 1.60943e+06
11.501 1.6004e+06
11.601 1.58661e+06
11.701 1.57793e+06
11.801 1.56456e+06
11.901 1.55621e+06
12.001 1.548e+06
12.101 1.53521e+06
12.201 1.52731e+06
12.301 1.51954e+06
12.401 1.50728e+06
12.501 1.4998e+06
12.601 1.48789e+06
12.701 1.48068e+06
12.801 1.47421e+06
12.901 1.46278e+06
13.001 1.45655e+06
13.101 1.45042e+06
13.201 1.43943e+06
13.301 1.43352e+06
13.401 1.42282e+06
13.501 1.41712e+06
13.601 1.4115e+06
13.701 1.40119e+06
13.801 1.39577e+06
13.901 1.39043e+06
14.001 1.3805e+06
14.101 1.37534e+06
14.201 1.36565e+06
14.301 1.36124e+06
14.401 1.35688e+06
14.501 1.34753e+06
14.601 1.34333e+06
14.701 1.33919e+06
14.801 1.33014e+06
14.901 1.32614e+06
15.001 1.3173e+06
15.101 1.31344e+06
15.201 1.30963e+06
15.301 1.30107e+06
15.401 1.29739e+06
15.501 1.29376e+06
15.601 1.28547e+06
15.701 1.28248e+06
15.801 1.27436e+06
15.901 1.27148e+06
16.001 1.26863e+06
16.101 1.26075e+06
16.201 1.25801e+06
16.301 1.25529e+06
16.401 1.24764e+06
16.501 1.24503e+06
16.601 1.23753e+06
16.701 1.235e+06
16.801 1.23251e+06
16.901 1.22522e+06
17.001 1.22281e+06
17.101 1.22043e+06
17.201 1.21333e+06
17.301 1.21151e+06
17.401 1.20455e+06
17.501 1.20279e+06
17.601 1.20106e+06
17.701 1.19427e+06
17.801 1.19261e+06
17.901 1.18822e+06
18.001 1.18434e+06
18.101 1.18276e+06
18.201 1.17626e+06
18.301 1.17474e+06
18.401 1.17323e+06
18.501 1.16689e+06
18.601 1.16544e+06
18.701 1.16008e+06
18.801 1.15825e+06
18.901 1.15731e+06
19.001 1.15122e+06
19.101 1.15031e+06
19.201 1.14942e+06
19.301 1.14347e+06
19.401 1.14262e+06
19.501 1.13676e+06
19.601 1.13596e+06
19.701 1.13516e+06
19.801 1.12943e+06
19.901 1.12867e+06
20.001 1.12793e+06
20.101 1.12232e+06
20.201 1.12161e+06
20.301 1.11608e+06
20.401 1.11581e+06
20.501 1.11554e+06
20.601 1.11013e+06
20.701 1.10989e+06
20.801 1.10965e+06
20.901 1.10435e+06
21.001 1.10414e+06
21.101 1.09891e+06
21.201 1.09873e+06
21.301 1.09855e+06
21.401 1.09341e+06
21.501 1.09326e+06
21.601 1.09311e+06
21.701 1.08808e+06
21.801 1.08832e+06
21.901 1.08336e+06
22.001 1.08362e+06
22.101 1.08389e+06
22.201 1.07901e+06
22.301 1.07929e+06
22.401 1.07957e+06
22.501 1.07478e+06
22.601 1.07507e+06
22.701 1.07034e+06
22.801 1.07065e+06
22.901 1.07097e+06
23.001 1.06631e+06
23.101 1.06664e+06
23.201 1.06732e+06
23.301 1.06274e+06
23.401 1.06343e+06
23.501 1.0589e+06
23.601 1.0596e+06
23.701 1.0603e+06
23.801 1.05584e+06
23.901 1.05654e+06
24.001 1.05656e+06
24.101 1.05319e+06
24.201 1.05379e+06
24.301 1.04945e+06
24.401 1.05017e+06
24.501 1.05077e+06
24.601 1.04649e+06
24.701 1.04721e+06
24.801 1.04617e+06
24.901 1.04383e+06
25.001 1.04476e+06
25.101 1.0406e+06
25.201 1.04144e+06
25.301 1.04237e+06
25.401 1.03827e+06
25.501 1.03932e+06
25.601 1.03717e+06
25.701 1.03642e+06
25.801 1.03746e+06
25.901 1.03346e+06
26.001 1.0345e+06
26.101 1.03564e+06
26.201 1.03169e+06
26.301 1.03294e+06
26.401 1.02985e+06
26.501 1.03038e+06
26.601 1.03162e+06
26.701 1.02775e+06
26.801 1.0291e+06
26.901 1.03053e+06
27.001 1.02671e+06
27.101 1.02824e+06
27.201 1.02446e+06
27.301 1.02589e+06
27.401 1.02731e+06
27.501 1.02357e+06
27.601 1.02509e+06
27.701 1.02669e+06
27.801 1.023e+06
27.901 1.02469e+06
28.001 1.02103e+06
28.101 1.02263e+06
28.201 1.0243e+06
28.301 1.02068e+06
28.401 1.02245e+06
28.501 1.02431e+06
28.601 1.02073e+06
28.701 1.02248e+06
28.801 1.01893e+06
28.901 1.02067e+06
29.001 1.0225e+06
29.101 1.01898e+06
29.201 1.0209e+06
29.301 1.02289e+06
29.401 1.01941e+06
29.501 1.0213e+06
29.601 1.01785e+06
29.701 1.01983e+06
29.801 1.02188e+06
29.901 1.01846e+06
30.001 1.02051e+06
30.101 1.02254e+06
30.201 1.01925e+06
30.301 1.02127e+06
30.401 1.01791e+06
30.501 1.02001e+06
30.601 1.02219e+06
30.701 1.01886e+06
30.801 1.02111e+06
30.901 1.02309e+06
31.001 1.01997e+06
31.101 1.0222e+06
31.201 1.01892e+06
31.301 1.02123e+06
31.401 1.02361e+06
31.501 1.02036e+06
31.601 1.02264e+06
31.701 1.02482e+06
31.801 1.02176e+06
31.901 1.02419e+06
32.001 1.02099e+06
32.101 1.0234e+06
32.201 1.02588e+06
32.301 1.02271e+06
32.401 1.02509e+06
32.501 1.02654e+06
32.601 1.02439e+06
32.701 1.02691e+06
32.801 1.02378e+06
32.901 1.02638e+06
33.001 1.02887e+06
33.101 1.02576e+06
33.201 1.02824e+06
33.301 1.02883e+06
33.401 1.02771e+06
33.501 1.03032e+06
33.601 1.02726e+06
33.701 1.02994e+06
33.801 1.03252e+06
33.901 1.02948e+06
34.001 1.03213e+06
34.101 1.03189e+06
34.201 1.03182e+06
34.301 1.03452e+06
34.401 1.03151e+06
34.501 1.03428e+06
34.601 1.03695e+06
34.701 1.03396e+06
34.801 1.0367e+06
34.901 1.0356e+06
35.001 1.03652e+06
35.101 1.03938e+06
35.201 1.03643e+06
35.301 1.0392e+06
35.401 1.04195e+06
35.501 1.03901e+06
35.601 1.04182e+06
35.701 1.03997e+06
35.801 1.04178e+06
35.901 1.04471e+06
36.001 1.04181e+06
36.101 1.04465e+06
36.201 1.04755e+06
36.301 1.04466e+06
36.401 1.04762e+06
36.501 1.04497e+06
36.601 1.04777e+06
36.701 1.05069e+06
36.801 1.04784e+06
36.901 1.05075e+06
37.001 1.05371e+06
37.101 1.05087e+06
37.201 1.0539e+06
37.301 1.05107e+06
37.401 1.05415e+06
37.501 1.05715e+06
37.601 1.05433e+06
37.701 1.05738e+06
37.801 1.06048e+06
37.901 1.05769e+06
38.001 1.06084e+06
38.101 1.05806e+06
38.201 1.06113e+06
38.301 1.06425e+06
38.401 1.06148e+06
38.501 1.06466e+06
38.601 1.06789e+06
38.701 1.06513e+06
38.801 1.06827e+06
38.901 1.06553e+06
39.001 1.06865e+06
39.101 1.07183e+06
39.201 1.0691e+06
39.301 1.07233e+06
39.401 1.07562e+06
39.501 1.07289e+06
39.601 1.07609e+06
39.701 1.07338e+06
39.801 1.07656e+06
39.901 1.07979e+06
40.001 1.07709e+06
40.101 1.08038e+06
40.201 1.08337e+06
40.301 1.08095e+06
40.401 1.08427e+06
40.501 1.08159e+06
40.601 1.08482e+06
40.701 1.08811e+06
40.801 1.08544e+06
40.901 1.08877e+06
41.001 1.09096e+06
41.101 1.08943e+06
41.201 1.09279e+06
41.301 1.09015e+06
41.401 1.09343e+06
41.501 1.09676e+06
41.601 1.09412e+06
41.701 1.0975e+06
41.801 1.09891e+06
41.901 1.09823e+06
42.001 1.10164e+06
42.101 1.09902e+06
42.201 1.10235e+06
42.301 1.10572e+06
42.401 1.10311e+06
42.501 1.10653e+06
42.601 1.10719e+06
42.701 1.10734e+06
42.801 1.11079e+06
42.901 1.1082e+06
43.001 1.11157e+06
43.101 1.11498e+06
43.201 1.1124e+06
43.301 1.11587e+06
43.401 1.1158e+06
43.501 1.1168e+06
43.601 1.12023e+06
43.701 1.11766e+06
43.801 1.12107e+06
43.901 1.12453e+06
44.001 1.12197e+06
44.101 1.12547e+06
44.201 1.12477e+06
44.301 1.12647e+06
44.401 1.12994e+06
44.501 1.1274e+06
44.601 1.13091e+06
44.701 1.13446e+06
44.801 1.13193e+06
44.901 1.13547e+06
45.001 1.13409e+06
45.101 1.13652e+06
45.201 1.14003e+06
45.301 1.13751e+06
45.401 1.14106e+06
45.501 1.14465e+06
45.601 1.14214e+06
45.701 1.14577e+06
45.801 1.14374e+06
45.901 1.14682e+06
46.001 1.15042e+06
46.101 1.14792e+06
46.201 1.15156e+06
46.301 1.15518e+06
46.401 1.15269e+06
46.501 1.15636e+06
46.601 1.15387e+06
46.701 1.15746e+06
46.801 1.16109e+06
46.901 1.15861e+06
47.001 1.16228e+06
47.101 1.16599e+06
47.201 1.16352e+06
47.301 1.16716e+06
47.401 1.1647e+06
47.501 1.16837e+06
47.601 1.17209e+06
47.701 1.16963e+06
47.801 1.17339e+06
47.901 1.17701e+06
48.001 1.17462e+06
48.101 1.17834e+06
48.201 1.1759e+06
48.301 1.17966e+06
48.401 1.18346e+06
48.501 1.18102e+06
48.601 1.18474e+06
48.701 1.18773e+06
48.801 1.18607e+06
48.901 1.18988e+06
49.001 1.18745e+06
49.101 1.19129e+06
49.201 1.19506e+06
49.301 1.19264e+06
49.401 1.19639e+06
49.501 1.19875e+06
49.601 1.19776e+06
49.701 1.20159e+06
49.801 1.19918e+06
49.901 1.20299e+06
50.001 1.20684e+06
50.101 1.20443e+06
50.201 1.20821e+06
50.301 1.20992e+06
50.401 1.20957e+06
50.501 1.21337e+06
50.601 1.21097e+06
50.701 1.2148e+06
50.801 1.21862e+06
50.901 1.21623e+06
51.001 1.22008e+06
51.101 1.22115e+06
51.201 1.22148e+06
51.301 1.22525e+06
51.401 1.22286e+06
51.501 1.22667e+06
51.601 1.23051e+06
51.701 1.22813e+06
51.801 1.23196e+06
51.901 1.23247e+06
52.001 1.23344e+06
52.101 1.23724e+06
52.201 1.23487e+06
52.301 1.23864e+06
52.401 1.24246e+06
52.501 1.24009e+06
52.601 1.24394e+06
52.701 1.2439e+06
52.801 1.24541e+06
52.901 1.24927e+06
53.001 1.24692e+06
53.101 1.25072e+06
53.201 1.25455e+06
53.301 1.2522e+06
53.401 1.25607e+06
53.501 1.25545e+06
53.601 1.25757e+06
53.701 1.26146e+06
53.801 1.25911e+06
53.901 1.26293e+06
54.001 1.26674e+06
54.101 1.2644e+06
54.201 1.26824e+06
54.301 1.26711e+06
54.401 1.26978e+06
54.501 1.27364e+06
54.601 1.2713e+06
54.701 1.27519e+06
54.801 1.27902e+06
54.901 1.27669e+06
55.001 1.28055e+06
55.101 1.27887e+06
55.201 1.28212e+06
55.301 1.286e+06
55.401 1.28368e+06
55.501 1.28759e+06
55.601 1.29144e+06
55.701 1.28912e+06
55.801 1.29295e+06
55.901 1.29074e+06
56.001 1.2945e+06
56.101 1.2984e+06
56.201 1.29609e+06
56.301 1.29997e+06
56.401 1.30355e+06
56.501 1.30158e+06
56.601 1.30543e+06
56.701 1.30313e+06
56.801 1.30701e+06
56.901 1.31093e+06
57.001 1.30863e+06
57.101 1.31253e+06
57.201 1.31552e+06
57.301 1.31417e+06
57.401 1.31804e+06
57.501 1.31575e+06
57.601 1.31965e+06
57.701 1.32358e+06
57.801 1.32129e+06
57.901 1.32521e+06
58.001 1.32767e+06
58.101 1.32688e+06
58.201 1.33077e+06
58.301 1.32848e+06
58.401 1.33236e+06
58.501 1.33626e+06
58.601 1.33398e+06
58.701 1.33792e+06
58.801 1.33985e+06
58.901 1.33961e+06
59.001 1.34352e+06
59.101 1.34125e+06
59.201 1.34514e+06
59.301 1.34906e+06
59.401 1.34679e+06
59.501 1.35074e+06
59.601 1.35217e+06
59.701 1.35246e+06
59.801 1.35638e+06
59.901 1.35412e+06
60.001 1.35803e+06
60.101 1.36197e+06
60.201 1.35971e+06
60.301 1.36368e+06
60.401 1.36462e+06
60.501 1.36542e+06
60.601 1.36936e+06
60.701 1.3671e+06
60.801 1.37103e+06
60.901 1.37498e+06
61.001 1.37273e+06
61.101 1.37672e+06
61.201 1.37718e+06
61.301 1.37848e+06
61.401 1.38244e+06
61.501 1.38019e+06
61.601 1.38417e+06
61.701 1.38819e+06
61.801 1.38595e+06
61.901 1.38995e+06
62.001 1.3899e+06
62.101 1.39173e+06
62.201 1.3957e+06
62.301 1.39346e+06
62.401 1.39746e+06
62.501 1.4015e+06
62.601 1.39926e+06
62.701 1.40327e+06
62.801 1.40273e+06
62.901 1.40508e+06
63.001 1.40907e+06
63.101 1.40683e+06
63.201 1.41085e+06
63.301 1.41489e+06
63.401 1.41266e+06
63.501 1.41673e+06
63.601 1.4157e+06
63.701 1.41852e+06
63.801 1.42252e+06
63.901 1.42029e+06
64.001 1.42432e+06
64.101 1.42838e+06
64.201 1.42616e+06
64.301 1.43024e+06
64.401 1.42878e+06
64.501 1.43205e+06
64.601 1.4361e+06
64.701 1.43388e+06
64.801 1.43797e+06
64.901 1.44158e+06
65.001 1.43982e+06
65.101 1.44392e+06
65.201 1.442e+06
65.301 1.44574e+06
65.401 1.44981e+06
65.501 1.4476e+06
65.601 1.45169e+06
65.701 1.45478e+06
65.801 1.45361e+06
65.901 1.45767e+06
66.001 1.45547e+06
66.101 1.45956e+06
66.201 1.46368e+06
66.301 1.46148e+06
66.401 1.46558e+06
66.501 1.46816e+06
66.601 1.46751e+06
66.701 1.47159e+06
66.801 1.46939e+06
66.901 1.47349e+06
67.001 1.47763e+06
67.101 1.47543e+06
67.201 1.47959e+06
67.301 1.48167e+06
67.401 1.48149e+06
67.501 1.48562e+06
67.601 1.48342e+06
67.701 1.48758e+06
67.801 1.49177e+06
67.901 1.48957e+06
68.001 1.4937e+06
68.101 1.49534e+06
68.201 1.49566e+06
68.301 1.49984e+06
68.401 1.49765e+06
68.501 1.50182e+06
68.601 1.50601e+06
68.701 1.50382e+06
68.801 1.50796e+06
68.901 1.50912e+06
69.001 1.50993e+06
69.101 1.51412e+06
69.201 1.51194e+06
69.301 1.51615e+06
69.401 1.52032e+06
69.501 1.51813e+06
69.601 1.52232e+06
69.701 1.52306e+06
69.801 1.52435e+06
69.901 1.52859e+06
70.001 1.5264e+06
70.101 1.53059e+06
70.201 1.5348e+06
70.301 1.53262e+06
70.401 1.53686e+06
70.501 1.53714e+06
70.601 1.53894e+06
70.701 1.54315e+06
70.801 1.54097e+06
70.901 1.5452e+06
71.001 1.54946e+06
71.101 1.54728e+06
71.201 1.55156e+06
71.301 1.55141e+06
71.401 1.55362e+06
71.501 1.55787e+06
71.601 1.5557e+06
71.701 1.55998e+06
71.801 1.56424e+06
71.901 1.56207e+06
72.001 1.56632e+06
72.101 1.56573e+06
72.201 1.56842e+06
72.301 1.57265e+06
72.401 1.57048e+06
72.501 1.57469e+06
72.601 1.57863e+06
72.701 1.57672e+06
72.801 1.58094e+06
72.901 1.58e+06
73.001 1.58302e+06
73.101 1.58725e+06
73.201 1.58508e+06
73.301 1.5893e+06
73.401 1.59277e+06
73.501 1.59138e+06
73.601 1.59558e+06
73.701 1.59419e+06
73.801 1.59759e+06
73.901 1.60176e+06
74.001 1.5996e+06
74.101 1.60379e+06
74.201 1.60687e+06
74.301 1.60584e+06
74.401 1.61004e+06
74.501 1.60828e+06
74.601 1.61207e+06
74.701 1.61628e+06
74.801 1.61412e+06
74.901 1.61829e+06
75.001 1.62088e+06
75.101 1.62028e+06
75.201 1.62442e+06
75.301 1.6223e+06
75.401 1.62642e+06
75.501 1.63061e+06
75.601 1.62845e+06
75.701 1.63263e+06
75.801 1.63481e+06
75.901 1.63463e+06
76.001 1.63881e+06
76.101 1.63666e+06
76.201 1.6408e+06
76.301 1.64492e+06
76.401 1.64277e+06
76.501 1.64688e+06
76.601 1.64867e+06
76.701 1.64886e+06
76.801 1.65302e+06
76.901 1.65087e+06
77.001 1.65501e+06
77.101 1.65918e+06
77.201 1.65703e+06
77.301 1.66115e+06
77.401 1.66252e+06
77.501 1.66311e+06
77.601 1.66721e+06
77.701 1.66506e+06
77.801 1.66918e+06
77.901 1.67332e+06
78.001 1.67117e+06
78.101 1.6753e+06
78.201 1.67629e+06
78.301 1.67728e+06
78.401 1.68142e+06
78.501 1.67928e+06
78.601 1.68337e+06
78.701 1.68745e+06
78.801 1.68531e+06
78.901 1.68938e+06
79.001 1.68999e+06
79.101 1.69133e+06
79.201 1.69545e+06
79.301 1.69331e+06
79.401 1.69741e+06
79.501 1.7015e+06
79.601 1.69936e+06
79.701 1.70348e+06
79.801 1.70366e+06
79.901 1.70541e+06
80.001 1.70946e+06
80.101 1.70733e+06
80.201 1.71141e+06
80.301 1.71551e+06
80.401 1.71338e+06
80.501 1.71746e+06
80.601 1.71732e+06
80.701 1.71941e+06
80.801 1.72351e+06
80.901 1.72138e+06
81.001 1.72543e+06
81.101 1.72931e+06
81.201 1.72735e+06
81.301 1.73138e+06
81.401 1.73089e+06
81.501 1.7333e+06
81.601 1.73738e+06
81.701 1.73525e+06
81.801 1.73932e+06
81.901 1.7428e+06
82.001 1.74128e+06
82.101 1.74532e+06
82.201 1.74445e+06
82.301 1.74722e+06
82.401 1.75124e+06
82.501 1.74912e+06
82.601 1.75316e+06
82.701 1.7563e+06
82.801 1.7551e+06
82.901 1.75915e+06
83.001 1.75795e+06
83.101 1.76107e+06
83.201 1.76513e+06
83.301 1.76302e+06
83.401 1.76703e+06
83.501 1.76974e+06
83.601 1.76892e+06
83.701 1.77295e+06
83.801 1.77142e+06
83.901 1.77488e+06
84.001 1.77892e+06
84.101 1.77681e+06
84.201 1.78084e+06
84.301 1.78314e+06
84.401 1.78277e+06
84.501 1.78678e+06
84.601 1.78486e+06
84.701 1.78866e+06
84.801 1.79268e+06
84.901 1.79057e+06
85.001 1.7946e+06
85.101 1.79655e+06
85.201 1.79652e+06
85.301 1.80054e+06
85.401 1.79843e+06
85.501 1.80246e+06
85.601 1.80646e+06
85.701 1.80435e+06
85.801 1.80834e+06
85.901 1.8099e+06
86.001 1.8102e+06
86.101 1.8142e+06
86.201 1.81209e+06
86.301 1.81611e+06
86.401 1.82011e+06
86.501 1.81801e+06
86.601 1.82203e+06
86.701 1.82323e+06
86.801 1.82391e+06
86.901 1.82789e+06
87.001 1.82579e+06
87.101 1.82975e+06
87.201 1.83373e+06
87.301 1.83163e+06
87.401 1.83564e+06
87.501 1.83652e+06
87.601 1.83753e+06
87.701 1.84155e+06
87.801 1.83945e+06
87.901 1.84342e+06
88.001 1.84738e+06
88.101 1.84529e+06
88.201 1.84927e+06
88.301 1.84983e+06
88.401 1.85118e+06
88.501 1.85517e+06
88.601 1.85308e+06
88.701 1.85706e+06
88.801 1.86107e+06
88.901 1.85897e+06
89.001 1.86293e+06
89.101 1.8631e+06
89.201 1.8648e+06
89.301 1.86877e+06
89.401 1.86668e+06
89.501 1.87067e+06
89.601 1.8745e+06
89.701 1.87256e+06
89.801 1.87654e+06
89.901 1.87636e+06
90.001 1.87844e+06
90.101 1.88239e+06
90.201 1.88031e+06
90.301 1.88425e+06
90.401 1.8877e+06
90.501 1.88613e+06
90.601 1.89011e+06
90.701 1.88961e+06
90.801 1.892e+06
90.901 1.89596e+06
91.001 1.89388e+06
91.101 1.89786e+06
91.201 1.90091e+06
91.301 1.89972e+06
91.401 1.90365e+06
91.501 1.90282e+06
91.601 1.90552e+06
91.701 1.9095e+06
91.801 1.90742e+06
91.901 1.91138e+06
92.001 1.91409e+06
92.101 1.91328e+06
92.201 1.91723e+06
92.301 1.91606e+06
92.401 1.91908e+06
92.501 1.923e+06
92.601 1.92093e+06
92.701 1.92487e+06
92.801 1.92728e+06
92.901 1.92676e+06
93.001 1.93071e+06
93.101 1.92925e+06
93.201 1.93261e+06
93.301 1.93654e+06
93.401 1.93447e+06
93.501 1.93839e+06
93.601 1.94045e+06
93.701 1.94027e+06
93.801 1.94423e+06
93.901 1.94248e+06
94.001 1.94611e+06
94.101 1.95008e+06
94.201 1.94801e+06
94.301 1.95195e+06
94.401 1.95365e+06
94.501 1.9538e+06
94.601 1.95772e+06
94.701 1.95568e+06
94.801 1.95958e+06
94.901 1.96354e+06
95.001 1.96147e+06
95.101 1.96542e+06
95.201 1.96681e+06
95.301 1.96731e+06
95.401 1.97124e+06
95.501 1.96917e+06
95.601 1.97309e+06
95.701 1.97702e+06
95.801 1.97496e+06
95.901 1.97891e+06
96.001 1.98e+06
96.101 1.9808e+06
96.201 1.98476e+06
96.301 1.9827e+06
96.401 1.98662e+06
96.501 1.99054e+06
96.601 1.98848e+06
96.701 1.99239e+06
96.801 1.99317e+06
96.901 1.99425e+06
97.001 1.9982e+06
97.101 1.99614e+06
97.201 2.00007e+06
97.301 2.00403e+06
97.401 2.00197e+06
97.501 2.00589e+06
97.601 2.00634e+06
97.701 2.00774e+06
97.801 2.01167e+06
97.901 2.00961e+06
98.001 2.01356e+06
98.101 2.01735e+06
98.201 2.01544e+06
98.301 2.01939e+06
98.401 2.01952e+06
98.501 2.02126e+06
98.601 2.02517e+06
98.701 2.02311e+06
98.801 2.02704e+06
98.901 2.03052e+06
99.001 2.02893e+06
99.101 2.03287e+06
99.201 2.03271e+06
99.301 2.03478e+06
99.401 2.03869e+06
99.501 2.03664e+06
99.601 2.04055e+06
99.701 2.04369e+06
99.801 2.04241e+06
99.901 2.04632e+06
100.001 2.04591e+06
100.101 2.04821e+06
100.201 2.05214e+06
100.301 2.05009e+06
100.401 2.05404e+06
100.501 2.05687e+06
100.601 2.0559e+06
100.701 2.05981e+06
100.801 2.05908e+06
100.901 2.06168e+06
101.001 2.06562e+06
101.101 2.06357e+06
101.201 2.0675e+06
101.301 2.07003e+06
101.401 2.06941e+06
101.501 2.07332e+06
101.601 2.07229e+06
101.701 2.07518e+06
101.801 2.0791e+06
101.901 2.07706e+06
102.001 2.08099e+06
102.101 2.08322e+06
102.201 2.08288e+06
102.301 2.08683e+06
102.401 2.08551e+06
102.501 2.0887e+06
102.601 2.0926e+06
102.701 2.09057e+06
102.801 2.09449e+06
102.901 2.09642e+06
103.001 2.09639e+06
103.101 2.10032e+06
103.201 2.09875e+06
103.301 2.10223e+06
103.401 2.10614e+06
103.501 2.1041e+06
103.601 2.10801e+06
103.701 2.10962e+06
103.801 2.10989e+06
103.901 2.11383e+06
104.001 2.11201e+06
104.101 2.11573e+06
104.201 2.11967e+06
104.301 2.11764e+06
104.401 2.12155e+06
104.501 2.12286e+06
104.601 2.12343e+06
104.701 2.12735e+06
104.801 2.12532e+06
104.901 2.12925e+06
105.001 2.13319e+06
105.101 2.13116e+06
105.201 2.1351e+06
105.301 2.1361e+06
105.401 2.13699e+06
105.501 2.14089e+06
105.601 2.13886e+06
105.701 2.14278e+06
105.801 2.14672e+06
105.901 2.1447e+06
106.001 2.14863e+06
106.101 2.14934e+06
106.201 2.15055e+06
106.301 2.15446e+06
106.401 2.15244e+06
106.501 2.15634e+06
106.601 2.16013e+06
106.701 2.15824e+06
106.801 2.16218e+06
106.901 2.16262e+06
107.001 2.16408e+06
107.101 2.16803e+06
107.201 2.16601e+06
107.301 2.16992e+06
107.401 2.1734e+06
107.501 2.1718e+06
107.601 2.17573e+06
107.701 2.1759e+06
107.801 2.17765e+06
107.901 2.1816e+06
108.001 2.17958e+06
108.101 2.1835e+06
108.201 2.18669e+06
108.301 2.1854e+06
108.401 2.18933e+06
108.501 2.18924e+06
108.601 2.19126e+06
108.701 2.1952e+06
108.801 2.19318e+06
108.901 2.19714e+06
109.001 2.20001e+06
109.101 2.19904e+06
109.201 2.20296e+06
109.301 2.20258e+06
109.401 2.20487e+06
109.501 2.20882e+06
109.601 2.2068e+06
109.701 2.21074e+06
109.801 2.21334e+06
109.901 2.21268e+06
110.001 2.21661e+06
110.101 2.21595e+06
110.201 2.21851e+06
110.301 2.22244e+06
110.401 2.22043e+06
110.501 2.22437e+06
110.601 2.22669e+06
110.701 2.22633e+06
110.801 2.23026e+06
110.901 2.22935e+06
111.001 2.23217e+06
111.101 2.23611e+06
111.201 2.2341e+06
111.301 2.23805e+06
111.401 2.2401e+06
111.501 2.23999e+06
111.601 2.24396e+06
111.701 2.24277e+06
111.801 2.24588e+06
111.901 2.2498e+06
112.001 2.24779e+06
112.101 2.25173e+06
112.201 2.25351e+06
112.301 2.25368e+06
112.401 2.25763e+06
112.501 2.2562e+06
112.601 2.25958e+06
112.701 2.26352e+06
112.801 2.26151e+06
112.901 2.26546e+06
113.001 2.26694e+06
113.101 2.26742e+06
113.201 2.27137e+06
113.301 2.26968e+06
113.401 2.27334e+06
113.501 2.27728e+06
113.601 2.27527e+06
113.701 2.27921e+06
113.801 2.28041e+06
113.901 2.28115e+06
114.001 2.28511e+06
114.101 2.28318e+06
114.201 2.28707e+06
114.301 2.29104e+06
114.401 2.28904e+06
114.501 2.29298e+06
114.601 2.29389e+06
114.701 2.29493e+06
114.801 2.2989e+06
114.901 2.2969e+06
115.001 2.30086e+06
115.101 2.30461e+06
115.201 2.30284e+06
115.301 2.30679e+06
115.401 2.30743e+06
115.501 2.30873e+06
115.601 2.31269e+06
115.701 2.31069e+06
115.801 2.31466e+06
115.901 2.31813e+06
116.001 2.31665e+06
116.101 2.3206e+06
116.201 2.32099e+06
116.301 2.32255e+06
116.401 2.32651e+06
116.501 2.32452e+06
116.601 2.3285e+06
116.701 2.3317e+06
116.801 2.33047e+06
116.901 2.33446e+06
117.001 2.33458e+06
117.101 2.33642e+06
117.201 2.34039e+06
117.301 2.33839e+06
117.401 2.34238e+06
117.501 2.34529e+06
117.601 2.34436e+06
117.701 2.34835e+06
117.801 2.34821e+06
117.901 2.35032e+06
118.001 2.35428e+06
118.101 2.35228e+06
118.201 2.35625e+06
118.301 2.35891e+06
118.401 2.35825e+06
118.501 2.36225e+06
118.601 2.36186e+06
118.701 2.36423e+06
118.801 2.36819e+06
118.901 2.3662e+06
119.001 2.37017e+06
119.101 2.37257e+06
119.201 2.37218e+06
119.301 2.37616e+06
119.401 2.37554e+06
119.501 2.37817e+06
119.601 2.38214e+06
119.701 2.38015e+06
119.801 2.38414e+06
119.901 2.38625e+06
120.001 2.38615e+06
120.101 2.39014e+06
120.201 2.38926e+06
120.301 2.39216e+06
120.401 2.39613e+06
120.501 2.39414e+06
120.601 2.39814e+06
120.701 2.39998e+06
120.801 2.40015e+06
120.901 2.40415e+06
121.001 2.40302e+06
121.101 2.40618e+06
121.201 2.41016e+06
121.301 2.40818e+06
121.401 2.41218e+06
121.501 2.41375e+06
121.601 2.4142e+06
121.701 2.41821e+06
121.801 2.41683e+06
121.901 2.42024e+06
122.001 2.42424e+06
122.101 2.42225e+06
122.201 2.42626e+06
122.301 2.42756e+06
122.401 2.42829e+06
122.501 2.4323e+06
122.601 2.43068e+06
122.701 2.43435e+06
122.801 2.4383e+06
122.901 2.43636e+06
123.001 2.44037e+06
123.101 2.44144e+06
123.201 2.44242e+06
123.301 2.44644e+06
123.401 2.44456e+06
123.501 2.44849e+06
123.601 2.45216e+06
123.701 2.45051e+06
123.801 2.45453e+06
123.901 2.45533e+06
124.001 2.45658e+06
124.101 2.4606e+06
124.201 2.45862e+06
124.301 2.46266e+06
124.401 2.46606e+06
124.501 2.46469e+06
124.601 2.46872e+06
124.701 2.46927e+06
124.801 2.47078e+06
124.901 2.47481e+06
125.001 2.47283e+06
125.101 2.47688e+06
125.201 2.48e+06
125.301 2.47891e+06
125.401 2.48295e+06
125.501 2.48324e+06
125.601 2.48501e+06
125.701 2.48905e+06
125.801 2.48707e+06
125.901 2.49112e+06
126.001 2.49398e+06
126.101 2.49317e+06
126.201 2.49721e+06
126.301 2.49725e+06
126.401 2.49928e+06
126.501 2.50333e+06
126.601 2.50135e+06
126.701 2.50541e+06
126.801 2.508e+06
126.901 2.50746e+06
127.001 2.5115e+06
127.101 2.5113e+06
127.201 2.51359e+06
127.301 2.51764e+06
127.401 2.51566e+06
127.501 2.51972e+06
127.601 2.52206e+06
127.701 2.52178e+06
127.801 2.52583e+06
127.901 2.52539e+06
128.001 2.52792e+06
128.101 2.532e+06
128.201 2.53003e+06
128.301 2.53407e+06
128.401 2.53617e+06
128.501 2.53614e+06
128.601 2.5402e+06
128.701 2.53953e+06
128.801 2.54229e+06
128.901 2.54638e+06
129.001 2.5444e+06
129.101 2.54846e+06
129.201 2.55032e+06
129.301 2.55053e+06
129.401 2.55459e+06
129.501 2.55371e+06
129.601 2.5567e+06
129.701 2.56079e+06
129.801 2.55881e+06
129.901 2.56287e+06
130.001 2.5645e+06
130.101 2.56498e+06
130.201 2.56906e+06
130.301 2.56795e+06
130.401 2.57117e+06
130.501 2.57527e+06
130.601 2.5733e+06
130.701 2.57736e+06
130.801 2.57874e+06
130.901 2.57947e+06
131.001 2.58357e+06
131.101 2.58222e+06
131.201 2.5857e+06
131.301 2.58955e+06
131.401 2.58781e+06
131.501 2.59188e+06
131.601 2.59303e+06
131.701 2.594e+06
131.801 2.5981e+06
131.901 2.59654e+06
132.001 2.60024e+06
132.101 2.60385e+06
132.201 2.60235e+06
132.301 2.60645e+06
132.401 2.60738e+06
132.501 2.60859e+06
132.601 2.6127e+06
132.701 2.61091e+06
132.801 2.61485e+06
132.901 2.6182e+06
133.001 2.61697e+06
133.101 2.62107e+06
133.201 2.62176e+06
133.301 2.62322e+06
133.401 2.62735e+06
133.501 2.62538e+06
133.601 2.62948e+06
133.701 2.6326e+06
133.801 2.63163e+06
133.901 2.63576e+06
134.001 2.63621e+06
134.101 2.63791e+06
134.201 2.64205e+06
134.301 2.64008e+06
134.401 2.64419e+06
134.501 2.64706e+06
134.601 2.64634e+06
134.701 2.65048e+06
134.801 2.65069e+06
134.901 2.65266e+06
135.001 2.65678e+06
135.101 2.65481e+06
135.201 2.65894e+06
135.301 2.66158e+06
135.401 2.66112e+06
135.501 2.66526e+06
135.601 2.66524e+06
135.701 2.66744e+06
135.801 2.67157e+06
135.901 2.6696e+06
136.001 2.67374e+06
136.101 2.67613e+06
136.201 2.67593e+06
136.301 2.68009e+06
136.401 2.67984e+06
136.501 2.68226e+06
136.601 2.68641e+06
136.701 2.68444e+06
136.801 2.6886e+06
136.901 2.69075e+06
137.001 2.69079e+06
137.101 2.69496e+06
137.201 2.69449e+06
137.301 2.69714e+06
137.401 2.70129e+06
137.501 2.69933e+06
137.601 2.70349e+06
137.701 2.7054e+06
137.801 2.70571e+06
137.901 2.70986e+06
138.001 2.70918e+06
138.101 2.71206e+06
138.201 2.71624e+06
138.301 2.71428e+06
138.401 2.71847e+06
138.501 2.72014e+06
138.601 2.72067e+06
138.701 2.72482e+06
138.801 2.72394e+06
138.901 2.72703e+06
139.001 2.73108e+06
139.101 2.72925e+06
139.201 2.73344e+06
139.301 2.7349e+06
139.401 2.73565e+06
139.501 2.73983e+06
139.601 2.73874e+06
139.701 2.74206e+06
139.801 2.74586e+06
139.901 2.7443e+06
140.001 2.74848e+06
140.101 2.74972e+06
140.201 2.75071e+06
140.301 2.75492e+06
140.401 2.75361e+06
140.501 2.75717e+06
140.601 2.76072e+06
140.701 2.7594e+06
140.801 2.7636e+06
140.901 2.76463e+06
141.001 2.76585e+06
141.101 2.77006e+06
141.201 2.76854e+06
141.301 2.77232e+06
141.401 2.77563e+06
141.501 2.77455e+06
141.601 2.77876e+06
141.701 2.77956e+06
141.801 2.78102e+06
141.901 2.78525e+06
142.001 2.78352e+06
142.101 2.78749e+06
142.201 2.7906e+06
142.301 2.78975e+06
142.401 2.79398e+06
142.501 2.79456e+06
142.601 2.79626e+06
142.701 2.80047e+06
142.801 2.79855e+06
142.901 2.80274e+06
143.001 2.80563e+06
143.101 2.80502e+06
143.201 2.80927e+06
143.301 2.80963e+06
143.401 2.81154e+06
143.501 2.81578e+06
143.601 2.81382e+06
143.701 2.81807e+06
143.801 2.82072e+06
143.901 2.82037e+06
144.001 2.82461e+06
144.101 2.82476e+06
144.201 2.82689e+06
144.301 2.83116e+06
144.401 2.82919e+06
144.501 2.83345e+06
144.601 2.83587e+06
144.701 2.83575e+06
144.801 2.83999e+06
144.901 2.83995e+06
145.001 2.84229e+06
145.101 2.84655e+06
145.201 2.84459e+06
145.301 2.84887e+06
145.401 2.85106e+06
145.501 2.85116e+06
145.601 2.85542e+06
145.701 2.85518e+06
145.801 2.85773e+06
145.901 2.86202e+06
146.001 2.86006e+06
146.101 2.86432e+06
146.201 2.86631e+06
146.301 2.86663e+06
146.401 2.87092e+06
146.501 2.87046e+06
146.601 2.87325e+06
146.701 2.87745e+06
146.801 2.87557e+06
146.901 2.87985e+06
147.001 2.88163e+06
147.101 2.88218e+06
147.201 2.88649e+06
147.301 2.88582e+06
147.401 2.88881e+06
147.501 2.89279e+06
147.601 2.89114e+06
147.701 2.89545e+06
147.801 2.897e+06
147.901 2.8978e+06
148.001 2.90209e+06
148.101 2.90123e+06
148.201 2.90443e+06
148.301 2.9082e+06
148.401 2.90679e+06
148.501 2.91111e+06
148.601 2.91245e+06
148.701 2.91345e+06
148.801 2.91777e+06
148.901 2.91672e+06
149.001 2.92013e+06
149.101 2.92366e+06
149.201 2.9225e+06
149.301 2.92681e+06
149.401 2.92795e+06
149.501 2.92917e+06
149.601 2.93351e+06
149.701 2.93226e+06
149.801 2.93589e+06
149.901 2.9392e+06
150.001 2.93825e+06
150.101 2.94258e+06
150.201 2.94352e+06
150.301 2.94496e+06
150.401 2.94932e+06
150.501 2.94786e+06
150.601 2.95169e+06
150.701 2.95478e+06
150.801 2.95407e+06
150.901 2.95842e+06
151.001 2.95914e+06
151.101 2.96082e+06
151.201 2.96516e+06
151.301 2.96352e+06
151.401 2.96755e+06
151.501 2.97044e+06
151.601 2.96997e+06
151.701 2.97432e+06
151.801 2.97485e+06
151.901 2.97672e+06
152.001 2.9811e+06
152.101 2.97928e+06
152.201 2.98353e+06
152.301 2.98619e+06
152.401 2.98593e+06
152.501 2.9903e+06
152.601 2.99064e+06
152.701 2.99273e+06
152.801 2.99712e+06
152.901 2.99516e+06
153.001 2.99954e+06
153.101 3.002e+06
153.201 3.00196e+06
153.301 3.00635e+06
153.401 3.00648e+06
153.501 3.0088e+06
153.601 3.01318e+06
153.701 3.01122e+06
153.801 3.01561e+06
153.901 3.01787e+06
154.001 3.01805e+06
154.101 3.02246e+06
154.201 3.02239e+06
154.301 3.02489e+06
154.401 3.02926e+06
154.501 3.02733e+06
154.601 3.03174e+06
154.701 3.03379e+06
154.801 3.0342e+06
154.901 3.03862e+06
155.001 3.03836e+06
155.101 3.04108e+06
155.201 3.04522e+06
155.301 3.04356e+06
155.401 3.04797e+06
155.501 3.04981e+06
155.601 3.05044e+06
155.701 3.05487e+06
155.801 3.05441e+06
155.901 3.05735e+06
156.001 3.06127e+06
156.101 3.05981e+06
156.201 3.06425e+06
156.301 3.06589e+06
156.401 3.06673e+06
156.501 3.07118e+06
156.601 3.07052e+06
156.701 3.07365e+06
156.801 3.07736e+06
156.901 3.07613e+06
157.001 3.0806e+06
157.101 3.08203e+06
157.201 3.08308e+06
157.301 3.08753e+06
157.401 3.08671e+06
157.501 3.09004e+06
157.601 3.09355e+06
157.701 3.09255e+06
157.801 3.09701e+06
157.901 3.09825e+06
158.001 3.09951e+06
158.101 3.10398e+06
158.201 3.10296e+06
158.301 3.1065e+06
158.401 3.1098e+06
158.501 3.109e+06
158.601 3.11347e+06
158.701 3.11453e+06
158.801 3.11601e+06
158.901 3.12048e+06
159.001 3.11929e+06
159.101 3.12301e+06
159.201 3.12612e+06
159.301 3.12554e+06
159.401 3.13005e+06
159.501 3.1309e+06
159.601 3.13256e+06
159.701 3.13706e+06
159.801 3.13569e+06
159.901 3.1396e+06
160.001 3.1425e+06
160.101 3.14215e+06
160.201 3.14666e+06
160.301 3.14732e+06
160.401 3.14921e+06
160.501 3.15374e+06
160.601 3.15217e+06
160.701 3.15628e+06
160.801 3.15897e+06
160.901 3.15883e+06
161.001 3.16336e+06
161.101 3.16382e+06
161.201 3.16593e+06
161.301 3.17046e+06
161.401 3.16871e+06
161.501 3.17303e+06
161.601 3.17551e+06
161.701 3.17562e+06
161.801 3.18014e+06
161.901 3.18041e+06
162.001 3.18272e+06
162.101 3.18723e+06
162.201 3.18533e+06
162.301 3.18985e+06
162.401 3.19213e+06
162.501 3.19244e+06
162.601 3.197e+06
162.701 3.19708e+06
162.801 3.19961e+06
162.901 3.20389e+06
163.001 3.20219e+06
163.101 3.20675e+06
163.201 3.20883e+06
163.301 3.20935e+06
163.401 3.21393e+06
163.501 3.21381e+06
163.601 3.21653e+06
163.701 3.22061e+06
163.801 3.21915e+06
163.901 3.22374e+06
164.001 3.2256e+06
164.101 3.22634e+06
164.201 3.23092e+06
164.301 3.23062e+06
164.401 3.23354e+06
164.501 3.23741e+06
164.601 3.23617e+06
164.701 3.24076e+06
164.801 3.24246e+06
164.901 3.24339e+06
165.001 3.24801e+06
165.101 3.24751e+06
165.201 3.25063e+06
165.301 3.25429e+06
165.401 3.25326e+06
165.501 3.25788e+06
165.601 3.25938e+06
165.701 3.26052e+06
165.801 3.26513e+06
165.901 3.26447e+06
166.001 3.26778e+06
166.101 3.27125e+06
166.201 3.27044e+06
166.301 3.27505e+06
166.401 3.27637e+06
166.501 3.2777e+06
166.601 3.28235e+06
166.701 3.2815e+06
166.801 3.285e+06
166.901 3.28828e+06
167.001 3.28766e+06
167.101 3.2923e+06
167.201 3.29344e+06
167.301 3.29498e+06
167.401 3.29963e+06
167.501 3.29863e+06
167.601 3.30231e+06
167.701 3.30539e+06
167.801 3.30501e+06
167.901 3.30965e+06
168.001 3.31059e+06
168.101 3.31233e+06
168.201 3.31701e+06
168.301 3.31583e+06
168.401 3.31969e+06
168.501 3.32258e+06
168.601 3.32238e+06
168.701 3.32705e+06
168.801 3.32782e+06
168.901 3.32977e+06
169.001 3.33444e+06
169.101 3.3331e+06
169.201 3.33716e+06
169.301 3.33984e+06
169.401 3.33988e+06
169.501 3.34457e+06
169.601 3.34515e+06
169.701 3.3473e+06
169.801 3.35189e+06
169.901 3.35046e+06
170.001 3.35472e+06
170.101 3.35721e+06
170.201 3.35744e+06
170.301 3.36216e+06
170.401 3.36255e+06
170.501 3.36488e+06
170.601 3.36929e+06
170.701 3.3679e+06
170.801 3.37233e+06
170.901 3.37464e+06
171.001 3.37509e+06
171.101 3.37981e+06
171.201 3.38003e+06
171.301 3.38256e+06
171.401 3.38676e+06
171.501 3.38542e+06
171.601 3.39006e+06
171.701 3.39217e+06
171.801 3.39282e+06
171.901 3.39758e+06
172.001 3.39759e+06
172.101 3.40033e+06
172.201 3.40432e+06
172.301 3.40309e+06
172.401 3.40785e+06
172.501 3.40977e+06
172.601 3.41062e+06
172.701 3.41537e+06
172.801 3.41523e+06
172.901 3.41817e+06
173.001 3.42198e+06
173.101 3.42094e+06
173.201 3.4257e+06
173.301 3.42746e+06
173.401 3.4285e+06
173.501 3.43328e+06
173.601 3.43296e+06
173.701 3.43607e+06
173.801 3.4397e+06
173.901 3.43888e+06
174.001 3.44367e+06
174.101 3.44523e+06
174.201 3.44648e+06
174.301 3.45127e+06
174.401 3.45078e+06
174.501 3.4541e+06
174.601 3.45751e+06
174.701 3.4569e+06
174.801 3.46169e+06
174.901 3.46307e+06
175.001 3.46453e+06
175.101 3.46932e+06
175.201 3.46866e+06
175.301 3.47215e+06
175.401 3.47539e+06
175.501 3.47499e+06
175.601 3.4798e+06
175.701 3.48101e+06
175.801 3.48263e+06
175.901 3.48747e+06
176.001 3.48665e+06
176.101 3.49031e+06
176.201 3.49337e+06
176.301 3.49315e+06
176.401 3.498e+06
176.501 3.49904e+06
176.601 3.50085e+06
176.701 3.50569e+06
176.801 3.50472e+06
176.901 3.50856e+06
177.001 3.51145e+06
177.101 3.51142e+06
177.201 3.51627e+06
177.301 3.51716e+06
177.401 3.51914e+06
177.501 3.52387e+06
177.601 3.52287e+06
177.701 3.52689e+06
177.801 3.5296e+06
177.901 3.52977e+06
178.001 3.53465e+06
178.101 3.53534e+06
178.201 3.53754e+06
178.301 3.54207e+06
178.401 3.5411e+06
178.501 3.54532e+06
178.601 3.54783e+06
178.701 3.54822e+06
178.801 3.55311e+06
178.901 3.55362e+06
179.001 3.55602e+06
179.101 3.56034e+06
179.201 3.55943e+06
179.301 3.56383e+06
179.401 3.56615e+06
179.501 3.56676e+06
179.601 3.57166e+06
179.701 3.57199e+06
179.801 3.57459e+06
179.901 3.57871e+06
180.001 3.57784e+06
180.101 3.58244e+06
180.201 3.58457e+06
180.301 3.58537e+06
180.401 3.5903e+06
180.501 3.59044e+06
180.601 3.59324e+06
180.701 3.59717e+06
180.801 3.59634e+06
180.901 3.60113e+06
181.001 3.60306e+06
181.101 3.60408e+06
181.201 3.60904e+06
181.301 3.609e+06
181.401 3.61199e+06
181.501 3.61572e+06
181.601 3.61494e+06
181.701 3.61992e+06
181.801 3.62168e+06
181.901 3.62287e+06
182.001 3.62783e+06
182.101 3.62765e+06
182.201 3.63082e+06
182.301 3.63438e+06
182.401 3.63379e+06
182.501 3.63876e+06
182.601 3.64037e+06
182.701 3.64176e+06
182.801 3.64673e+06
182.901 3.64639e+06
183.001 3.64971e+06
183.101 3.65311e+06
183.201 3.65272e+06
183.301 3.6577e+06
183.401 3.65915e+06
183.501 3.6607e+06
183.601 3.66571e+06
183.701 3.66521e+06
183.801 3.66871e+06
183.901 3.67194e+06
184.001 3.67171e+06
184.101 3.67674e+06
184.201 3.67802e+06
184.301 3.67976e+06
184.401 3.68477e+06
184.501 3.68413e+06
184.601 3.68782e+06
184.701 3.69087e+06
184.801 3.69085e+06
184.901 3.69588e+06
185.001 3.69699e+06
185.101 3.69893e+06
185.201 3.70373e+06
185.301 3.70314e+06
185.401 3.70701e+06
185.501 3.70988e+06
185.601 3.71007e+06
185.701 3.71512e+06
185.801 3.71604e+06
185.901 3.71819e+06
186.001 3.7228e+06
186.101 3.72224e+06
186.201 3.72629e+06
186.301 3.72899e+06
186.401 3.72937e+06
186.501 3.73443e+06
186.601 3.7352e+06
186.701 3.7375e+06
186.801 3.74195e+06
186.901 3.74144e+06
187.001 3.74567e+06
187.101 3.7482e+06
187.201 3.74876e+06
187.301 3.75386e+06
187.401 3.75447e+06
187.501 3.75695e+06
187.601 3.76121e+06
187.701 3.76074e+06
187.801 3.76515e+06
187.901 3.76749e+06
188.001 3.76825e+06
188.101 3.77338e+06
188.201 3.77381e+06
188.301 3.77648e+06
188.401 3.78055e+06
188.501 3.78013e+06
188.601 3.78472e+06
188.701 3.78689e+06
188.801 3.78784e+06
188.901 3.79298e+06
189.001 3.79326e+06
189.101 3.79611e+06
189.201 3.8e+06
189.301 3.79963e+06
189.401 3.80439e+06
189.501 3.80639e+06
189.601 3.80754e+06
189.701 3.81268e+06
189.801 3.8128e+06
189.901 3.81584e+06
190.001 3.81955e+06
190.101 3.81923e+06
190.201 3.82414e+06
190.301 3.82598e+06
190.401 3.82731e+06
190.501 3.83248e+06
190.601 3.83244e+06
190.701 3.83565e+06
190.801 3.83919e+06
190.901 3.83891e+06
191.001 3.84401e+06
191.101 3.84567e+06
191.201 3.8472e+06
191.301 3.85238e+06
191.401 3.85218e+06
191.501 3.85556e+06
191.601 3.85893e+06
191.701 3.85876e+06
191.801 3.86397e+06
191.901 3.86547e+06
192.001 3.86717e+06
192.101 3.87222e+06
192.201 3.87202e+06
192.301 3.87559e+06
192.401 3.87878e+06
192.501 3.87881e+06
192.601 3.88403e+06
192.701 3.88536e+06
192.801 3.88724e+06
192.901 3.89212e+06
193.001 3.89196e+06
193.101 3.89571e+06
193.201 3.89873e+06
193.301 3.89894e+06
193.401 3.90419e+06
193.501 3.90535e+06
193.601 3.90742e+06
193.701 3.91212e+06
193.801 3.91201e+06
193.901 3.91592e+06
194.001 3.91877e+06
194.101 3.91916e+06
194.201 3.92444e+06
194.301 3.92545e+06
194.401 3.92769e+06
194.501 3.93222e+06
194.601 3.93214e+06
194.701 3.93624e+06
194.801 3.93891e+06
194.901 3.9395e+06
195.001 3.9448e+06
195.101 3.94564e+06
195.201 3.94808e+06
195.301 3.95242e+06
195.401 3.95239e+06
195.501 3.95667e+06
195.601 3.95917e+06
195.701 3.95995e+06
195.801 3.96528e+06
195.901 3.96595e+06
196.001 3.96856e+06
196.101 3.97272e+06
196.201 3.97273e+06
196.301 3.97718e+06
196.401 3.97952e+06
196.501 3.98048e+06
196.601 3.98582e+06
196.701 3.98634e+06
196.801 3.98913e+06
196.901 3.99312e+06
197.001 3.99317e+06
197.101 3.9978e+06
197.201 3.99997e+06
197.301 4.00112e+06
197.401 4.00648e+06
197.501 4.00684e+06
197.601 4.00982e+06
197.701 4.01362e+06
197.801 4.01373e+06
197.901 4.01853e+06
198.001 4.02052e+06
198.101 4.02187e+06
198.201 4.02725e+06
198.301 4.02745e+06
198.401 4.03061e+06
198.501 4.03424e+06
198.601 4.03439e+06
198.701 4.03936e+06
198.801 4.04119e+06
198.901 4.04101e+06
199.001 4.03897e+06
199.101 4.03695e+06
199.201 4.03492e+06
199.301 4.03289e+06
199.401 4.03087e+06
199.501 4.02885e+06
199.601 4.02683e+06
199.701 4.02482e+06
199.801 4.0228e+06
199.901 4.02079e+06
200.001 4.01878e+06
