0.001 0
0.101 0
0.201 1.39383e+06
0.301 3.41581e+06
0.401 4.93127e+06
0.501 6.44982e+06
0.601 8.22789e+06
0.701 9.51418e+06
0.801 1.04827e+07
0.901 9.44302e+06
1.001 8.50781e+06
1.101 7.74249e+06
1.201 7.10461e+06
1.301 6.5648e+06
1.401 6.10787e+06
1.501 5.70638e+06
1.601 5.35505e+06
1.701 5.04503e+06
1.801 4.77397e+06
1.901 4.52713e+06
2.001 4.30497e+06
2.101 4.10395e+06
2.201 3.92491e+06
2.301 3.75788e+06
2.401 3.60476e+06
2.501 3.46389e+06
2.601 3.34327e+06
2.701 3.22553e+06
2.801 3.1162e+06
2.901 3.01441e+06
3.001 2.92484e+06
3.101 2.83578e+06
3.201 2.75484e+06
3.301 2.6788e+06
3.401 2.61443e+06
3.501 2.54675e+06
3.601 2.48282e+06
3.701 2.42235e+06
3.801 2.3715e+06
3.901 2.31908e+06
4.001 2.26927e+06
4.101 2.2219e+06
4.201 2.18455e+06
4.301 2.14134e+06
4.401 2.1001e+06
4.501 2.0607e+06
4.601 2.03187e+06
4.701 1.99733e+06
4.801 1.96422e+06
4.901 1.93247e+06
5.001 1.90199e+06
5.101 1.8807e+06
5.201 1.85238e+06
5.301 1.82513e+06
5.401 1.80041e+06
5.501 1.78548e+06
5.601 1.76234e+06
5.701 1.74002e+06
5.801 1.71846e+06
5.901 1.70593e+06
6.001 1.68567e+06
6.101 1.6674e+06
6.201 1.64972e+06
6.301 1.64167e+06
6.401 1.62495e+06
6.501 1.60874e+06
6.601 1.59302e+06
6.701 1.58629e+06
6.801 1.57257e+06
6.901 1.55924e+06
7.001 1.54629e+06
7.101 1.5429e+06
7.201 1.53054e+06
7.301 1.51852e+06
7.401 1.50682e+06
7.501 1.50523e+06
7.601 1.49509e+06
7.701 1.48521e+06
7.801 1.47559e+06
7.901 1.4755e+06
8.001 1.46624e+06
8.101 1.4572e+06
8.201 1.44839e+06
8.301 1.44667e+06
8.401 1.44305e+06
8.501 1.43567e+06
8.601 1.42847e+06
8.701 1.42237e+06
8.801 1.42382e+06
8.901 1.41699e+06
9.001 1.41031e+06
9.101 1.40468e+06
9.201 1.40893e+06
9.301 1.4046e+06
9.401 1.39863e+06
9.501 1.39335e+06
9.601 1.39725e+06
9.701 1.39238e+06
9.801 1.38761e+06
9.901 1.38321e+06
10.001 1.38815e+06
10.101 1.3841e+06
10.201 1.3804e+06
10.301 1.3765e+06
10.401 1.38288e+06
10.501 1.37982e+06
10.601 1.37655e+06
10.701 1.37334e+06
10.801 1.38052e+06
10.901 1.37809e+06
11.001 1.37545e+06
11.101 1.37311e+06
11.201 1.37955e+06
11.301 1.37938e+06
11.401 1.37754e+06
11.501 1.37596e+06
11.601 1.38216e+06
11.701 1.38336e+06
11.801 1.38201e+06
11.901 1.38091e+06
12.001 1.38776e+06
12.101 1.38956e+06
12.201 1.38887e+06
12.301 1.38841e+06
12.401 1.39411e+06
12.501 1.39775e+06
12.601 1.39745e+06
12.701 1.39737e+06
12.801 1.40112e+06
12.901 1.40797e+06
13.001 1.40822e+06
13.101 1.40827e+06
13.201 1.41017e+06
13.301 1.41961e+06
13.401 1.42018e+06
13.501 1.42054e+06
13.601 1.4211e+06
13.701 1.43316e+06
13.801 1.43381e+06
13.901 1.43465e+06
14.001 1.43567e+06
14.101 1.44806e+06
14.201 1.44897e+06
14.301 1.45006e+06
14.401 1.45132e+06
14.501 1.46401e+06
14.601 1.46516e+06
14.701 1.46648e+06
14.801 1.46797e+06
14.901 1.48093e+06
15.001 1.48248e+06
15.101 1.48419e+06
15.201 1.48606e+06
15.301 1.49928e+06
15.401 1.5012e+06
15.501 1.50327e+06
15.601 1.50514e+06
15.701 1.51773e+06
15.801 1.52069e+06
15.901 1.52293e+06
16.001 1.52497e+06
16.101 1.53611e+06
16.201 1.5409e+06
16.301 1.5433e+06
16.401 1.5455e+06
16.501 1.55641e+06
16.601 1.5621e+06
16.701 1.56464e+06
16.801 1.56698e+06
16.901 1.57606e+06
17.001 1.58407e+06
17.101 1.58657e+06
17.201 1.58905e+06
17.301 1.59653e+06
17.401 1.60643e+06
17.501 1.60906e+06
17.601 1.61182e+06
17.701 1.61777e+06
17.801 1.62962e+06
17.901 1.63236e+06
18.001 1.63523e+06
18.101 1.63972e+06
18.201 1.65328e+06
18.301 1.65629e+06
18.401 1.65941e+06
18.501 1.66264e+06
18.601 1.67783e+06
18.701 1.68107e+06
18.801 1.68443e+06
18.901 1.68761e+06
19.001 1.70292e+06
19.101 1.70625e+06
19.201 1.70969e+06
19.301 1.71295e+06
19.401 1.72837e+06
19.501 1.73178e+06
19.601 1.73516e+06
19.701 1.73864e+06
19.801 1.75417e+06
19.901 1.75766e+06
20.001 1.76111e+06
20.101 1.76466e+06
20.201 1.77909e+06
20.301 1.78386e+06
20.401 1.78738e+06
20.501 1.791e+06
20.601 1.80383e+06
20.701 1.81036e+06
20.801 1.81394e+06
20.901 1.81763e+06
21.001 1.82892e+06
21.101 1.83714e+06
21.201 1.84092e+06
21.301 1.84453e+06
21.401 1.85447e+06
21.501 1.86419e+06
21.601 1.86802e+06
21.701 1.8717e+06
21.801 1.88058e+06
21.901 1.89174e+06
22.001 1.89563e+06
22.101 1.89936e+06
22.201 1.90685e+06
22.301 1.91965e+06
22.401 1.92346e+06
22.501 1.92737e+06
22.601 1.93364e+06
22.701 1.94789e+06
22.801 1.95175e+06
22.901 1.9557e+06
23.001 1.96068e+06
23.101 1.97633e+06
23.201 1.98036e+06
23.301 1.98446e+06
23.401 1.98865e+06
23.501 2.00531e+06
23.601 2.00949e+06
23.701 2.01375e+06
23.801 2.01786e+06
23.901 2.03479e+06
24.001 2.03912e+06
24.101 2.0433e+06
24.201 2.04745e+06
24.301 2.06309e+06
24.401 2.06868e+06
24.501 2.073e+06
24.601 2.07718e+06
24.701 2.09134e+06
24.801 2.09826e+06
24.901 2.10251e+06
25.001 2.10683e+06
25.101 2.11967e+06
25.201 2.12778e+06
25.301 2.13205e+06
25.401 2.13629e+06
25.501 2.14797e+06
25.601 2.15732e+06
25.701 2.16152e+06
25.801 2.1658e+06
25.901 2.17623e+06
26.001 2.1869e+06
26.101 2.19113e+06
26.201 2.19543e+06
26.301 2.20467e+06
26.401 2.21661e+06
26.501 2.22077e+06
26.601 2.225e+06
26.701 2.23317e+06
26.801 2.24625e+06
26.901 2.25044e+06
27.001 2.2547e+06
27.101 2.26173e+06
27.201 2.27602e+06
27.301 2.28023e+06
27.401 2.28442e+06
27.501 2.29035e+06
27.601 2.30561e+06
27.701 2.30995e+06
27.801 2.31417e+06
27.901 2.31903e+06
28.001 2.33543e+06
28.101 2.33979e+06
28.201 2.34404e+06
28.301 2.34834e+06
28.401 2.36421e+06
28.501 2.36975e+06
28.601 2.37402e+06
28.701 2.37826e+06
28.801 2.39295e+06
28.901 2.39963e+06
29.001 2.40393e+06
29.101 2.40819e+06
29.201 2.42183e+06
29.301 2.42963e+06
29.401 2.43395e+06
29.501 2.43824e+06
29.601 2.45086e+06
29.701 2.45973e+06
29.801 2.46407e+06
29.901 2.46839e+06
30.001 2.48001e+06
30.101 2.48994e+06
30.201 2.4943e+06
30.301 2.49873e+06
30.401 2.50939e+06
30.501 2.52042e+06
30.601 2.52481e+06
30.701 2.52925e+06
30.801 2.53888e+06
30.901 2.551e+06
31.001 2.5554e+06
31.101 2.55987e+06
31.201 2.56849e+06
31.301 2.58166e+06
31.401 2.58608e+06
31.501 2.59057e+06
31.601 2.59829e+06
31.701 2.6124e+06
31.801 2.61693e+06
31.901 2.62152e+06
32.001 2.62829e+06
32.101 2.6434e+06
32.201 2.64795e+06
32.301 2.65255e+06
32.401 2.65847e+06
32.501 2.67347e+06
32.601 2.6792e+06
32.701 2.6839e+06
32.801 2.6889e+06
32.901 2.7038e+06
33.001 2.71052e+06
33.101 2.71523e+06
33.201 2.71984e+06
33.301 2.73429e+06
33.401 2.74215e+06
33.501 2.74679e+06
33.601 2.75149e+06
33.701 2.76504e+06
33.801 2.77392e+06
33.901 2.77857e+06
34.001 2.78328e+06
34.101 2.79593e+06
34.201 2.80573e+06
34.301 2.81048e+06
34.401 2.81528e+06
34.501 2.82706e+06
34.601 2.83784e+06
34.701 2.84267e+06
34.801 2.84755e+06
34.901 2.85841e+06
35.001 2.87022e+06
35.101 2.87514e+06
35.201 2.87995e+06
35.301 2.89005e+06
35.401 2.90279e+06
35.501 2.90764e+06
35.601 2.91253e+06
35.701 2.92159e+06
35.801 2.93501e+06
35.901 2.93979e+06
36.001 2.94462e+06
36.101 2.95289e+06
36.201 2.96705e+06
36.301 2.97191e+06
36.401 2.9766e+06
36.501 2.98394e+06
36.601 2.99801e+06
36.701 3.00363e+06
36.801 3.00833e+06
36.901 3.01484e+06
37.001 3.02875e+06
37.101 3.0351e+06
37.201 3.03974e+06
37.301 3.04559e+06
37.401 3.05926e+06
37.501 3.06656e+06
37.601 3.07113e+06
37.701 3.07604e+06
37.801 3.08956e+06
37.901 3.09756e+06
38.001 3.10215e+06
38.101 3.10679e+06
38.201 3.1198e+06
38.301 3.12849e+06
38.401 3.13302e+06
38.501 3.1376e+06
38.601 3.14983e+06
38.701 3.15941e+06
38.801 3.16388e+06
38.901 3.16833e+06
39.001 3.17967e+06
39.101 3.1899e+06
39.201 3.19439e+06
39.301 3.19886e+06
39.401 3.20938e+06
39.501 3.22033e+06
39.601 3.22477e+06
39.701 3.22925e+06
39.801 3.23897e+06
39.901 3.25076e+06
40.001 3.25515e+06
40.101 3.25951e+06
40.201 3.26838e+06
40.301 3.28079e+06
40.401 3.28519e+06
40.501 3.28964e+06
40.601 3.29775e+06
40.701 3.31043e+06
40.801 3.31512e+06
40.901 3.31952e+06
41.001 3.32694e+06
41.101 3.3395e+06
41.201 3.34506e+06
41.301 3.34934e+06
41.401 3.35603e+06
41.501 3.36852e+06
41.601 3.37481e+06
41.701 3.37918e+06
41.801 3.38502e+06
41.901 3.39739e+06
42.001 3.40445e+06
42.101 3.40877e+06
42.201 3.41391e+06
42.301 3.42622e+06
42.401 3.43398e+06
42.501 3.43826e+06
42.601 3.44276e+06
42.701 3.45502e+06
42.801 3.46353e+06
42.901 3.46776e+06
43.001 3.47197e+06
43.101 3.48366e+06
43.201 3.49285e+06
43.301 3.4971e+06
43.401 3.50139e+06
43.501 3.51222e+06
43.601 3.52207e+06
43.701 3.52633e+06
43.801 3.53058e+06
43.901 3.54069e+06
44.001 3.55131e+06
44.101 3.55547e+06
44.201 3.55967e+06
44.301 3.56914e+06
44.401 3.5804e+06
44.501 3.58463e+06
44.601 3.58879e+06
44.701 3.59744e+06
44.801 3.6092e+06
44.901 3.61358e+06
45.001 3.61782e+06
45.101 3.62578e+06
45.201 3.63744e+06
45.301 3.64244e+06
45.401 3.64664e+06
45.501 3.65399e+06
45.601 3.6656e+06
45.701 3.67132e+06
45.801 3.67542e+06
45.901 3.68217e+06
46.001 3.69368e+06
46.101 3.70012e+06
46.201 3.70424e+06
46.301 3.71028e+06
46.401 3.72175e+06
46.501 3.72884e+06
46.601 3.73303e+06
46.701 3.73843e+06
46.801 3.7498e+06
46.901 3.75746e+06
47.001 3.76162e+06
47.101 3.76646e+06
47.201 3.77778e+06
47.301 3.78613e+06
47.401 3.79025e+06
47.501 3.79452e+06
47.601 3.80575e+06
47.701 3.81482e+06
47.801 3.8189e+06
47.901 3.82297e+06
48.001 3.8337e+06
48.101 3.84332e+06
48.201 3.84748e+06
48.301 3.85156e+06
48.401 3.86159e+06
48.501 3.87185e+06
48.601 3.87598e+06
48.701 3.88014e+06
48.801 3.88952e+06
48.901 3.90037e+06
49.001 3.90451e+06
49.101 3.90863e+06
49.201 3.91744e+06
49.301 3.92847e+06
49.401 3.93302e+06
49.501 3.93716e+06
49.601 3.94535e+06
49.701 3.95629e+06
49.801 3.96156e+06
49.901 3.96562e+06
50.001 3.97319e+06
50.101 3.9841e+06
50.201 3.99003e+06
50.301 3.9941e+06
50.401 4.00102e+06
50.501 4.01189e+06
50.601 4.01842e+06
50.701 4.02257e+06
50.801 4.02889e+06
50.901 4.03968e+06
51.001 4.04685e+06
51.101 4.05096e+06
51.201 4.05676e+06
51.301 4.06751e+06
51.401 4.07526e+06
51.501 4.07939e+06
51.601 4.08461e+06
51.701 4.09534e+06
51.801 4.10371e+06
51.901 4.1078e+06
52.001 4.11251e+06
52.101 4.12315e+06
52.201 4.13218e+06
52.301 4.13625e+06
52.401 4.14039e+06
52.501 4.151e+06
52.601 4.16064e+06
52.701 4.16472e+06
52.801 4.16878e+06
52.901 4.17885e+06
53.001 4.18903e+06
53.101 4.19318e+06
53.201 4.19726e+06
53.301 4.20674e+06
53.401 4.21719e+06
53.501 4.22172e+06
53.601 4.22582e+06
53.701 4.23466e+06
53.801 4.24509e+06
53.901 4.25019e+06
54.001 4.25435e+06
54.101 4.26263e+06
54.201 4.27298e+06
54.301 4.27869e+06
54.401 4.28282e+06
54.501 4.29058e+06
54.601 4.30091e+06
54.701 4.30717e+06
54.801 4.31132e+06
54.901 4.31858e+06
55.001 4.32888e+06
55.101 4.33573e+06
55.201 4.3399e+06
55.301 4.34661e+06
55.401 4.35688e+06
55.501 4.36432e+06
55.601 4.36846e+06
55.701 4.37468e+06
55.801 4.38487e+06
55.901 4.39294e+06
56.001 4.39709e+06
56.101 4.40278e+06
56.201 4.41295e+06
56.301 4.42164e+06
56.401 4.42576e+06
56.501 4.43092e+06
56.601 4.44107e+06
56.701 4.45031e+06
56.801 4.45445e+06
56.901 4.4591e+06
57.001 4.46922e+06
57.101 4.47906e+06
57.201 4.48321e+06
57.301 4.48735e+06
57.401 4.4974e+06
57.501 4.50751e+06
57.601 4.51196e+06
57.701 4.51611e+06
57.801 4.52566e+06
57.901 4.53574e+06
58.001 4.54077e+06
58.101 4.54494e+06
58.201 4.55401e+06
58.301 4.56402e+06
58.401 4.56966e+06
58.501 4.57385e+06
58.601 4.58233e+06
58.701 4.59232e+06
58.801 4.59853e+06
58.901 4.60273e+06
59.001 4.61074e+06
59.101 4.6207e+06
59.201 4.62746e+06
59.301 4.63167e+06
59.401 4.63922e+06
59.501 4.64916e+06
59.601 4.65642e+06
59.701 4.66069e+06
59.801 4.66772e+06
59.901 4.67764e+06
60.001 4.68548e+06
60.101 4.68977e+06
60.201 4.6963e+06
60.301 4.7062e+06
60.401 4.71462e+06
60.501 4.71892e+06
60.601 4.72496e+06
60.701 4.73483e+06
60.801 4.74382e+06
60.901 4.74813e+06
61.001 4.75368e+06
61.101 4.76353e+06
61.201 4.77308e+06
61.301 4.7774e+06
61.401 4.78247e+06
61.501 4.7923e+06
61.601 4.80209e+06
61.701 4.80674e+06
61.801 4.81133e+06
61.901 4.82113e+06
62.001 4.83091e+06
62.101 4.83613e+06
62.201 4.84043e+06
62.301 4.85004e+06
62.401 4.85979e+06
62.501 4.86559e+06
62.601 4.8699e+06
62.701 4.879e+06
62.801 4.88873e+06
62.901 4.8951e+06
63.001 4.89942e+06
63.101 4.90804e+06
63.201 4.91774e+06
63.301 4.92467e+06
63.401 4.929e+06
63.501 4.93713e+06
63.601 4.94682e+06
63.701 4.95429e+06
63.801 4.95864e+06
63.901 4.96633e+06
64.001 4.97603e+06
64.101 4.98397e+06
64.201 4.98837e+06
64.301 4.99563e+06
64.401 5.00531e+06
64.501 5.01379e+06
64.601 5.0182e+06
64.701 5.02499e+06
64.801 5.03465e+06
64.901 5.04366e+06
65.001 5.04807e+06
65.101 5.0544e+06
65.201 5.06409e+06
65.301 5.07358e+06
65.401 5.078e+06
65.501 5.08391e+06
65.601 5.09358e+06
65.701 5.10317e+06
65.801 5.10807e+06
65.901 5.11356e+06
66.001 5.12321e+06
66.101 5.13278e+06
66.201 5.13817e+06
66.301 5.14327e+06
66.401 5.15289e+06
66.501 5.16248e+06
66.601 5.16841e+06
66.701 5.17306e+06
66.801 5.18266e+06
66.901 5.19224e+06
67.001 5.19874e+06
67.101 5.20323e+06
67.201 5.21257e+06
67.301 5.22212e+06
67.401 5.22914e+06
67.501 5.23365e+06
67.601 5.24252e+06
67.701 5.25205e+06
67.801 5.25959e+06
67.901 5.26414e+06
68.001 5.2726e+06
68.101 5.28211e+06
68.201 5.29016e+06
68.301 5.29472e+06
68.401 5.30273e+06
68.501 5.31226e+06
68.601 5.32081e+06
68.701 5.32542e+06
68.801 5.33302e+06
68.901 5.34253e+06
69.001 5.35162e+06
69.101 5.35624e+06
69.201 5.36339e+06
69.301 5.37288e+06
69.401 5.38243e+06
69.501 5.38713e+06
69.601 5.39385e+06
69.701 5.40336e+06
69.801 5.41288e+06
69.901 5.41809e+06
70.001 5.42446e+06
70.101 5.43395e+06
70.201 5.44345e+06
70.301 5.44917e+06
70.401 5.45511e+06
70.501 5.46458e+06
70.601 5.4741e+06
70.701 5.48032e+06
70.801 5.48587e+06
70.901 5.49536e+06
71.001 5.50486e+06
71.101 5.51161e+06
71.201 5.51679e+06
71.301 5.52625e+06
71.401 5.53577e+06
71.501 5.54305e+06
71.601 5.54781e+06
71.701 5.5573e+06
71.801 5.56679e+06
71.901 5.57456e+06
72.001 5.57928e+06
72.101 5.58841e+06
72.201 5.59789e+06
72.301 5.60609e+06
72.401 5.61086e+06
72.501 5.61959e+06
72.601 5.62909e+06
72.701 5.63777e+06
72.801 5.64258e+06
72.901 5.65092e+06
73.001 5.66039e+06
73.101 5.66958e+06
73.201 5.67443e+06
73.301 5.68235e+06
73.401 5.69184e+06
73.501 5.70126e+06
73.601 5.70634e+06
73.701 5.71395e+06
73.801 5.72338e+06
73.901 5.73283e+06
74.001 5.73839e+06
74.101 5.74562e+06
74.201 5.75507e+06
74.301 5.76449e+06
74.401 5.77056e+06
74.501 5.77742e+06
74.601 5.78685e+06
74.701 5.79629e+06
74.801 5.80287e+06
74.901 5.80932e+06
75.001 5.81876e+06
75.101 5.82818e+06
75.201 5.83526e+06
75.301 5.84138e+06
75.401 5.85084e+06
75.501 5.86028e+06
75.601 5.86785e+06
75.701 5.87361e+06
75.801 5.88305e+06
75.901 5.8925e+06
76.001 5.90057e+06
76.101 5.90593e+06
76.201 5.91539e+06
76.301 5.92482e+06
76.401 5.93333e+06
76.501 5.93838e+06
76.601 5.94781e+06
76.701 5.95725e+06
76.801 5.96621e+06
76.901 5.9713e+06
77.001 5.98039e+06
77.101 5.98985e+06
77.201 5.99932e+06
77.301 6.00437e+06
77.401 6.01313e+06
77.501 6.02256e+06
77.601 6.03205e+06
77.701 6.03755e+06
77.801 6.04594e+06
77.901 6.0554e+06
78.001 6.06489e+06
78.101 6.07096e+06
78.201 6.07895e+06
78.301 6.08841e+06
78.401 6.09789e+06
78.501 6.1044e+06
78.601 6.11207e+06
78.701 6.12151e+06
78.801 6.131e+06
78.901 6.13802e+06
79.001 6.14533e+06
79.101 6.15479e+06
79.201 6.16429e+06
79.301 6.17178e+06
79.401 6.17871e+06
79.501 6.18821e+06
79.601 6.1977e+06
79.701 6.20562e+06
79.801 6.21226e+06
79.901 6.22178e+06
80.001 6.23124e+06
80.101 6.23962e+06
80.201 6.24592e+06
80.301 6.25545e+06
80.401 6.26492e+06
80.501 6.2738e+06
80.601 6.27975e+06
80.701 6.28926e+06
80.801 6.29874e+06
80.901 6.3081e+06
81.001 6.31371e+06
81.101 6.32323e+06
81.201 6.33273e+06
81.301 6.34221e+06
81.401 6.34788e+06
81.501 6.35735e+06
81.601 6.36686e+06
81.701 6.37634e+06
81.801 6.38248e+06
81.901 6.39159e+06
82.001 6.40111e+06
82.101 6.41061e+06
82.201 6.41724e+06
82.301 6.426e+06
82.401 6.43553e+06
82.501 6.44504e+06
82.601 6.45212e+06
82.701 6.46056e+06
82.801 6.47011e+06
82.901 6.47962e+06
83.001 6.48719e+06
83.101 6.49529e+06
83.201 6.50481e+06
83.301 6.51434e+06
83.401 6.52238e+06
83.501 6.53014e+06
83.601 6.53967e+06
83.701 6.54921e+06
83.801 6.55769e+06
83.901 6.56514e+06
84.001 6.57471e+06
84.101 6.58426e+06
84.201 6.59318e+06
84.301 6.60033e+06
84.401 6.60991e+06
84.501 6.61947e+06
84.601 6.62884e+06
84.701 6.63566e+06
84.801 6.64525e+06
84.901 6.65485e+06
85.001 6.66443e+06
85.101 6.67115e+06
85.201 6.68075e+06
85.301 6.69036e+06
85.401 6.69994e+06
85.501 6.70681e+06
85.601 6.71641e+06
85.701 6.72603e+06
85.801 6.73563e+06
85.901 6.74261e+06
86.001 6.75223e+06
86.101 6.76189e+06
86.201 6.77149e+06
86.301 6.77868e+06
86.401 6.78821e+06
86.501 6.79788e+06
86.601 6.80749e+06
86.701 6.81517e+06
86.801 6.82436e+06
86.901 6.83404e+06
87.001 6.84369e+06
87.101 6.85185e+06
87.201 6.86068e+06
87.301 6.87037e+06
87.401 6.88003e+06
87.501 6.88858e+06
87.601 6.89717e+06
87.701 6.90686e+06
87.801 6.91653e+06
87.901 6.92552e+06
88.001 6.93382e+06
88.101 6.94355e+06
88.201 6.95322e+06
88.301 6.96266e+06
88.401 6.97066e+06
88.501 6.98039e+06
88.601 6.99008e+06
88.701 6.99977e+06
88.801 7.00763e+06
88.901 7.01737e+06
89.001 7.02709e+06
89.101 7.03678e+06
89.201 7.04481e+06
89.301 7.05453e+06
89.401 7.06425e+06
89.501 7.07399e+06
89.601 7.08212e+06
89.701 7.09187e+06
89.801 7.1016e+06
89.901 7.11134e+06
90.001 7.11964e+06
90.101 7.1294e+06
90.201 7.13917e+06
90.301 7.14894e+06
90.401 7.15734e+06
90.501 7.16714e+06
90.601 7.17691e+06
90.701 7.18672e+06
90.801 7.19522e+06
90.901 7.20502e+06
91.001 7.21483e+06
91.101 7.22464e+06
91.201 7.23336e+06
91.301 7.24308e+06
91.401 7.25289e+06
91.501 7.26274e+06
91.601 7.27188e+06
91.701 7.28133e+06
91.801 7.29118e+06
91.901 7.30103e+06
92.001 7.31063e+06
92.101 7.31976e+06
92.201 7.32961e+06
92.301 7.3395e+06
92.401 7.34937e+06
92.501 7.35839e+06
92.601 7.36827e+06
92.701 7.37816e+06
92.801 7.38803e+06
92.901 7.39718e+06
93.001 7.40707e+06
93.101 7.41699e+06
93.201 7.42689e+06
93.301 7.43616e+06
93.401 7.44608e+06
93.501 7.45604e+06
93.601 7.46594e+06
93.701 7.47536e+06
93.801 7.48528e+06
93.901 7.49524e+06
94.001 7.50518e+06
94.101 7.51472e+06
94.201 7.52468e+06
94.301 7.53467e+06
94.401 7.54461e+06
94.501 7.55427e+06
94.601 7.56425e+06
94.701 7.57424e+06
94.801 7.58422e+06
94.901 7.59402e+06
95.001 7.60404e+06
95.101 7.61403e+06
95.201 7.62403e+06
95.301 7.63396e+06
95.401 7.644e+06
95.501 7.65403e+06
95.601 7.66406e+06
95.701 7.67407e+06
95.801 7.68409e+06
95.901 7.69409e+06
96.001 7.70404e+06
96.101 7.71399e+06
96.201 7.7239e+06
96.301 7.73381e+06
96.401 7.74368e+06
96.501 7.75355e+06
96.601 7.76338e+06
96.701 7.77321e+06
96.801 7.783e+06
96.901 7.79279e+06
97.001 7.80253e+06
97.101 7.81229e+06
97.201 7.82199e+06
97.301 7.8317e+06
97.401 7.84137e+06
97.501 7.85104e+06
97.601 7.86066e+06
97.701 7.8703e+06
97.801 7.87988e+06
97.901 7.88948e+06
98.001 7.89902e+06
98.101 7.90858e+06
98.201 7.91808e+06
98.301 7.9276e+06
98.401 7.93707e+06
98.501 7.94654e+06
98.601 7.95597e+06
98.701 7.96541e+06
98.801 7.97483e+06
98.901 7.98421e+06
99.001 7.99359e+06
99.101 8.00292e+06
99.201 8.01227e+06
99.301 8.02156e+06
99.401 8.03087e+06
99.501 8.04013e+06
99.601 8.0494e+06
99.701 8.05862e+06
99.801 8.06785e+06
99.901 8.07704e+06
100.001 8.08623e+06
100.101 8.09538e+06
100.201 8.10454e+06
100.301 8.11365e+06
100.401 8.12278e+06
100.501 8.13185e+06
100.601 8.14094e+06
100.701 8.14998e+06
100.801 8.15903e+06
100.901 8.16803e+06
101.001 8.17705e+06
101.101 8.18602e+06
101.201 8.19499e+06
101.301 8.20393e+06
101.401 8.21287e+06
101.501 8.2218e+06
101.601 8.23068e+06
101.701 8.23957e+06
101.801 8.24841e+06
101.901 8.25727e+06
102.001 8.26608e+06
102.101 8.2749e+06
102.201 8.28368e+06
102.301 8.29246e+06
102.401 8.3012e+06
102.501 8.30996e+06
102.601 8.31867e+06
102.701 8.32738e+06
102.801 8.33606e+06
102.901 8.34474e+06
103.001 8.35338e+06
103.101 8.36203e+06
103.201 8.37064e+06
103.301 8.37926e+06
103.401 8.38783e+06
103.501 8.39641e+06
103.601 8.40496e+06
103.701 8.41351e+06
103.801 8.42201e+06
103.901 8.43053e+06
104.001 8.43901e+06
104.101 8.44749e+06
104.201 8.45593e+06
104.301 8.46439e+06
104.401 8.47282e+06
104.501 8.48122e+06
104.601 8.48962e+06
104.701 8.49798e+06
104.801 8.50636e+06
104.901 8.51469e+06
105.001 8.52303e+06
105.101 8.53132e+06
105.201 8.53963e+06
105.301 8.5479e+06
105.401 8.55618e+06
105.501 8.56441e+06
105.601 8.57266e+06
105.701 8.58086e+06
105.801 8.58908e+06
105.901 8.59725e+06
106.001 8.60543e+06
106.101 8.61358e+06
106.201 8.62173e+06
106.301 8.62984e+06
106.401 8.63796e+06
106.501 8.64605e+06
106.601 8.65414e+06
106.701 8.66219e+06
106.801 8.67025e+06
106.901 8.67827e+06
107.001 8.6863e+06
107.101 8.69429e+06
107.201 8.70229e+06
107.301 8.71028e+06
107.401 8.71823e+06
107.501 8.72618e+06
107.601 8.7341e+06
107.701 8.74203e+06
107.801 8.74992e+06
107.901 8.75781e+06
108.001 8.76567e+06
108.101 8.77354e+06
108.201 8.78137e+06
108.301 8.78921e+06
108.401 8.79701e+06
108.501 8.80482e+06
108.601 8.81259e+06
108.701 8.82038e+06
108.801 8.82812e+06
108.901 8.83587e+06
109.001 8.84359e+06
109.101 8.85131e+06
109.201 8.859e+06
109.301 8.8667e+06
109.401 8.87435e+06
109.501 8.88202e+06
109.601 8.88965e+06
109.701 8.89729e+06
109.801 8.9049e+06
109.901 8.91251e+06
110.001 8.92011e+06
110.101 8.92767e+06
110.201 8.93524e+06
110.301 8.94278e+06
110.401 8.95032e+06
110.501 8.95783e+06
110.601 8.96534e+06
110.701 8.97282e+06
110.801 8.98031e+06
110.901 8.98777e+06
111.001 8.99523e+06
111.101 9.00265e+06
111.201 9.01009e+06
111.301 9.01749e+06
111.401 9.0249e+06
111.501 9.03227e+06
111.601 9.03965e+06
111.701 9.047e+06
111.801 9.05436e+06
111.901 9.06168e+06
112.001 9.06901e+06
112.101 9.0763e+06
112.201 9.0836e+06
112.301 9.09087e+06
112.401 9.09815e+06
112.501 9.10539e+06
112.601 9.11264e+06
112.701 9.11986e+06
112.801 9.12709e+06
112.901 9.1343e+06
113.001 9.14148e+06
113.101 9.14867e+06
113.201 9.15582e+06
113.301 9.16298e+06
113.401 9.17011e+06
113.501 9.17725e+06
113.601 9.18435e+06
113.701 9.19146e+06
113.801 9.19854e+06
113.901 9.20563e+06
114.001 9.21268e+06
114.101 9.21974e+06
114.201 9.22677e+06
114.301 9.23381e+06
114.401 9.24081e+06
114.501 9.24782e+06
114.601 9.2548e+06
114.701 9.26179e+06
114.801 9.26875e+06
114.901 9.27571e+06
115.001 9.28264e+06
115.101 9.28958e+06
115.201 9.29649e+06
115.301 9.3034e+06
115.401 9.31029e+06
115.501 9.31718e+06
115.601 9.32406e+06
115.701 9.33091e+06
115.801 9.33776e+06
115.901 9.34459e+06
116.001 9.35142e+06
116.101 9.35822e+06
116.201 9.36503e+06
116.301 9.3718e+06
116.401 9.37859e+06
116.501 9.38534e+06
116.601 9.39211e+06
116.701 9.39884e+06
116.801 9.40558e+06
116.901 9.41228e+06
117.001 9.419e+06
117.101 9.42568e+06
117.201 9.43238e+06
117.301 9.43904e+06
117.401 9.44571e+06
117.501 9.45235e+06
117.601 9.459e+06
117.701 9.46561e+06
117.801 9.47224e+06
117.901 9.47883e+06
118.001 9.48544e+06
118.101 9.49201e+06
118.201 9.49859e+06
118.301 9.50514e+06
118.401 9.5117e+06
118.501 9.51824e+06
118.601 9.52476e+06
118.701 9.53129e+06
118.801 9.53778e+06
118.901 9.54428e+06
119.001 9.55075e+06
119.101 9.55724e+06
119.201 9.56369e+06
119.301 9.57015e+06
119.401 9.57658e+06
119.501 9.58301e+06
119.601 9.58942e+06
119.701 9.59584e+06
119.801 9.60222e+06
119.901 9.60862e+06
120.001 9.61498e+06
120.101 9.62136e+06
120.201 9.6277e+06
120.301 9.63406e+06
120.401 9.64038e+06
120.501 9.64671e+06
120.601 9.65301e+06
120.701 9.65932e+06
120.801 9.6656e+06
120.901 9.67189e+06
121.001 9.67815e+06
121.101 9.68442e+06
121.201 9.69068e+06
121.301 9.69691e+06
121.401 9.70315e+06
121.501 9.70936e+06
121.601 9.71558e+06
121.701 9.72176e+06
121.801 9.72796e+06
121.901 9.73413e+06
122.001 9.74031e+06
122.101 9.74645e+06
122.201 9.75261e+06
122.301 9.75874e+06
122.401 9.76488e+06
122.501 9.77098e+06
122.601 9.7771e+06
122.701 9.78319e+06
122.801 9.78928e+06
122.901 9.79535e+06
123.001 9.80143e+06
123.101 9.80748e+06
123.201 9.81353e+06
123.301 9.81956e+06
123.401 9.8256e+06
123.501 9.83161e+06
123.601 9.83763e+06
123.701 9.84362e+06
123.801 9.84962e+06
123.901 9.85558e+06
124.001 9.86157e+06
124.101 9.86754e+06
124.201 9.87348e+06
124.301 9.87943e+06
124.401 9.88535e+06
124.501 9.89128e+06
124.601 9.89718e+06
124.701 9.9031e+06
124.801 9.90898e+06
124.901 9.91488e+06
125.001 9.92074e+06
125.101 9.92662e+06
125.201 9.93246e+06
125.301 9.93832e+06
125.401 9.94415e+06
125.501 9.94998e+06
125.601 9.95579e+06
125.701 9.96161e+06
125.801 9.9674e+06
125.901 9.9732e+06
126.001 9.97897e+06
126.101 9.98476e+06
126.201 9.99051e+06
126.301 9.99628e+06
126.401 1.0002e+07
126.501 1.00078e+07
126.601 1.00135e+07
126.701 1.00192e+07
126.801 1.00249e+07
126.901 1.00306e+07
127.001 1.00363e+07
127.101 1.0042e+07
127.201 1.00477e+07
127.301 1.00533e+07
127.401 1.0059e+07
127.501 1.00646e+07
127.601 1.00703e+07
127.701 1.00759e+07
127.801 1.00815e+07
127.901 1.00871e+07
128.001 1.00927e+07
128.101 1.00983e+07
128.201 1.01039e+07
128.301 1.01095e+07
128.401 1.01151e+07
128.501 1.01206e+07
128.601 1.01262e+07
128.701 1.01317e+07
128.801 1.01372e+07
128.901 1.01428e+07
129.001 1.01483e+07
129.101 1.01538e+07
129.201 1.01593e+07
129.301 1.01648e+07
129.401 1.01703e+07
129.501 1.01757e+07
129.601 1.01812e+07
129.701 1.01867e+07
129.801 1.01921e+07
129.901 1.01976e+07
130.001 1.0203e+07
130.101 1.02084e+07
130.201 1.02138e+07
130.301 1.02192e+07
130.401 1.02246e+07
130.501 1.023e+07
130.601 1.02354e+07
130.701 1.02408e+07
130.801 1.02461e+07
130.901 1.02515e+07
131.001 1.02568e+07
131.101 1.02622e+07
131.201 1.02675e+07
131.301 1.02728e+07
131.401 1.02781e+07
131.501 1.02835e+07
131.601 1.02888e+07
131.701 1.02941e+07
131.801 1.02993e+07
131.901 1.03046e+07
132.001 1.03099e+07
132.101 1.03151e+07
132.201 1.03204e+07
132.301 1.03256e+07
132.401 1.03309e+07
132.501 1.03361e+07
132.601 1.03413e+07
132.701 1.03465e+07
132.801 1.03518e+07
132.901 1.03569e+07
133.001 1.03621e+07
133.101 1.03673e+07
133.201 1.03725e+07
133.301 1.03777e+07
133.401 1.03828e+07
133.501 1.0388e+07
133.601 1.03931e+07
133.701 1.03982e+07
133.801 1.04034e+07
133.901 1.04085e+07
134.001 1.04136e+07
134.101 1.04187e+07
134.201 1.04238e+07
134.301 1.04289e+07
134.401 1.0434e+07
134.501 1.0439e+07
134.601 1.04441e+07
134.701 1.04492e+07
134.801 1.04542e+07
134.901 1.04593e+07
135.001 1.04643e+07
135.101 1.04693e+07
135.201 1.04744e+07
135.301 1.04794e+07
135.401 1.04844e+07
135.501 1.04894e+07
135.601 1.04944e+07
135.701 1.04994e+07
135.801 1.05043e+07
135.901 1.05093e+07
136.001 1.05143e+07
136.101 1.05192e+07
136.201 1.05242e+07
136.301 1.05291e+07
136.401 1.0534e+07
136.501 1.0539e+07
136.601 1.05439e+07
136.701 1.05488e+07
136.801 1.05537e+07
136.901 1.05586e+07
137.001 1.05635e+07
137.101 1.05684e+07
137.201 1.05732e+07
137.301 1.05781e+07
137.401 1.0583e+07
137.501 1.05878e+07
137.601 1.05927e+07
137.701 1.05975e+07
137.801 1.06024e+07
137.901 1.06072e+07
138.001 1.0612e+07
138.101 1.06168e+07
138.201 1.06216e+07
138.301 1.06264e+07
138.401 1.06312e+07
138.501 1.0636e+07
138.601 1.06408e+07
138.701 1.06456e+07
138.801 1.06503e+07
138.901 1.06551e+07
139.001 1.06598e+07
139.101 1.06646e+07
139.201 1.06693e+07
139.301 1.0674e+07
139.401 1.06788e+07
139.501 1.06835e+07
139.601 1.06882e+07
139.701 1.06929e+07
139.801 1.06976e+07
139.901 1.07023e+07
140.001 1.0707e+07
140.101 1.07116e+07
140.201 1.07163e+07
140.301 1.0721e+07
140.401 1.07256e+07
140.501 1.07303e+07
140.601 1.07349e+07
140.701 1.07396e+07
140.801 1.07442e+07
140.901 1.07488e+07
141.001 1.07534e+07
141.101 1.07581e+07
141.201 1.07626e+07
141.301 1.07673e+07
141.401 1.07718e+07
141.501 1.07764e+07
141.601 1.0781e+07
141.701 1.07856e+07
141.801 1.07901e+07
141.901 1.07947e+07
142.001 1.07992e+07
142.101 1.08038e+07
142.201 1.08083e+07
142.301 1.08129e+07
142.401 1.08174e+07
142.501 1.08219e+07
142.601 1.08264e+07
142.701 1.08309e+07
142.801 1.08354e+07
142.901 1.08399e+07
143.001 1.08444e+07
143.101 1.08489e+07
143.201 1.08534e+07
143.301 1.08578e+07
143.401 1.08623e+07
143.501 1.08668e+07
143.601 1.08712e+07
143.701 1.08757e+07
143.801 1.08801e+07
143.901 1.08845e+07
144.001 1.0889e+07
144.101 1.08934e+07
144.201 1.08978e+07
144.301 1.09022e+07
144.401 1.09066e+07
144.501 1.0911e+07
144.601 1.09154e+07
144.701 1.09198e+07
144.801 1.09242e+07
144.901 1.09285e+07
145.001 1.09329e+07
145.101 1.09372e+07
145.201 1.09416e+07
145.301 1.09459e+07
145.401 1.09503e+07
145.501 1.09546e+07
145.601 1.0959e+07
145.701 1.09633e+07
145.801 1.09676e+07
145.901 1.09719e+07
146.001 1.09762e+07
146.101 1.09805e+07
146.201 1.09848e+07
146.301 1.09891e+07
146.401 1.09934e+07
146.501 1.09977e+07
146.601 1.10019e+07
146.701 1.10062e+07
146.801 1.10105e+07
146.901 1.10147e+07
147.001 1.1019e+07
147.101 1.10232e+07
147.201 1.10274e+07
147.301 1.10317e+07
147.401 1.10359e+07
147.501 1.10401e+07
147.601 1.10443e+07
147.701 1.10485e+07
147.801 1.10527e+07
147.901 1.10569e+07
148.001 1.10611e+07
148.101 1.10653e+07
148.201 1.10695e+07
148.301 1.10737e+07
148.401 1.10778e+07
148.501 1.1082e+07
148.601 1.10861e+07
148.701 1.10903e+07
148.801 1.10944e+07
148.901 1.10986e+07
149.001 1.11027e+07
149.101 1.11068e+07
149.201 1.1111e+07
149.301 1.11151e+07
149.401 1.11192e+07
149.501 1.11233e+07
149.601 1.11274e+07
149.701 1.11315e+07
149.801 1.11356e+07
149.901 1.11397e+07
150.001 1.11438e+07
150.101 1.11478e+07
150.201 1.11519e+07
150.301 1.1156e+07
150.401 1.116e+07
150.501 1.11641e+07
150.601 1.11681e+07
150.701 1.11722e+07
150.801 1.11762e+07
150.901 1.11802e+07
151.001 1.11843e+07
151.101 1.11883e+07
151.201 1.11923e+07
151.301 1.11963e+07
151.401 1.12003e+07
151.501 1.12043e+07
151.601 1.12083e+07
151.701 1.12123e+07
151.801 1.12163e+07
151.901 1.12202e+07
152.001 1.12242e+07
152.101 1.12282e+07
152.201 1.12322e+07
152.301 1.12361e+07
152.401 1.12401e+07
152.501 1.1244e+07
152.601 1.12479e+07
152.701 1.12519e+07
152.801 1.12558e+07
152.901 1.12597e+07
153.001 1.12637e+07
153.101 1.12676e+07
153.201 1.12715e+07
153.301 1.12754e+07
153.401 1.12793e+07
153.501 1.12832e+07
153.601 1.12871e+07
153.701 1.1291e+07
153.801 1.12948e+07
153.901 1.12987e+07
154.001 1.13026e+07
154.101 1.13065e+07
154.201 1.13103e+07
154.301 1.13142e+07
154.401 1.1318e+07
154.501 1.13219e+07
154.601 1.13257e+07
154.701 1.13295e+07
154.801 1.13334e+07
154.901 1.13372e+07
155.001 1.1341e+07
155.101 1.13448e+07
155.201 1.13487e+07
155.301 1.13525e+07
155.401 1.13563e+07
155.501 1.136e+07
155.601 1.13638e+07
155.701 1.13676e+07
155.801 1.13714e+07
155.901 1.13752e+07
156.001 1.1379e+07
156.101 1.13827e+07
156.201 1.13865e+07
156.301 1.13902e+07
156.401 1.1394e+07
156.501 1.13977e+07
156.601 1.14015e+07
156.701 1.14052e+07
156.801 1.1409e+07
156.901 1.14127e+07
157.001 1.14164e+07
157.101 1.14201e+07
157.201 1.14238e+07
157.301 1.14275e+07
157.401 1.14313e+07
157.501 1.14349e+07
157.601 1.14386e+07
157.701 1.14423e+07
157.801 1.1446e+07
157.901 1.14497e+07
158.001 1.14534e+07
158.101 1.14571e+07
158.201 1.14607e+07
158.301 1.14644e+07
158.401 1.1468e+07
158.501 1.14717e+07
158.601 1.14753e+07
158.701 1.1479e+07
158.801 1.14826e+07
158.901 1.14863e+07
159.001 1.14899e+07
159.101 1.14935e+07
159.201 1.14971e+07
159.301 1.15008e+07
159.401 1.15044e+07
159.501 1.1508e+07
159.601 1.15116e+07
159.701 1.15152e+07
159.801 1.15188e+07
159.901 1.15224e+07
160.001 1.15177e+07
160.101 1.15221e+07
160.201 1.15222e+07
160.301 1.15151e+07
160.401 1.15079e+07
160.501 1.15008e+07
160.601 1.14937e+07
160.701 1.14866e+07
160.801 1.14795e+07
160.901 1.14724e+07
161.001 1.14655e+07
161.101 1.14584e+07
161.201 1.14514e+07
161.301 1.14444e+07
161.401 1.14375e+07
161.501 1.14305e+07
161.601 1.14236e+07
161.701 1.14167e+07
161.801 1.14099e+07
161.901 1.1403e+07
162.001 1.13961e+07
162.101 1.13892e+07
162.201 1.13826e+07
162.301 1.13757e+07
162.401 1.13689e+07
162.501 1.13621e+07
162.601 1.13556e+07
162.701 1.13488e+07
162.801 1.13421e+07
162.901 1.13354e+07
163.001 1.13289e+07
163.101 1.13222e+07
163.201 1.13155e+07
163.301 1.13089e+07
163.401 1.13025e+07
163.501 1.12959e+07
163.601 1.12893e+07
163.701 1.12827e+07
163.801 1.12765e+07
163.901 1.12699e+07
164.001 1.12634e+07
164.101 1.12569e+07
164.201 1.12508e+07
164.301 1.12443e+07
164.401 1.12378e+07
164.501 1.12314e+07
164.601 1.12253e+07
164.701 1.12189e+07
164.801 1.12125e+07
164.901 1.12062e+07
165.001 1.12e+07
165.101 1.11939e+07
165.201 1.11876e+07
165.301 1.11813e+07
165.401 1.1175e+07
165.501 1.11692e+07
165.601 1.11629e+07
165.701 1.11567e+07
165.801 1.11505e+07
165.901 1.11448e+07
166.001 1.11386e+07
166.101 1.11324e+07
166.201 1.11263e+07
166.301 1.11207e+07
166.401 1.11146e+07
166.501 1.11085e+07
166.601 1.11024e+07
166.701 1.10969e+07
166.801 1.10908e+07
166.901 1.10848e+07
167.001 1.10788e+07
167.101 1.10734e+07
167.201 1.10674e+07
167.301 1.10614e+07
167.401 1.10555e+07
167.501 1.10502e+07
167.601 1.10442e+07
167.701 1.10383e+07
167.801 1.10325e+07
167.901 1.10273e+07
168.001 1.10214e+07
168.101 1.10156e+07
168.201 1.10097e+07
168.301 1.10046e+07
168.401 1.09988e+07
168.501 1.09931e+07
168.601 1.09873e+07
168.701 1.09822e+07
168.801 1.09766e+07
168.901 1.09709e+07
169.001 1.09652e+07
169.101 1.09599e+07
169.201 1.09546e+07
169.301 1.09489e+07
169.401 1.09433e+07
169.501 1.09379e+07
169.601 1.09329e+07
169.701 1.09273e+07
169.801 1.09217e+07
169.901 1.09163e+07
170.001 1.09115e+07
170.101 1.09059e+07
170.201 1.09004e+07
170.301 1.08949e+07
170.401 1.08903e+07
170.501 1.08849e+07
170.601 1.08794e+07
170.701 1.0874e+07
170.801 1.08695e+07
170.901 1.08641e+07
171.001 1.08587e+07
171.101 1.08533e+07
171.201 1.08489e+07
171.301 1.08435e+07
171.401 1.08382e+07
171.501 1.08329e+07
171.601 1.08286e+07
171.701 1.08233e+07
171.801 1.0818e+07
171.901 1.08128e+07
172.001 1.08086e+07
172.101 1.08033e+07
172.201 1.07981e+07
172.301 1.07929e+07
172.401 1.07888e+07
172.501 1.07836e+07
172.601 1.07784e+07
172.701 1.07733e+07
172.801 1.07691e+07
172.901 1.07641e+07
173.001 1.0759e+07
173.101 1.07539e+07
173.201 1.07496e+07
173.301 1.07449e+07
173.401 1.07399e+07
173.501 1.07349e+07
173.601 1.07304e+07
173.701 1.0726e+07
173.801 1.0721e+07
173.901 1.0716e+07
174.001 1.07115e+07
174.101 1.07073e+07
174.201 1.07024e+07
174.301 1.06975e+07
174.401 1.06928e+07
174.501 1.06889e+07
174.601 1.0684e+07
174.701 1.06791e+07
174.801 1.06744e+07
174.901 1.06707e+07
175.001 1.06659e+07
175.101 1.06611e+07
175.201 1.06563e+07
175.301 1.06528e+07
175.401 1.06481e+07
175.501 1.06433e+07
175.601 1.06385e+07
175.701 1.06352e+07
175.801 1.06305e+07
175.901 1.06257e+07
176.001 1.0621e+07
176.101 1.06177e+07
176.201 1.06131e+07
176.301 1.06084e+07
176.401 1.06038e+07
176.501 1.06005e+07
176.601 1.05959e+07
176.701 1.05913e+07
176.801 1.05867e+07
176.901 1.05834e+07
177.001 1.0579e+07
177.101 1.05745e+07
177.201 1.05699e+07
177.301 1.05665e+07
177.401 1.05624e+07
177.501 1.05578e+07
177.601 1.05534e+07
177.701 1.05498e+07
177.801 1.05459e+07
177.901 1.05414e+07
178.001 1.0537e+07
178.101 1.05333e+07
178.201 1.05297e+07
178.301 1.05253e+07
178.401 1.05209e+07
178.501 1.05171e+07
178.601 1.05137e+07
178.701 1.05094e+07
178.801 1.0505e+07
178.901 1.05011e+07
179.001 1.0498e+07
179.101 1.04937e+07
179.201 1.04894e+07
179.301 1.04854e+07
179.401 1.04825e+07
179.501 1.04783e+07
179.601 1.0474e+07
179.701 1.04699e+07
179.801 1.04673e+07
179.901 1.04631e+07
180.001 1.04589e+07
180.101 1.04547e+07
180.201 1.04523e+07
180.301 1.04481e+07
180.401 1.0444e+07
180.501 1.04399e+07
180.601 1.04375e+07
180.701 1.04334e+07
180.801 1.04294e+07
180.901 1.04253e+07
181.001 1.04228e+07
181.101 1.0419e+07
181.201 1.04149e+07
181.301 1.04109e+07
181.401 1.04082e+07
181.501 1.04047e+07
181.601 1.04007e+07
181.701 1.03967e+07
181.801 1.03939e+07
181.901 1.03905e+07
182.001 1.03866e+07
182.101 1.03827e+07
182.201 1.03797e+07
182.301 1.03766e+07
182.401 1.03727e+07
182.501 1.03688e+07
182.601 1.03658e+07
182.701 1.03629e+07
182.801 1.0359e+07
182.901 1.03552e+07
183.001 1.0352e+07
183.101 1.03493e+07
183.201 1.03455e+07
183.301 1.03417e+07
183.401 1.03384e+07
183.501 1.0336e+07
183.601 1.03322e+07
183.701 1.03285e+07
183.801 1.03251e+07
183.901 1.03228e+07
184.001 1.03191e+07
184.101 1.03154e+07
184.201 1.03119e+07
184.301 1.03099e+07
184.401 1.03062e+07
184.501 1.03025e+07
184.601 1.02989e+07
184.701 1.02971e+07
184.801 1.02935e+07
184.901 1.02898e+07
185.001 1.02862e+07
185.101 1.02843e+07
185.201 1.02809e+07
185.301 1.02773e+07
185.401 1.02738e+07
185.501 1.02718e+07
185.601 1.02686e+07
185.701 1.02651e+07
185.801 1.02615e+07
185.901 1.02594e+07
186.001 1.02565e+07
186.101 1.0253e+07
186.201 1.02495e+07
186.301 1.02473e+07
186.401 1.02445e+07
186.501 1.02411e+07
186.601 1.02376e+07
186.701 1.02353e+07
186.801 1.02328e+07
186.901 1.02294e+07
187.001 1.0226e+07
187.101 1.02236e+07
187.201 1.02213e+07
187.301 1.02179e+07
187.401 1.02145e+07
187.501 1.0212e+07
187.601 1.02099e+07
187.701 1.02066e+07
187.801 1.02033e+07
187.901 1.02007e+07
188.001 1.01988e+07
188.101 1.01955e+07
188.201 1.01923e+07
188.301 1.01895e+07
188.401 1.01879e+07
188.501 1.01847e+07
188.601 1.01814e+07
188.701 1.01786e+07
188.801 1.01771e+07
188.901 1.0174e+07
189.001 1.01708e+07
189.101 1.01678e+07
189.201 1.01664e+07
189.301 1.01635e+07
189.401 1.01604e+07
189.501 1.01573e+07
189.601 1.0156e+07
189.701 1.01533e+07
189.801 1.01502e+07
189.901 1.01471e+07
190.001 1.01457e+07
190.101 1.01432e+07
190.201 1.01402e+07
190.301 1.01371e+07
190.401 1.01356e+07
190.501 1.01334e+07
190.601 1.01304e+07
190.701 1.01274e+07
190.801 1.01258e+07
190.901 1.01237e+07
191.001 1.01208e+07
191.101 1.01178e+07
191.201 1.01161e+07
191.301 1.01143e+07
191.401 1.01114e+07
191.501 1.01085e+07
191.601 1.01067e+07
191.701 1.01051e+07
191.801 1.01022e+07
191.901 1.00994e+07
192.001 1.00975e+07
192.101 1.00961e+07
192.201 1.00933e+07
192.301 1.00904e+07
192.401 1.00883e+07
192.501 1.00872e+07
192.601 1.00844e+07
192.701 1.00816e+07
192.801 1.00794e+07
192.901 1.00784e+07
193.001 1.00756e+07
193.101 1.00728e+07
193.201 1.00705e+07
193.301 1.00695e+07
193.401 1.0067e+07
193.501 1.00642e+07
193.601 1.00618e+07
193.701 1.00608e+07
193.801 1.00585e+07
193.901 1.00558e+07
194.001 1.00532e+07
194.101 1.00523e+07
194.201 1.00501e+07
194.301 1.00474e+07
194.401 1.00447e+07
194.501 1.00438e+07
194.601 1.00419e+07
194.701 1.00392e+07
194.801 1.00365e+07
194.901 1.00355e+07
195.001 1.00337e+07
195.101 1.00311e+07
195.201 1.00284e+07
195.301 1.00273e+07
195.401 1.00257e+07
195.501 1.00231e+07
195.601 1.00205e+07
195.701 1.00192e+07
195.801 1.00178e+07
195.901 1.00153e+07
196.001 1.00127e+07
196.101 1.00113e+07
196.201 1.00101e+07
196.301 1.00075e+07
196.401 1.0005e+07
196.501 1.00035e+07
196.601 1.00025e+07
196.701 9.99991e+06
196.801 9.99739e+06
196.901 9.99578e+06
197.001 9.99496e+06
197.101 9.99245e+06
197.201 9.98995e+06
197.301 9.98821e+06
197.401 9.98745e+06
197.501 9.98509e+06
197.601 9.98262e+06
197.701 9.98077e+06
197.801 9.98003e+06
197.901 9.97786e+06
198.001 9.97543e+06
198.101 9.97345e+06
198.201 9.97273e+06
198.301 9.97077e+06
198.401 9.96835e+06
198.501 9.96626e+06
198.601 9.96557e+06
198.701 9.9638e+06
198.801 9.96143e+06
198.901 9.9592e+06
199.001 9.95853e+06
199.101 9.95695e+06
199.201 9.9546e+06
199.301 9.95226e+06
199.401 9.95162e+06
199.501 9.95023e+06
199.601 9.9479e+06
199.701 9.94455e+06
199.801 9.93958e+06
199.901 9.9346e+06
200.001 9.92964e+06
