0.001 0
0.101 0
0.201 2.8016e+06
0.301 7.48e+06
0.401 9.4928e+06
0.501 1.25392e+07
0.601 1.7136e+07
0.701 1.72448e+07
0.801 1.7272e+07
0.901 1.1152e+06
1.001 81600
1.101 81600
1.201 81600
1.301 81600
1.401 163200
1.501 81600
1.601 81600
1.701 81600
1.801 163200
1.901 81600
2.001 81600
2.101 81600
2.201 163200
2.301 81600
2.401 81600
2.501 81600
2.601 326400
2.701 163200
2.801 163200
2.901 163200
3.001 326400
3.101 163200
3.201 244800
3.301 244800
3.401 489600
3.501 244800
3.601 244800
3.701 244800
3.801 489600
3.901 326400
4.001 326400
4.101 326400
4.201 652800
4.301 326400
4.401 326400
4.501 326400
4.601 734400
4.701 408000
4.801 408000
4.901 408000
5.001 408000
5.101 816000
5.201 408000
5.301 408000
5.401 489600
5.501 979200
5.601 489600
5.701 489600
5.801 489600
5.901 979200
6.001 489600
6.101 571200
6.201 571200
6.301 1.1424e+06
6.401 571200
6.501 571200
6.601 571200
6.701 1.1424e+06
6.801 652800
6.901 652800
7.001 652800
7.101 1.3056e+06
7.201 652800
7.301 652800
7.401 652800
7.501 1.3872e+06
7.601 734400
7.701 734400
7.801 734400
7.901 1.4688e+06
8.001 734400
8.101 734400
8.201 734400
8.301 1.3056e+06
8.401 1.1424e+06
8.501 816000
8.601 816000
8.701 897600
8.801 1.5504e+06
8.901 816000
9.001 816000
9.101 897600
9.201 1.7952e+06
9.301 1.0064e+06
9.401 843200
9.501 897600
9.601 1.768e+06
9.701 924800
9.801 924800
9.901 952000
10.001 1.8768e+06
10.101 979200
10.201 1.0064e+06
10.301 979200
10.401 2.04e+06
10.501 1.0608e+06
10.601 1.0336e+06
10.701 1.0336e+06
10.801 2.1488e+06
10.901 1.1152e+06
11.001 1.088e+06
11.101 1.1152e+06
11.201 2.0944e+06
11.301 1.36e+06
11.401 1.1696e+06
11.501 1.1968e+06
11.601 2.0944e+06
11.701 1.5232e+06
11.801 1.224e+06
11.901 1.2512e+06
12.001 2.2032e+06
12.101 1.6048e+06
12.201 1.3056e+06
12.301 1.3328e+06
12.401 2.0944e+06
12.501 1.8496e+06
12.601 1.36e+06
12.701 1.3872e+06
12.801 1.8768e+06
12.901 2.2848e+06
13.001 1.4416e+06
13.101 1.4144e+06
13.201 1.6592e+06
13.301 2.6656e+06
13.401 1.496e+06
13.501 1.4688e+06
13.601 1.496e+06
13.701 3.0736e+06
13.801 1.5232e+06
13.901 1.5504e+06
14.001 1.5776e+06
14.101 3.1824e+06
14.201 1.5776e+06
14.301 1.6048e+06
14.401 1.632e+06
14.501 3.2912e+06
14.601 1.632e+06
14.701 1.6592e+06
14.801 1.6864e+06
14.901 3.4e+06
15.001 1.7136e+06
15.101 1.7408e+06
15.201 1.768e+06
15.301 3.5088e+06
15.401 1.7952e+06
15.501 1.8224e+06
15.601 1.7952e+06
15.701 3.4816e+06
15.801 1.9856e+06
15.901 1.8768e+06
16.001 1.8496e+06
16.101 3.3184e+06
16.201 2.312e+06
16.301 1.9312e+06
16.401 1.904e+06
16.501 3.3456e+06
16.601 2.5024e+06
16.701 1.9856e+06
16.801 1.9584e+06
16.901 3.1008e+06
17.001 2.9376e+06
17.101 2.0128e+06
17.201 2.0128e+06
17.301 2.8832e+06
17.401 3.3184e+06
17.501 2.0672e+06
17.601 2.0944e+06
17.701 2.6656e+06
17.801 3.7264e+06
17.901 2.1216e+06
18.001 2.1488e+06
18.101 2.448e+06
18.201 4.1072e+06
18.301 2.2032e+06
18.401 2.2304e+06
18.501 2.2576e+06
18.601 4.488e+06
18.701 2.2848e+06
18.801 2.312e+06
18.901 2.2848e+06
19.001 4.5968e+06
19.101 2.3392e+06
19.201 2.3664e+06
19.301 2.3392e+06
19.401 4.7056e+06
19.501 2.3936e+06
19.601 2.3936e+06
19.701 2.4208e+06
19.801 4.8144e+06
19.901 2.448e+06
20.001 2.448e+06
20.101 2.4752e+06
20.201 4.6784e+06
20.301 2.7472e+06
20.401 2.5024e+06
20.501 2.5296e+06
20.601 4.4336e+06
20.701 3.1552e+06
20.801 2.5568e+06
20.901 2.584e+06
21.001 4.1888e+06
21.101 3.5632e+06
21.201 2.6384e+06
21.301 2.6112e+06
21.401 3.9712e+06
21.501 3.944e+06
21.601 2.6928e+06
21.701 2.6656e+06
21.801 3.808e+06
21.901 4.3248e+06
22.001 2.7472e+06
22.101 2.72e+06
22.201 3.5632e+06
22.301 4.76e+06
22.401 2.7744e+06
22.501 2.8016e+06
22.601 3.3456e+06
22.701 5.168e+06
22.801 2.8288e+06
22.901 2.856e+06
23.001 3.1008e+06
23.101 5.576e+06
23.201 2.9104e+06
23.301 2.9376e+06
23.401 2.9648e+06
23.501 5.9024e+06
23.601 2.992e+06
23.701 3.0192e+06
23.801 2.992e+06
23.901 6.0656e+06
24.001 3.0736e+06
24.101 3.0464e+06
24.201 3.0464e+06
24.301 5.848e+06
24.401 3.4272e+06
24.501 3.128e+06
24.601 3.1008e+06
24.701 5.576e+06
24.801 3.808e+06
24.901 3.1552e+06
25.001 3.1824e+06
25.101 5.3312e+06
25.201 4.1616e+06
25.301 3.2096e+06
25.401 3.2096e+06
25.501 5.1136e+06
25.601 4.5424e+06
25.701 3.2368e+06
25.801 3.264e+06
25.901 4.8688e+06
26.001 4.9504e+06
26.101 3.2912e+06
26.201 3.3184e+06
26.301 4.624e+06
26.401 5.3584e+06
26.501 3.3184e+06
26.601 3.3456e+06
26.701 4.4064e+06
26.801 5.7392e+06
26.901 3.3728e+06
27.001 3.4e+06
27.101 4.1616e+06
27.201 6.1472e+06
27.301 3.4272e+06
27.401 3.4272e+06
27.501 3.9168e+06
27.601 6.5008e+06
27.701 3.5088e+06
27.801 3.4816e+06
27.901 3.672e+06
28.001 6.9088e+06
28.101 3.5632e+06
28.201 3.536e+06
28.301 3.5632e+06
28.401 6.8544e+06
28.501 3.944e+06
28.601 3.5904e+06
28.701 3.5904e+06
28.801 6.6096e+06
28.901 4.3248e+06
29.001 3.6448e+06
29.101 3.6448e+06
29.201 6.392e+06
29.301 4.7056e+06
29.401 3.6992e+06
29.501 3.6992e+06
29.601 6.1744e+06
29.701 5.0864e+06
29.801 3.7536e+06
29.901 3.7536e+06
30.001 5.9568e+06
30.101 5.4672e+06
30.201 3.808e+06
30.301 3.8352e+06
30.401 5.7392e+06
30.501 5.8752e+06
30.601 3.8624e+06
30.701 3.8896e+06
30.801 5.4944e+06
30.901 6.2832e+06
31.001 3.9168e+06
31.101 3.944e+06
31.201 5.2496e+06
31.301 6.6912e+06
31.401 3.9712e+06
31.501 3.9984e+06
31.601 5.032e+06
31.701 7.072e+06
31.801 4.0528e+06
31.901 4.08e+06
32.001 4.7872e+06
32.101 7.48e+06
32.201 4.1072e+06
32.301 4.1344e+06
32.401 4.5696e+06
32.501 7.5344e+06
32.601 4.5424e+06
32.701 4.216e+06
32.801 4.3248e+06
32.901 7.5888e+06
33.001 4.9232e+06
33.101 4.2704e+06
33.201 4.2432e+06
33.301 7.5344e+06
33.401 5.3584e+06
33.501 4.2976e+06
33.601 4.3248e+06
33.701 7.3168e+06
33.801 5.7664e+06
33.901 4.352e+06
34.001 4.3792e+06
34.101 7.0992e+06
34.201 6.1472e+06
34.301 4.4336e+06
34.401 4.4608e+06
34.501 6.8816e+06
34.601 6.5552e+06
34.701 4.5152e+06
34.801 4.5424e+06
34.901 6.6368e+06
35.001 6.9904e+06
35.101 4.5968e+06
35.201 4.5696e+06
35.301 6.4464e+06
35.401 7.3984e+06
35.501 4.624e+06
35.601 4.6512e+06
35.701 6.1472e+06
35.801 7.7248e+06
35.901 4.6512e+06
36.001 4.6784e+06
36.101 5.9296e+06
36.201 8.0784e+06
36.301 4.7328e+06
36.401 4.6784e+06
36.501 5.6576e+06
36.601 8.1328e+06
36.701 5.0592e+06
36.801 4.7328e+06
36.901 5.4128e+06
37.001 8.16e+06
37.101 5.3856e+06
37.201 4.76e+06
37.301 5.2224e+06
37.401 8.16e+06
37.501 5.7936e+06
37.601 4.7872e+06
37.701 4.9232e+06
37.801 8.1872e+06
37.901 6.12e+06
38.001 4.8416e+06
38.101 4.8688e+06
38.201 8.0784e+06
38.301 6.4464e+06
38.401 4.8688e+06
38.501 4.896e+06
38.601 7.8608e+06
38.701 6.8544e+06
38.801 4.896e+06
38.901 4.896e+06
39.001 7.5888e+06
39.101 7.1808e+06
39.201 4.9504e+06
39.301 4.9504e+06
39.401 7.344e+06
39.501 7.5344e+06
39.601 4.9776e+06
39.701 5.0048e+06
39.801 7.0992e+06
39.901 7.9424e+06
40.001 5.0048e+06
40.101 5.0048e+06
40.201 6.8272e+06
40.301 8.2688e+06
40.401 5.0592e+06
40.501 5.0864e+06
40.601 6.5824e+06
40.701 8.4592e+06
40.801 5.2224e+06
40.901 5.1136e+06
41.001 6.3648e+06
41.101 8.4864e+06
41.201 5.6304e+06
41.301 5.1136e+06
41.401 6.12e+06
41.501 8.5408e+06
41.601 5.984e+06
41.701 5.1952e+06
41.801 5.8208e+06
41.901 8.568e+06
42.001 6.3648e+06
42.101 5.2224e+06
42.201 5.576e+06
42.301 8.6224e+06
42.401 6.7184e+06
42.501 5.2496e+06
42.601 5.3584e+06
42.701 8.6768e+06
42.801 7.0992e+06
42.901 5.2768e+06
43.001 5.2768e+06
43.101 8.5136e+06
43.201 7.4528e+06
43.301 5.3312e+06
43.401 5.3584e+06
43.501 8.2144e+06
43.601 7.8064e+06
43.701 5.3856e+06
43.801 5.3856e+06
43.901 7.9696e+06
44.001 8.2144e+06
44.101 5.3856e+06
44.201 5.4128e+06
44.301 7.752e+06
44.401 8.568e+06
44.501 5.4672e+06
44.601 5.44e+06
44.701 7.4528e+06
44.801 8.8672e+06
44.901 5.576e+06
45.001 5.5216e+06
45.101 7.208e+06
45.201 8.8944e+06
45.301 5.9024e+06
45.401 5.5488e+06
45.501 6.9904e+06
45.601 8.9488e+06
45.701 6.2832e+06
45.801 5.5488e+06
45.901 6.7728e+06
46.001 8.976e+06
46.101 6.664e+06
46.201 5.6032e+06
46.301 6.5008e+06
46.401 9.0304e+06
46.501 7.0176e+06
46.601 5.6848e+06
46.701 6.256e+06
46.801 9.0576e+06
46.901 7.344e+06
47.001 5.712e+06
47.101 6.0384e+06
47.201 9.112e+06
47.301 7.7248e+06
47.401 5.7392e+06
47.501 5.8208e+06
47.601 9.1392e+06
47.701 8.1328e+06
47.801 5.7664e+06
47.901 5.7664e+06
48.001 8.976e+06
48.101 8.4592e+06
48.201 5.848e+06
48.301 5.8208e+06
48.401 8.704e+06
48.501 8.84e+06
48.601 5.8752e+06
48.701 5.9024e+06
48.801 8.4592e+06
48.901 9.1936e+06
49.001 5.9296e+06
49.101 5.9296e+06
49.201 8.2416e+06
49.301 9.3568e+06
49.401 6.1744e+06
49.501 5.984e+06
49.601 7.9968e+06
49.701 9.384e+06
49.801 6.5824e+06
49.901 5.984e+06
50.001 7.752e+06
50.101 9.4384e+06
50.201 6.9632e+06
50.301 6.0384e+06
50.401 7.48e+06
50.501 9.4928e+06
50.601 7.3168e+06
50.701 6.12e+06
50.801 7.2352e+06
50.901 9.52e+06
51.001 7.6976e+06
51.101 6.1472e+06
51.201 7.0176e+06
51.301 9.5744e+06
51.401 8.0512e+06
51.501 6.2016e+06
51.601 6.7728e+06
51.701 9.6288e+06
51.801 8.432e+06
51.901 6.2288e+06
52.001 6.5552e+06
52.101 9.656e+06
52.201 8.84e+06
52.301 6.256e+06
52.401 6.3104e+06
52.501 9.7104e+06
52.601 9.2208e+06
52.701 6.3104e+06
52.801 6.3104e+06
52.901 9.4928e+06
53.001 9.5744e+06
53.101 6.392e+06
53.201 6.3648e+06
53.301 9.248e+06
53.401 9.792e+06
53.501 6.6368e+06
53.601 6.4192e+06
53.701 8.976e+06
53.801 9.8464e+06
53.901 6.9904e+06
54.001 6.5008e+06
54.101 8.7312e+06
54.201 9.8736e+06
54.301 7.3712e+06
54.401 6.528e+06
54.501 8.5136e+06
54.601 9.928e+06
54.701 7.7248e+06
54.801 6.5824e+06
54.901 8.296e+06
55.001 9.9824e+06
55.101 8.1056e+06
55.201 6.6368e+06
55.301 8.0512e+06
55.401 1.00368e+07
55.501 8.4864e+06
55.601 6.664e+06
55.701 7.8336e+06
55.801 1.0064e+07
55.901 8.8944e+06
56.001 6.7184e+06
56.101 7.5888e+06
56.201 1.01184e+07
56.301 9.3024e+06
56.401 6.7456e+06
56.501 7.344e+06
56.601 1.01728e+07
56.701 9.6832e+06
56.801 6.8e+06
56.901 7.0992e+06
57.001 1.02272e+07
57.101 1.00912e+07
57.201 6.8544e+06
57.301 6.8544e+06
57.401 1.02544e+07
57.501 1.03088e+07
57.601 7.072e+06
57.701 6.9088e+06
57.801 1.00368e+07
57.901 1.03632e+07
58.001 7.4528e+06
58.101 6.9632e+06
58.201 9.8192e+06
58.301 1.03904e+07
58.401 7.8608e+06
58.501 7.0176e+06
58.601 9.5472e+06
58.701 1.04448e+07
58.801 8.2416e+06
58.901 7.072e+06
59.001 9.3296e+06
59.101 1.04992e+07
59.201 8.6224e+06
59.301 7.1264e+06
59.401 9.112e+06
59.501 1.05536e+07
59.601 8.976e+06
59.701 7.208e+06
59.801 8.8672e+06
59.901 1.0608e+07
60.001 9.384e+06
60.101 7.2624e+06
60.201 8.6224e+06
60.301 1.06624e+07
60.401 9.792e+06
60.501 7.3168e+06
60.601 8.3776e+06
60.701 1.07168e+07
60.801 1.02e+07
60.901 7.3712e+06
61.001 8.1328e+06
61.101 1.07712e+07
61.201 1.0608e+07
61.301 7.4256e+06
61.401 7.888e+06
61.501 1.08256e+07
61.601 1.08256e+07
61.701 7.6704e+06
61.801 7.6432e+06
61.901 1.088e+07
62.001 1.088e+07
62.101 8.0784e+06
62.201 7.5072e+06
62.301 1.08256e+07
62.401 1.09344e+07
62.501 8.4864e+06
62.601 7.5616e+06
62.701 1.05808e+07
62.801 1.09888e+07
62.901 8.8944e+06
63.001 7.616e+06
63.101 1.0336e+07
63.201 1.10432e+07
63.301 9.3024e+06
63.401 7.6704e+06
63.501 1.00912e+07
63.601 1.10976e+07
63.701 9.7104e+06
63.801 7.7248e+06
63.901 9.8736e+06
64.001 1.11792e+07
64.101 1.0064e+07
64.201 7.8064e+06
64.301 9.656e+06
64.401 1.12336e+07
64.501 1.0472e+07
64.601 7.8608e+06
64.701 9.4112e+06
64.801 1.1288e+07
64.901 1.088e+07
65.001 7.9152e+06
65.101 9.1664e+06
65.201 1.13696e+07
65.301 1.12608e+07
65.401 7.9696e+06
65.501 8.9488e+06
65.601 1.1424e+07
65.701 1.13968e+07
65.801 8.3232e+06
65.901 8.7312e+06
66.001 1.14784e+07
66.101 1.14512e+07
66.201 8.704e+06
66.301 8.5136e+06
66.401 1.15328e+07
66.501 1.15328e+07
66.601 9.112e+06
66.701 8.2688e+06
66.801 1.15872e+07
66.901 1.15872e+07
67.001 9.5472e+06
67.101 8.2144e+06
67.201 1.14784e+07
67.301 1.16416e+07
67.401 9.9552e+06
67.501 8.2688e+06
67.601 1.12336e+07
67.701 1.1696e+07
67.801 1.03632e+07
67.901 8.3504e+06
68.001 1.1016e+07
68.101 1.17504e+07
68.201 1.07712e+07
68.301 8.4048e+06
68.401 1.07712e+07
68.501 1.1832e+07
68.601 1.11792e+07
68.701 8.4864e+06
68.801 1.05536e+07
68.901 1.18864e+07
69.001 1.16144e+07
69.101 8.5408e+06
69.201 1.03088e+07
69.301 1.19408e+07
69.401 1.19952e+07
69.501 8.6496e+06
69.601 1.0064e+07
69.701 1.20224e+07
69.801 1.20496e+07
69.901 9.0576e+06
70.001 9.8736e+06
70.101 1.20768e+07
70.201 1.2104e+07
70.301 9.4656e+06
70.401 9.6288e+06
70.501 1.21312e+07
70.601 1.21856e+07
70.701 9.8736e+06
70.801 9.4112e+06
70.901 1.22128e+07
71.001 1.224e+07
71.101 1.03088e+07
71.201 9.1936e+06
71.301 1.22672e+07
71.401 1.23216e+07
71.501 1.0744e+07
71.601 8.9488e+06
71.701 1.23488e+07
71.801 1.2376e+07
71.901 1.1152e+07
72.001 8.976e+06
72.101 1.21584e+07
72.201 1.24304e+07
72.301 1.15328e+07
72.401 9.0576e+06
72.501 1.19408e+07
72.601 1.2512e+07
72.701 1.19408e+07
72.801 9.1392e+06
72.901 1.17232e+07
73.001 1.25664e+07
73.101 1.2376e+07
73.201 9.2208e+06
73.301 1.14784e+07
73.401 1.2648e+07
73.501 1.26208e+07
73.601 9.4384e+06
73.701 1.13152e+07
73.801 1.26752e+07
73.901 1.27024e+07
74.001 9.8464e+06
74.101 1.10976e+07
74.201 1.27568e+07
74.301 1.27568e+07
74.401 1.02816e+07
74.501 1.088e+07
74.601 1.28112e+07
74.701 1.28384e+07
74.801 1.07168e+07
74.901 1.06352e+07
75.001 1.28928e+07
75.101 1.28928e+07
75.201 1.1152e+07
75.301 1.04448e+07
75.401 1.29744e+07
75.501 1.29744e+07
75.601 1.15872e+07
75.701 1.02272e+07
75.801 1.30288e+07
75.901 1.3056e+07
76.001 1.20224e+07
76.101 9.9824e+06
76.201 1.31104e+07
76.301 1.31104e+07
76.401 1.24304e+07
76.501 9.792e+06
76.601 1.31648e+07
76.701 1.3192e+07
76.801 1.28384e+07
76.901 9.8736e+06
77.001 1.29744e+07
77.101 1.32736e+07
77.201 1.33008e+07
77.301 9.9008e+06
77.401 1.2784e+07
77.501 1.3328e+07
77.601 1.33824e+07
77.701 1.03088e+07
77.801 1.25664e+07
77.901 1.34096e+07
78.001 1.3464e+07
78.101 1.07984e+07
78.201 1.23216e+07
78.301 1.34912e+07
78.401 1.35184e+07
78.501 1.12064e+07
78.601 1.21312e+07
78.701 1.35456e+07
78.801 1.36e+07
78.901 1.16688e+07
79.001 1.19136e+07
79.101 1.36272e+07
79.201 1.36816e+07
79.301 1.2104e+07
79.401 1.16688e+07
79.501 1.3736e+07
79.601 1.3736e+07
79.701 1.2512e+07
79.801 1.15056e+07
79.901 1.38176e+07
80.001 1.37904e+07
80.101 1.29472e+07
80.201 1.1288e+07
80.301 1.38992e+07
80.401 1.3872e+07
80.501 1.34096e+07
80.601 1.10704e+07
80.701 1.39536e+07
80.801 1.39536e+07
80.901 1.3872e+07
81.001 1.08528e+07
81.101 1.40352e+07
81.201 1.40352e+07
81.301 1.40352e+07
81.401 1.09616e+07
81.501 1.40624e+07
81.601 1.41168e+07
81.701 1.41168e+07
81.801 1.13968e+07
81.901 1.38448e+07
82.001 1.41984e+07
82.101 1.41984e+07
82.201 1.18592e+07
82.301 1.36272e+07
82.401 1.428e+07
82.501 1.428e+07
82.601 1.22944e+07
82.701 1.34368e+07
82.801 1.43616e+07
82.901 1.43616e+07
83.001 1.27568e+07
83.101 1.32192e+07
83.201 1.4416e+07
83.301 1.44432e+07
83.401 1.32192e+07
83.501 1.30016e+07
83.601 1.44976e+07
83.701 1.45248e+07
83.801 1.36544e+07
83.901 1.28112e+07
84.001 1.46064e+07
84.101 1.46064e+07
84.201 1.40896e+07
84.301 1.26208e+07
84.401 1.4688e+07
84.501 1.4688e+07
84.601 1.4552e+07
84.701 1.24032e+07
84.801 1.47696e+07
84.901 1.47968e+07
85.001 1.47968e+07
85.101 1.2376e+07
85.201 1.48512e+07
85.301 1.48784e+07
85.401 1.48784e+07
85.501 1.25664e+07
85.601 1.49328e+07
85.701 1.496e+07
85.801 1.496e+07
85.901 1.27296e+07
86.001 1.50144e+07
86.101 1.50688e+07
86.201 1.50416e+07
86.301 1.29744e+07
86.401 1.50144e+07
86.501 1.51504e+07
86.601 1.51232e+07
86.701 1.3464e+07
86.801 1.47968e+07
86.901 1.5232e+07
87.001 1.5232e+07
87.101 1.39536e+07
87.201 1.4552e+07
87.301 1.53136e+07
87.401 1.53136e+07
87.501 1.43616e+07
87.601 1.4416e+07
87.701 1.53952e+07
87.801 1.53952e+07
87.901 1.4824e+07
88.001 1.42256e+07
88.101 1.5504e+07
88.201 1.54768e+07
88.301 1.52864e+07
88.401 1.40352e+07
88.501 1.55856e+07
88.601 1.55584e+07
88.701 1.55856e+07
88.801 1.39808e+07
88.901 1.56672e+07
89.001 1.56672e+07
89.101 1.56672e+07
89.201 1.41984e+07
89.301 1.57216e+07
89.401 1.57488e+07
89.501 1.5776e+07
89.601 1.43616e+07
89.701 1.58304e+07
89.801 1.58304e+07
89.901 1.58576e+07
90.001 1.45792e+07
90.101 1.5912e+07
90.201 1.59392e+07
90.301 1.59664e+07
90.401 1.47424e+07
90.501 1.60208e+07
90.601 1.60208e+07
90.701 1.60752e+07
90.801 1.49056e+07
90.901 1.61024e+07
91.001 1.61296e+07
91.101 1.61568e+07
91.201 1.51776e+07
91.301 1.61024e+07
91.401 1.62112e+07
91.501 1.62656e+07
91.601 1.564e+07
91.701 1.59392e+07
91.801 1.632e+07
91.901 1.63472e+07
92.001 1.61296e+07
92.101 1.57216e+07
92.201 1.64016e+07
92.301 1.6456e+07
92.401 1.6456e+07
92.501 1.56944e+07
92.601 1.65104e+07
92.701 1.65376e+07
92.801 1.65376e+07
92.901 1.58848e+07
93.001 1.6592e+07
93.101 1.66464e+07
93.201 1.66464e+07
93.301 1.60752e+07
93.401 1.67008e+07
93.501 1.67552e+07
93.601 1.6728e+07
93.701 1.62928e+07
93.801 1.67824e+07
93.901 1.68368e+07
94.001 1.68368e+07
94.101 1.64832e+07
94.201 1.68912e+07
94.301 1.69456e+07
94.401 1.69184e+07
94.501 1.66736e+07
94.601 1.7e+07
94.701 1.70272e+07
94.801 1.70272e+07
94.901 1.68912e+07
95.001 1.71088e+07
95.101 1.71088e+07
95.201 1.7136e+07
95.301 1.70816e+07
95.401 1.72176e+07
95.501 1.72176e+07
95.601 1.72448e+07
95.701 1.72448e+07
95.801 1.7272e+07
95.901 1.7272e+07
96.001 1.72448e+07
96.101 1.7272e+07
96.201 1.72448e+07
96.301 1.7272e+07
96.401 1.72448e+07
96.501 1.7272e+07
96.601 1.72448e+07
96.701 1.7272e+07
96.801 1.72448e+07
96.901 1.7272e+07
97.001 1.72448e+07
97.101 1.7272e+07
97.201 1.72448e+07
97.301 1.7272e+07
97.401 1.72448e+07
97.501 1.7272e+07
97.601 1.72448e+07
97.701 1.7272e+07
97.801 1.72448e+07
97.901 1.7272e+07
98.001 1.72448e+07
98.101 1.7272e+07
98.201 1.72448e+07
98.301 1.7272e+07
98.401 1.72448e+07
98.501 1.7272e+07
98.601 1.72448e+07
98.701 1.7272e+07
98.801 1.7272e+07
98.901 1.72448e+07
99.001 1.7272e+07
99.101 1.72448e+07
99.201 1.7272e+07
99.301 1.72448e+07
99.401 1.7272e+07
99.501 1.72448e+07
99.601 1.7272e+07
99.701 1.72448e+07
99.801 1.7272e+07
99.901 1.72448e+07
100.001 1.7272e+07
100.101 1.72448e+07
100.201 1.7272e+07
100.301 1.72448e+07
100.401 1.7272e+07
100.501 1.72448e+07
100.601 1.7272e+07
100.701 1.72448e+07
100.801 1.7272e+07
100.901 1.72448e+07
101.001 1.7272e+07
101.101 1.72448e+07
101.201 1.7272e+07
101.301 1.72448e+07
101.401 1.7272e+07
101.501 1.7272e+07
101.601 1.72448e+07
101.701 1.7272e+07
101.801 1.72448e+07
101.901 1.7272e+07
102.001 1.72448e+07
102.101 1.7272e+07
102.201 1.72448e+07
102.301 1.7272e+07
102.401 1.72448e+07
102.501 1.7272e+07
102.601 1.72448e+07
102.701 1.7272e+07
102.801 1.72448e+07
102.901 1.7272e+07
103.001 1.72448e+07
103.101 1.7272e+07
103.201 1.72448e+07
103.301 1.7272e+07
103.401 1.72448e+07
103.501 1.7272e+07
103.601 1.72448e+07
103.701 1.7272e+07
103.801 1.72448e+07
103.901 1.7272e+07
104.001 1.72448e+07
104.101 1.7272e+07
104.201 1.72448e+07
104.301 1.7272e+07
104.401 1.7272e+07
104.501 1.72448e+07
104.601 1.7272e+07
104.701 1.72448e+07
104.801 1.7272e+07
104.901 1.72448e+07
105.001 1.7272e+07
105.101 1.72448e+07
105.201 1.7272e+07
105.301 1.72448e+07
105.401 1.7272e+07
105.501 1.72448e+07
105.601 1.7272e+07
105.701 1.72448e+07
105.801 1.7272e+07
105.901 1.72448e+07
106.001 1.7272e+07
106.101 1.72448e+07
106.201 1.7272e+07
106.301 1.72448e+07
106.401 1.7272e+07
106.501 1.72448e+07
106.601 1.7272e+07
106.701 1.72448e+07
106.801 1.7272e+07
106.901 1.72448e+07
107.001 1.7272e+07
107.101 1.72448e+07
107.201 1.7272e+07
107.301 1.7272e+07
107.401 1.72448e+07
107.501 1.7272e+07
107.601 1.72448e+07
107.701 1.7272e+07
107.801 1.72448e+07
107.901 1.7272e+07
108.001 1.72448e+07
108.101 1.7272e+07
108.201 1.72448e+07
108.301 1.7272e+07
108.401 1.72448e+07
108.501 1.7272e+07
108.601 1.72448e+07
108.701 1.7272e+07
108.801 1.72448e+07
108.901 1.7272e+07
109.001 1.72448e+07
109.101 1.7272e+07
109.201 1.72448e+07
109.301 1.7272e+07
109.401 1.72448e+07
109.501 1.7272e+07
109.601 1.72448e+07
109.701 1.7272e+07
109.801 1.72448e+07
109.901 1.7272e+07
110.001 1.7272e+07
110.101 1.72448e+07
110.201 1.7272e+07
110.301 1.72448e+07
110.401 1.7272e+07
110.501 1.72448e+07
110.601 1.7272e+07
110.701 1.72448e+07
110.801 1.7272e+07
110.901 1.72448e+07
111.001 1.7272e+07
111.101 1.72448e+07
111.201 1.7272e+07
111.301 1.72448e+07
111.401 1.7272e+07
111.501 1.72448e+07
111.601 1.7272e+07
111.701 1.72448e+07
111.801 1.7272e+07
111.901 1.72448e+07
112.001 1.7272e+07
112.101 1.72448e+07
112.201 1.7272e+07
112.301 1.72448e+07
112.401 1.7272e+07
112.501 1.72448e+07
112.601 1.7272e+07
112.701 1.72448e+07
112.801 1.7272e+07
112.901 1.7272e+07
113.001 1.72448e+07
113.101 1.7272e+07
113.201 1.72448e+07
113.301 1.7272e+07
113.401 1.72448e+07
113.501 1.7272e+07
113.601 1.72448e+07
113.701 1.7272e+07
113.801 1.72448e+07
113.901 1.7272e+07
114.001 1.72448e+07
114.101 1.7272e+07
114.201 1.72448e+07
114.301 1.7272e+07
114.401 1.72448e+07
114.501 1.7272e+07
114.601 1.72448e+07
114.701 1.7272e+07
114.801 1.72448e+07
114.901 1.7272e+07
115.001 1.72448e+07
115.101 1.7272e+07
115.201 1.72448e+07
115.301 1.7272e+07
115.401 1.72448e+07
115.501 1.7272e+07
115.601 1.7272e+07
115.701 1.72448e+07
115.801 1.7272e+07
115.901 1.72448e+07
116.001 1.7272e+07
116.101 1.72448e+07
116.201 1.7272e+07
116.301 1.72448e+07
116.401 1.7272e+07
116.501 1.72448e+07
116.601 1.7272e+07
116.701 1.72448e+07
116.801 1.7272e+07
116.901 1.72448e+07
117.001 1.7272e+07
117.101 1.72448e+07
117.201 1.7272e+07
117.301 1.72448e+07
117.401 1.7272e+07
117.501 1.72448e+07
117.601 1.7272e+07
117.701 1.72448e+07
117.801 1.7272e+07
117.901 1.72448e+07
118.001 1.7272e+07
118.101 1.72448e+07
118.201 1.7272e+07
118.301 1.72448e+07
118.401 1.7272e+07
118.501 1.7272e+07
118.601 1.72448e+07
118.701 1.7272e+07
118.801 1.72448e+07
118.901 1.7272e+07
119.001 1.72448e+07
119.101 1.7272e+07
119.201 1.72448e+07
119.301 1.7272e+07
119.401 1.72448e+07
119.501 1.7272e+07
119.601 1.72448e+07
119.701 1.7272e+07
119.801 1.72448e+07
119.901 1.7272e+07
120.001 1.72448e+07
120.101 1.7272e+07
120.201 1.72448e+07
120.301 1.7272e+07
120.401 1.72448e+07
120.501 1.7272e+07
120.601 1.72448e+07
120.701 1.7272e+07
120.801 1.72448e+07
120.901 1.7272e+07
121.001 1.72448e+07
121.101 1.7272e+07
121.201 1.7272e+07
121.301 1.72448e+07
121.401 1.7272e+07
121.501 1.72448e+07
121.601 1.7272e+07
121.701 1.72448e+07
121.801 1.7272e+07
121.901 1.72448e+07
122.001 1.7272e+07
122.101 1.72448e+07
122.201 1.7272e+07
122.301 1.72448e+07
122.401 1.7272e+07
122.501 1.72448e+07
122.601 1.7272e+07
122.701 1.72448e+07
122.801 1.7272e+07
122.901 1.72448e+07
123.001 1.7272e+07
123.101 1.72448e+07
123.201 1.7272e+07
123.301 1.72448e+07
123.401 1.7272e+07
123.501 1.72448e+07
123.601 1.7272e+07
123.701 1.72448e+07
123.801 1.7272e+07
123.901 1.72448e+07
124.001 1.7272e+07
124.101 1.7272e+07
124.201 1.72448e+07
124.301 1.7272e+07
124.401 1.72448e+07
124.501 1.7272e+07
124.601 1.72448e+07
124.701 1.7272e+07
124.801 1.72448e+07
124.901 1.7272e+07
125.001 1.72448e+07
125.101 1.7272e+07
125.201 1.72448e+07
125.301 1.7272e+07
125.401 1.72448e+07
125.501 1.7272e+07
125.601 1.72448e+07
125.701 1.7272e+07
125.801 1.72448e+07
125.901 1.7272e+07
126.001 1.72448e+07
126.101 1.7272e+07
126.201 1.72448e+07
126.301 1.7272e+07
126.401 1.72448e+07
126.501 1.7272e+07
126.601 1.72448e+07
126.701 1.7272e+07
126.801 1.72448e+07
126.901 1.7272e+07
127.001 1.7272e+07
127.101 1.72448e+07
127.201 1.7272e+07
127.301 1.72448e+07
127.401 1.7272e+07
127.501 1.72448e+07
127.601 1.7272e+07
127.701 1.72448e+07
127.801 1.7272e+07
127.901 1.72448e+07
128.001 1.7272e+07
128.101 1.72448e+07
128.201 1.7272e+07
128.301 1.72448e+07
128.401 1.7272e+07
128.501 1.72448e+07
128.601 1.7272e+07
128.701 1.72448e+07
128.801 1.7272e+07
128.901 1.72448e+07
129.001 1.7272e+07
129.101 1.72448e+07
129.201 1.7272e+07
129.301 1.72448e+07
129.401 1.7272e+07
129.501 1.72448e+07
129.601 1.7272e+07
129.701 1.7272e+07
129.801 1.72448e+07
129.901 1.7272e+07
130.001 1.72448e+07
130.101 1.7272e+07
130.201 1.72448e+07
130.301 1.7272e+07
130.401 1.72448e+07
130.501 1.7272e+07
130.601 1.72448e+07
130.701 1.7272e+07
130.801 1.72448e+07
130.901 1.7272e+07
131.001 1.72448e+07
131.101 1.7272e+07
131.201 1.72448e+07
131.301 1.7272e+07
131.401 1.72448e+07
131.501 1.7272e+07
131.601 1.72448e+07
131.701 1.7272e+07
131.801 1.72448e+07
131.901 1.7272e+07
132.001 1.72448e+07
132.101 1.7272e+07
132.201 1.72448e+07
132.301 1.7272e+07
132.401 1.72448e+07
132.501 1.7272e+07
132.601 1.7272e+07
132.701 1.72448e+07
132.801 1.7272e+07
132.901 1.72448e+07
133.001 1.7272e+07
133.101 1.72448e+07
133.201 1.7272e+07
133.301 1.72448e+07
133.401 1.7272e+07
133.501 1.72448e+07
133.601 1.7272e+07
133.701 1.72448e+07
133.801 1.7272e+07
133.901 1.72448e+07
134.001 1.7272e+07
134.101 1.72448e+07
134.201 1.7272e+07
134.301 1.72448e+07
134.401 1.7272e+07
134.501 1.72448e+07
134.601 1.7272e+07
134.701 1.72448e+07
134.801 1.7272e+07
134.901 1.72448e+07
135.001 1.7272e+07
135.101 1.72448e+07
135.201 1.7272e+07
135.301 1.7272e+07
135.401 1.72448e+07
135.501 1.7272e+07
135.601 1.72448e+07
135.701 1.7272e+07
135.801 1.72448e+07
135.901 1.7272e+07
136.001 1.72448e+07
136.101 1.7272e+07
136.201 1.72448e+07
136.301 1.7272e+07
136.401 1.72448e+07
136.501 1.7272e+07
136.601 1.72448e+07
136.701 1.7272e+07
136.801 1.72448e+07
136.901 1.7272e+07
137.001 1.72448e+07
137.101 1.7272e+07
137.201 1.72448e+07
137.301 1.7272e+07
137.401 1.72448e+07
137.501 1.7272e+07
137.601 1.72448e+07
137.701 1.7272e+07
137.801 1.72448e+07
137.901 1.7272e+07
138.001 1.72448e+07
138.101 1.7272e+07
138.201 1.7272e+07
138.301 1.72448e+07
138.401 1.7272e+07
138.501 1.72448e+07
138.601 1.7272e+07
138.701 1.72448e+07
138.801 1.7272e+07
138.901 1.72448e+07
139.001 1.7272e+07
139.101 1.72448e+07
139.201 1.7272e+07
139.301 1.72448e+07
139.401 1.7272e+07
139.501 1.72448e+07
139.601 1.7272e+07
139.701 1.72448e+07
139.801 1.7272e+07
139.901 1.72448e+07
140.001 1.7272e+07
140.101 1.72448e+07
140.201 1.7272e+07
140.301 1.72448e+07
140.401 1.7272e+07
140.501 1.72448e+07
140.601 1.7272e+07
140.701 1.72448e+07
140.801 1.7272e+07
140.901 1.7272e+07
141.001 1.72448e+07
141.101 1.7272e+07
141.201 1.72448e+07
141.301 1.7272e+07
141.401 1.72448e+07
141.501 1.7272e+07
141.601 1.72448e+07
141.701 1.7272e+07
141.801 1.72448e+07
141.901 1.7272e+07
142.001 1.72448e+07
142.101 1.7272e+07
142.201 1.72448e+07
142.301 1.7272e+07
142.401 1.72448e+07
142.501 1.7272e+07
142.601 1.72448e+07
142.701 1.7272e+07
142.801 1.72448e+07
142.901 1.7272e+07
143.001 1.72448e+07
143.101 1.7272e+07
143.201 1.72448e+07
143.301 1.7272e+07
143.401 1.72448e+07
143.501 1.7272e+07
143.601 1.72448e+07
143.701 1.7272e+07
143.801 1.7272e+07
143.901 1.72448e+07
144.001 1.7272e+07
144.101 1.72448e+07
144.201 1.7272e+07
144.301 1.72448e+07
144.401 1.7272e+07
144.501 1.72448e+07
144.601 1.7272e+07
144.701 1.72448e+07
144.801 1.7272e+07
144.901 1.72448e+07
145.001 1.7272e+07
145.101 1.72448e+07
145.201 1.7272e+07
145.301 1.72448e+07
145.401 1.7272e+07
145.501 1.72448e+07
145.601 1.7272e+07
145.701 1.72448e+07
145.801 1.7272e+07
145.901 1.72448e+07
146.001 1.7272e+07
146.101 1.72448e+07
146.201 1.7272e+07
146.301 1.72448e+07
146.401 1.7272e+07
146.501 1.72448e+07
146.601 1.7272e+07
146.701 1.7272e+07
146.801 1.72448e+07
146.901 1.7272e+07
147.001 1.72448e+07
147.101 1.7272e+07
147.201 1.72448e+07
147.301 1.7272e+07
147.401 1.72448e+07
147.501 1.7272e+07
147.601 1.72448e+07
147.701 1.7272e+07
147.801 1.72448e+07
147.901 1.7272e+07
148.001 1.72448e+07
148.101 1.7272e+07
148.201 1.72448e+07
148.301 1.7272e+07
148.401 1.72448e+07
148.501 1.7272e+07
148.601 1.72448e+07
148.701 1.7272e+07
148.801 1.72448e+07
148.901 1.7272e+07
149.001 1.72448e+07
149.101 1.7272e+07
149.201 1.72448e+07
149.301 1.7272e+07
149.401 1.7272e+07
149.501 1.72448e+07
149.601 1.7272e+07
149.701 1.72448e+07
149.801 1.7272e+07
149.901 1.72448e+07
150.001 1.7272e+07
150.101 1.72448e+07
150.201 1.7272e+07
150.301 1.72448e+07
150.401 1.7272e+07
150.501 1.72448e+07
150.601 1.7272e+07
150.701 1.72448e+07
150.801 1.7272e+07
150.901 1.72448e+07
151.001 1.7272e+07
151.101 1.72448e+07
151.201 1.7272e+07
151.301 1.72448e+07
151.401 1.7272e+07
151.501 1.72448e+07
151.601 1.7272e+07
151.701 1.72448e+07
151.801 1.7272e+07
151.901 1.72448e+07
152.001 1.7272e+07
152.101 1.72448e+07
152.201 1.7272e+07
152.301 1.7272e+07
152.401 1.72448e+07
152.501 1.7272e+07
152.601 1.72448e+07
152.701 1.7272e+07
152.801 1.72448e+07
152.901 1.7272e+07
153.001 1.72448e+07
153.101 1.7272e+07
153.201 1.72448e+07
153.301 1.7272e+07
153.401 1.72448e+07
153.501 1.7272e+07
153.601 1.72448e+07
153.701 1.7272e+07
153.801 1.72448e+07
153.901 1.7272e+07
154.001 1.72448e+07
154.101 1.7272e+07
154.201 1.72448e+07
154.301 1.7272e+07
154.401 1.72448e+07
154.501 1.7272e+07
154.601 1.72448e+07
154.701 1.7272e+07
154.801 1.72448e+07
154.901 1.7272e+07
155.001 1.7272e+07
155.101 1.72448e+07
155.201 1.7272e+07
155.301 1.72448e+07
155.401 1.7272e+07
155.501 1.72448e+07
155.601 1.7272e+07
155.701 1.72448e+07
155.801 1.7272e+07
155.901 1.72448e+07
156.001 1.7272e+07
156.101 1.72448e+07
156.201 1.7272e+07
156.301 1.72448e+07
156.401 1.7272e+07
156.501 1.72448e+07
156.601 1.7272e+07
156.701 1.72448e+07
156.801 1.7272e+07
156.901 1.72448e+07
157.001 1.7272e+07
157.101 1.72448e+07
157.201 1.7272e+07
157.301 1.72448e+07
157.401 1.7272e+07
157.501 1.72448e+07
157.601 1.7272e+07
157.701 1.72448e+07
157.801 1.7272e+07
157.901 1.7272e+07
158.001 1.72448e+07
158.101 1.7272e+07
158.201 1.72448e+07
158.301 1.7272e+07
158.401 1.72448e+07
158.501 1.7272e+07
158.601 1.72448e+07
158.701 1.7272e+07
158.801 1.72448e+07
158.901 1.7272e+07
159.001 1.72448e+07
159.101 1.7272e+07
159.201 1.72448e+07
159.301 1.7272e+07
159.401 1.72448e+07
159.501 1.7272e+07
159.601 1.72448e+07
159.701 1.7272e+07
159.801 1.72448e+07
159.901 1.7272e+07
160.001 4.08e+06
160.101 1.85232e+07
160.201 1.17504e+07
160.301 54400
160.401 54400
160.501 54400
160.601 136000
160.701 54400
160.801 81600
160.901 108800
161.001 244800
161.101 108800
161.201 136000
161.301 163200
161.401 353600
161.501 163200
161.601 190400
161.701 217600
161.801 462400
161.901 217600
162.001 244800
162.101 272000
162.201 571200
162.301 299200
162.401 326400
162.501 353600
162.601 652800
162.701 353600
162.801 380800
162.901 408000
163.001 788800
163.101 435200
163.201 462400
163.301 435200
163.401 897600
163.501 489600
163.601 516800
163.701 489600
163.801 1.0608e+06
163.901 571200
164.001 544000
164.101 571200
164.201 1.1968e+06
164.301 625600
164.401 598400
164.501 625600
164.601 1.1696e+06
164.701 816000
164.801 680000
164.901 707200
165.001 952000
165.101 1.224e+06
165.201 761600
165.301 761600
165.401 788800
165.501 1.5504e+06
165.601 816000
165.701 843200
165.801 816000
165.901 1.7136e+06
166.001 897600
166.101 870400
166.201 897600
166.301 1.8496e+06
166.401 952000
166.501 924800
166.601 952000
166.701 1.9856e+06
166.801 979200
166.901 1.0064e+06
167.001 1.0336e+06
167.101 2.0944e+06
167.201 1.0336e+06
167.301 1.0608e+06
167.401 1.088e+06
167.501 2.2032e+06
167.601 1.1152e+06
167.701 1.1424e+06
167.801 1.1696e+06
167.901 2.312e+06
168.001 1.1968e+06
168.101 1.1968e+06
168.201 1.224e+06
168.301 2.4208e+06
168.401 1.2512e+06
168.501 1.2784e+06
168.601 1.2512e+06
168.701 2.312e+06
168.801 1.6048e+06
168.901 1.3056e+06
169.001 1.3056e+06
169.101 2.0944e+06
169.201 1.9856e+06
169.301 1.36e+06
169.401 1.3872e+06
169.501 1.8768e+06
169.601 2.3936e+06
169.701 1.4144e+06
169.801 1.4416e+06
169.901 1.6592e+06
170.001 2.7744e+06
170.101 1.496e+06
170.201 1.5232e+06
170.301 1.5504e+06
170.401 3.0736e+06
170.501 1.5776e+06
170.601 1.5776e+06
170.701 1.6048e+06
170.801 3.1824e+06
170.901 1.632e+06
171.001 1.6592e+06
171.101 1.632e+06
171.201 3.2912e+06
171.301 1.6864e+06
171.401 1.7136e+06
171.501 1.6864e+06
171.601 3.4544e+06
171.701 1.768e+06
171.801 1.7408e+06
171.901 1.768e+06
172.001 3.6176e+06
172.101 1.7952e+06
172.201 1.7952e+06
172.301 1.8224e+06
172.401 3.7264e+06
172.501 1.8496e+06
172.601 1.8496e+06
172.701 1.8768e+06
172.801 3.536e+06
172.901 2.2032e+06
173.001 1.9312e+06
173.101 1.9584e+06
173.201 3.2912e+06
173.301 2.6112e+06
173.401 1.9856e+06
173.501 2.0128e+06
173.601 3.0736e+06
173.701 2.992e+06
173.801 2.04e+06
173.901 2.0672e+06
174.001 2.856e+06
174.101 3.4e+06
174.201 2.1216e+06
174.301 2.1488e+06
174.401 2.6112e+06
174.501 3.7808e+06
174.601 2.176e+06
174.701 2.2032e+06
174.801 2.3936e+06
174.901 4.216e+06
175.001 2.2576e+06
175.101 2.2304e+06
175.201 2.2576e+06
175.301 4.5968e+06
175.401 2.2848e+06
175.501 2.2848e+06
175.601 2.312e+06
175.701 4.7056e+06
175.801 2.3392e+06
175.901 2.3392e+06
176.001 2.3664e+06
176.101 4.7872e+06
176.201 2.4208e+06
176.301 2.3936e+06
176.401 2.4208e+06
176.501 4.896e+06
176.601 2.4752e+06
176.701 2.448e+06
176.801 2.4752e+06
176.901 4.6784e+06
177.001 2.856e+06
177.101 2.5024e+06
177.201 2.5296e+06
177.301 4.4336e+06
177.401 3.264e+06
177.501 2.5568e+06
177.601 2.584e+06
177.701 4.1888e+06
177.801 3.672e+06
177.901 2.6112e+06
178.001 2.6384e+06
178.101 3.9712e+06
178.201 4.0528e+06
178.301 2.6928e+06
178.401 2.72e+06
178.501 3.7264e+06
178.601 4.4608e+06
178.701 2.7472e+06
178.801 2.7744e+06
178.901 3.5088e+06
179.001 4.8688e+06
179.101 2.8288e+06
179.201 2.8288e+06
179.301 3.264e+06
179.401 5.2768e+06
179.501 2.8832e+06
179.601 2.9104e+06
179.701 3.0192e+06
179.801 5.712e+06
179.901 2.9648e+06
180.001 2.9376e+06
180.101 2.9648e+06
180.201 6.0112e+06
180.301 2.992e+06
180.401 3.0192e+06
180.501 3.0464e+06
180.601 6.0384e+06
180.701 3.128e+06
180.801 3.0736e+06
180.901 3.1008e+06
181.001 5.7936e+06
181.101 3.536e+06
181.201 3.1008e+06
181.301 3.128e+06
181.401 5.576e+06
181.501 3.9168e+06
181.601 3.1552e+06
181.701 3.1552e+06
181.801 5.3312e+06
181.901 4.2704e+06
182.001 3.2368e+06
182.101 3.2096e+06
182.201 5.0592e+06
182.301 4.6512e+06
182.401 3.264e+06
182.501 3.2912e+06
182.601 4.8144e+06
182.701 5.0592e+06
182.801 3.3184e+06
182.901 3.3456e+06
183.001 4.5696e+06
183.101 5.4128e+06
183.201 3.3728e+06
183.301 3.3728e+06
183.401 4.352e+06
183.501 5.8208e+06
183.601 3.4272e+06
183.701 3.4272e+06
183.801 4.1072e+06
183.901 6.2016e+06
184.001 3.4544e+06
184.101 3.4816e+06
184.201 3.8624e+06
184.301 6.6096e+06
184.401 3.5088e+06
184.501 3.536e+06
184.601 3.6176e+06
184.701 6.936e+06
184.801 3.6448e+06
184.901 3.5904e+06
185.001 3.5904e+06
185.101 6.7728e+06
185.201 4.0256e+06
185.301 3.6176e+06
185.401 3.6448e+06
185.501 6.5552e+06
185.601 4.4064e+06
185.701 3.672e+06
185.801 3.6992e+06
185.901 6.3648e+06
186.001 4.76e+06
186.101 3.7264e+06
186.201 3.7536e+06
186.301 6.1472e+06
186.401 5.1408e+06
186.501 3.7808e+06
186.601 3.808e+06
186.701 5.9296e+06
186.801 5.5488e+06
186.901 3.8624e+06
187.001 3.8624e+06
187.101 5.6848e+06
187.201 5.9568e+06
187.301 3.9168e+06
187.401 3.9168e+06
187.501 5.44e+06
187.601 6.3648e+06
187.701 3.9712e+06
187.801 3.9984e+06
187.901 5.1952e+06
188.001 6.7456e+06
188.101 4.0256e+06
188.201 4.0528e+06
188.301 4.9776e+06
188.401 7.1808e+06
188.501 4.08e+06
188.601 4.1072e+06
188.701 4.7328e+06
188.801 7.5072e+06
188.901 4.2432e+06
189.001 4.1344e+06
189.101 4.5424e+06
189.201 7.5616e+06
189.301 4.6512e+06
189.401 4.1888e+06
189.501 4.3248e+06
189.601 7.616e+06
189.701 5.032e+06
189.801 4.2704e+06
189.901 4.2976e+06
190.001 7.5072e+06
190.101 5.44e+06
190.201 4.352e+06
190.301 4.3792e+06
190.401 7.2624e+06
190.501 5.8208e+06
190.601 4.4064e+06
190.701 4.4336e+06
190.801 7.0448e+06
190.901 6.256e+06
191.001 4.488e+06
191.101 4.4608e+06
191.201 6.8544e+06
191.301 6.6912e+06
191.401 4.5152e+06
191.501 4.5424e+06
191.601 6.6368e+06
191.701 7.0992e+06
191.801 4.5968e+06
191.901 4.624e+06
192.001 6.392e+06
192.101 7.5072e+06
192.201 4.624e+06
192.301 4.624e+06
192.401 6.12e+06
192.501 7.8336e+06
192.601 4.6784e+06
192.701 4.6784e+06
192.801 5.8752e+06
192.901 8.1056e+06
193.001 4.76e+06
193.101 4.7056e+06
193.201 5.6576e+06
193.301 8.1328e+06
193.401 5.168e+06
193.501 4.7328e+06
193.601 5.3584e+06
193.701 8.16e+06
193.801 5.4944e+06
193.901 4.7872e+06
194.001 5.1136e+06
194.101 8.2144e+06
194.201 5.848e+06
194.301 4.7872e+06
194.401 4.896e+06
194.501 8.2416e+06
194.601 6.2288e+06
194.701 4.8416e+06
194.801 4.8416e+06
194.901 8.0512e+06
195.001 6.5552e+06
195.101 4.896e+06
195.201 4.896e+06
195.301 7.8064e+06
195.401 6.9088e+06
195.501 4.896e+06
195.601 4.9232e+06
195.701 7.5888e+06
195.801 7.2624e+06
195.901 4.9776e+06
196.001 4.9504e+06
196.101 7.2896e+06
196.201 7.6432e+06
196.301 5.0048e+06
196.401 5.0048e+06
196.501 7.0448e+06
196.601 7.9968e+06
196.701 5.0048e+06
196.801 5.032e+06
196.901 6.8272e+06
197.001 8.3776e+06
197.101 5.0592e+06
197.201 5.0592e+06
197.301 6.5552e+06
197.401 8.4864e+06
197.501 5.3312e+06
197.601 5.1136e+06
197.701 6.3104e+06
197.801 8.5136e+06
197.901 5.6848e+06
198.001 5.168e+06
198.101 6.0656e+06
198.201 8.5408e+06
198.301 6.0928e+06
198.401 5.168e+06
198.501 5.8208e+06
198.601 8.5952e+06
198.701 6.4464e+06
198.801 5.2496e+06
198.901 5.5216e+06
199.001 8.6224e+06
199.101 6.8272e+06
199.201 5.2768e+06
199.301 5.2768e+06
199.401 8.6768e+06
199.501 7.1808e+06
199.601 5.304e+06
199.701 3.264e+06
199.801 0
199.901 0
200.001 0
