0.001 0
0.101 2.77386e+06
0.201 8.1194e+06
0.301 1.11601e+07
0.401 1.09614e+07
0.501 8.80607e+06
0.601 7.36799e+06
0.701 6.35184e+06
0.801 5.57923e+06
0.901 4.98717e+06
1.001 4.50525e+06
1.101 4.11088e+06
1.201 3.78898e+06
1.301 3.51028e+06
1.401 3.2772e+06
1.501 3.06974e+06
1.601 2.89329e+06
1.701 2.73279e+06
1.801 2.60824e+06
1.901 2.48821e+06
2.001 2.38833e+06
2.101 2.29795e+06
2.201 2.22692e+06
2.301 2.15141e+06
2.401 2.09579e+06
2.501 2.0381e+06
2.601 1.99739e+06
2.701 1.9476e+06
2.801 1.91886e+06
2.901 1.88084e+06
3.001 1.85895e+06
3.101 1.82532e+06
3.201 1.80144e+06
3.301 1.78889e+06
3.401 1.76508e+06
3.501 1.75895e+06
3.601 1.74183e+06
3.701 1.74106e+06
3.801 1.72531e+06
3.901 1.7292e+06
4.001 1.72133e+06
4.101 1.72578e+06
4.201 1.71643e+06
4.301 1.72395e+06
4.401 1.71754e+06
4.501 1.72833e+06
4.601 1.72564e+06
4.701 1.73754e+06
4.801 1.7393e+06
4.901 1.75432e+06
5.001 1.75894e+06
5.101 1.77032e+06
5.201 1.7823e+06
5.301 1.78973e+06
5.401 1.81048e+06
5.501 1.81564e+06
5.601 1.84199e+06
5.701 1.84832e+06
5.801 1.87601e+06
5.901 1.88432e+06
6.001 1.9132e+06
6.101 1.92241e+06
6.201 1.95282e+06
6.301 1.9637e+06
6.401 1.99549e+06
6.501 2.00705e+06
6.601 2.03969e+06
6.701 2.05187e+06
6.801 2.08609e+06
6.901 2.09883e+06
7.001 2.12946e+06
7.101 2.14735e+06
7.201 2.17419e+06
7.301 2.19731e+06
7.401 2.22054e+06
7.501 2.24896e+06
7.601 2.2684e+06
7.701 2.30146e+06
7.801 2.31763e+06
7.901 2.35577e+06
8.001 2.37154e+06
8.101 2.4111e+06
8.201 2.42714e+06
8.301 2.46704e+06
8.401 2.48332e+06
8.501 2.52354e+06
8.601 2.54006e+06
8.701 2.58058e+06
8.801 2.59792e+06
8.901 2.63719e+06
9.001 2.65624e+06
9.101 2.69221e+06
9.201 2.71586e+06
9.301 2.74837e+06
9.401 2.77555e+06
9.501 2.80531e+06
9.601 2.83615e+06
9.701 2.86328e+06
9.801 2.89761e+06
9.901 2.92137e+06
10.001 2.95879e+06
10.101 2.97986e+06
10.201 3.02024e+06
10.301 3.03871e+06
10.401 3.08193e+06
10.501 3.1005e+06
10.601 3.14387e+06
10.701 3.16253e+06
10.801 3.20603e+06
10.901 3.22527e+06
11.001 3.26716e+06
11.101 3.28821e+06
11.201 3.32733e+06
11.301 3.35132e+06
11.401 3.38777e+06
11.501 3.41531e+06
11.601 3.44918e+06
11.701 3.47968e+06
11.801 3.51081e+06
11.901 3.54416e+06
12.001 3.5731e+06
12.101 3.60943e+06
12.201 3.63625e+06
12.301 3.67502e+06
12.401 3.69934e+06
12.501 3.74046e+06
12.601 3.76237e+06
12.701 3.80577e+06
12.801 3.82555e+06
12.901 3.87074e+06
13.001 3.89056e+06
13.101 3.93332e+06
13.201 3.95545e+06
13.301 3.99565e+06
13.401 4.02023e+06
13.501 4.05774e+06
13.601 4.0847e+06
13.701 4.12e+06
13.801 4.14928e+06
13.901 4.18204e+06
14.001 4.21356e+06
14.101 4.24425e+06
14.201 4.27776e+06
14.301 4.30643e+06
14.401 4.34225e+06
14.501 4.36877e+06
14.601 4.40684e+06
14.701 4.43126e+06
14.801 4.47152e+06
14.901 4.49391e+06
15.001 4.53611e+06
15.101 4.55669e+06
15.201 4.59864e+06
15.301 4.62103e+06
15.401 4.66132e+06
15.501 4.68599e+06
15.601 4.72413e+06
15.701 4.75103e+06
15.801 4.78724e+06
15.901 4.81632e+06
16.001 4.85065e+06
16.101 4.88184e+06
16.201 4.91433e+06
16.301 4.94743e+06
16.401 4.97813e+06
16.501 5.0134e+06
16.601 5.04235e+06
16.701 5.07974e+06
16.801 5.10682e+06
16.901 5.14629e+06
17.001 5.1717e+06
17.101 5.21192e+06
17.201 5.23696e+06
17.301 5.27712e+06
17.401 5.30244e+06
17.501 5.3424e+06
17.601 5.36845e+06
17.701 5.40819e+06
17.801 5.43618e+06
17.901 5.47434e+06
18.001 5.50422e+06
18.101 5.54008e+06
18.201 5.57121e+06
18.301 5.60527e+06
18.401 5.63793e+06
18.501 5.67008e+06
18.601 5.70409e+06
18.701 5.73438e+06
18.801 5.76957e+06
18.901 5.79819e+06
19.001 5.83495e+06
19.101 5.86179e+06
19.201 5.89898e+06
19.301 5.92492e+06
19.401 5.96168e+06
19.501 5.9876e+06
19.601 6.02408e+06
19.701 6.04983e+06
19.801 6.08604e+06
19.901 6.1119e+06
20.001 6.14771e+06
20.101 6.17396e+06
20.201 6.2091e+06
20.301 6.23667e+06
20.401 6.27023e+06
20.501 6.29935e+06
20.601 6.33095e+06
20.701 6.36134e+06
20.801 6.39156e+06
20.901 6.42306e+06
21.001 6.45179e+06
21.101 6.48477e+06
21.201 6.51178e+06
21.301 6.54583e+06
21.401 6.57154e+06
21.501 6.60537e+06
21.601 6.63108e+06
21.701 6.6647e+06
21.801 6.69052e+06
21.901 6.72381e+06
22.001 6.74962e+06
22.101 6.78283e+06
22.201 6.80864e+06
22.301 6.84153e+06
22.401 6.86745e+06
22.501 6.90027e+06
22.601 6.92703e+06
22.701 6.9587e+06
22.801 6.98687e+06
22.901 7.01706e+06
23.001 7.0465e+06
23.101 7.07523e+06
23.201 7.10593e+06
23.301 7.13333e+06
23.401 7.16515e+06
23.501 7.19126e+06
23.601 7.22302e+06
23.701 7.24924e+06
23.801 7.28072e+06
23.901 7.30693e+06
24.001 7.33837e+06
24.101 7.36469e+06
24.201 7.39596e+06
24.301 7.42238e+06
24.401 7.4535e+06
24.501 7.47992e+06
24.601 7.51088e+06
24.701 7.5374e+06
24.801 7.5682e+06
24.901 7.59483e+06
25.001 7.6256e+06
25.101 7.65351e+06
25.201 7.68294e+06
25.301 7.71213e+06
25.401 7.74024e+06
25.501 7.77036e+06
25.601 7.79738e+06
25.701 7.82758e+06
25.801 7.85449e+06
25.901 7.88465e+06
26.001 7.91165e+06
26.101 7.94168e+06
26.201 7.96878e+06
26.301 7.99867e+06
26.401 8.02586e+06
26.501 8.05572e+06
26.601 8.08311e+06
26.701 8.11294e+06
26.801 8.14041e+06
26.901 8.17011e+06
27.001 8.19768e+06
27.101 8.22724e+06
27.201 8.2549e+06
27.301 8.28444e+06
27.401 8.31237e+06
27.501 8.34159e+06
27.601 8.37079e+06
27.701 8.3989e+06
27.801 8.42817e+06
27.901 8.45617e+06
28.001 8.48542e+06
28.101 8.51349e+06
28.201 8.54272e+06
28.301 8.57096e+06
28.401 8.60007e+06
28.501 8.6284e+06
28.601 8.65748e+06
28.701 8.68597e+06
28.801 8.71494e+06
28.901 8.7436e+06
29.001 8.77254e+06
29.101 8.80128e+06
29.201 8.8302e+06
29.301 8.85891e+06
29.401 8.88753e+06
29.501 8.91586e+06
29.601 8.94409e+06
29.701 8.97213e+06
29.801 8.99989e+06
29.901 9.02755e+06
30.001 9.05494e+06
30.101 9.08224e+06
30.201 9.10927e+06
30.301 9.13621e+06
30.401 9.16288e+06
30.501 9.18946e+06
30.601 9.21579e+06
30.701 9.24203e+06
30.801 9.26801e+06
30.901 9.29391e+06
31.001 9.31956e+06
31.101 9.34513e+06
31.201 9.37045e+06
31.301 9.39569e+06
31.401 9.42069e+06
31.501 9.44561e+06
31.601 9.47029e+06
31.701 9.4949e+06
31.801 9.51927e+06
31.901 9.54358e+06
32.001 9.56764e+06
32.101 9.59164e+06
32.201 9.61541e+06
32.301 9.63911e+06
32.401 9.66259e+06
32.501 9.686e+06
32.601 9.70927e+06
32.701 9.73231e+06
32.801 9.7553e+06
32.901 9.77806e+06
33.001 9.80077e+06
33.101 9.82326e+06
33.201 9.84569e+06
33.301 9.86791e+06
33.401 9.89008e+06
33.501 9.91203e+06
33.601 9.93394e+06
33.701 9.95563e+06
33.801 9.97728e+06
33.901 9.99871e+06
34.001 1.00201e+07
34.101 1.00413e+07
34.201 1.00624e+07
34.301 1.00834e+07
34.401 1.01043e+07
34.501 1.0125e+07
34.601 1.01456e+07
34.701 1.01661e+07
34.801 1.01865e+07
34.901 1.02067e+07
35.001 1.02269e+07
35.101 1.02469e+07
35.201 1.02669e+07
35.301 1.02867e+07
35.401 1.03064e+07
35.501 1.0326e+07
35.601 1.03454e+07
35.701 1.03648e+07
35.801 1.0384e+07
35.901 1.04032e+07
36.001 1.04222e+07
36.101 1.04412e+07
36.201 1.046e+07
36.301 1.04788e+07
36.401 1.04973e+07
36.501 1.05159e+07
36.601 1.05343e+07
36.701 1.05526e+07
36.801 1.05708e+07
36.901 1.0589e+07
37.001 1.0607e+07
37.101 1.06249e+07
37.201 1.06427e+07
37.301 1.06605e+07
37.401 1.06781e+07
37.501 1.06957e+07
37.601 1.07131e+07
37.701 1.07305e+07
37.801 1.07477e+07
37.901 1.0765e+07
38.001 1.0782e+07
38.101 1.0799e+07
38.201 1.0816e+07
38.301 1.08328e+07
38.401 1.08495e+07
38.501 1.08662e+07
38.601 1.08827e+07
38.701 1.08992e+07
38.801 1.09156e+07
38.901 1.09319e+07
39.001 1.09481e+07
39.101 1.09642e+07
39.201 1.09803e+07
39.301 1.09963e+07
39.401 1.10122e+07
39.501 1.1028e+07
39.601 1.10437e+07
39.701 1.10594e+07
39.801 1.1075e+07
39.901 1.10904e+07
40.001 1.11059e+07
40.101 1.11212e+07
40.201 1.11365e+07
40.301 1.11517e+07
40.401 1.11668e+07
40.501 1.11818e+07
40.601 1.11968e+07
40.701 1.12117e+07
40.801 1.12265e+07
40.901 1.12413e+07
41.001 1.12559e+07
41.101 1.12706e+07
41.201 1.12851e+07
41.301 1.12996e+07
41.401 1.13139e+07
41.501 1.13283e+07
41.601 1.13425e+07
41.701 1.13567e+07
41.801 1.13708e+07
41.901 1.13849e+07
42.001 1.13989e+07
42.101 1.14128e+07
42.201 1.14266e+07
42.301 1.14404e+07
42.401 1.14541e+07
42.501 1.14678e+07
42.601 1.14814e+07
42.701 1.14949e+07
42.801 1.15084e+07
42.901 1.15218e+07
43.001 1.15351e+07
43.101 1.15484e+07
43.201 1.15616e+07
43.301 1.15748e+07
43.401 1.15879e+07
43.501 1.16009e+07
43.601 1.16139e+07
43.701 1.16268e+07
43.801 1.16397e+07
43.901 1.16525e+07
44.001 1.16653e+07
44.101 1.16779e+07
44.201 1.16906e+07
44.301 1.17031e+07
44.401 1.17156e+07
44.501 1.17281e+07
44.601 1.17405e+07
44.701 1.17528e+07
44.801 1.17651e+07
44.901 1.17773e+07
45.001 1.17895e+07
45.101 1.18016e+07
45.201 1.18137e+07
45.301 1.18257e+07
45.401 1.18377e+07
45.501 1.18496e+07
45.601 1.18615e+07
45.701 1.18733e+07
45.801 1.18851e+07
45.901 1.18967e+07
46.001 1.19084e+07
46.101 1.192e+07
46.201 1.19316e+07
46.301 1.19431e+07
46.401 1.19546e+07
46.501 1.19659e+07
46.601 1.19773e+07
46.701 1.19887e+07
46.801 1.19999e+07
46.901 1.20111e+07
47.001 1.20223e+07
47.101 1.20334e+07
47.201 1.20444e+07
47.301 1.20555e+07
47.401 1.20664e+07
47.501 1.20774e+07
47.601 1.20883e+07
47.701 1.20991e+07
47.801 1.21099e+07
47.901 1.21207e+07
48.001 1.21313e+07
48.101 1.2142e+07
48.201 1.21526e+07
48.301 1.21632e+07
48.401 1.21737e+07
48.501 1.21842e+07
48.601 1.21946e+07
48.701 1.22051e+07
48.801 1.22154e+07
48.901 1.22257e+07
49.001 1.2236e+07
49.101 1.22462e+07
49.201 1.22564e+07
49.301 1.22666e+07
49.401 1.22767e+07
49.501 1.22867e+07
49.601 1.22968e+07
49.701 1.23067e+07
49.801 1.23167e+07
49.901 1.23266e+07
50.001 1.23365e+07
50.101 1.23463e+07
50.201 1.23561e+07
50.301 1.23658e+07
50.401 1.23755e+07
50.501 1.23852e+07
50.601 1.23948e+07
50.701 1.24044e+07
50.801 1.2414e+07
50.901 1.24235e+07
51.001 1.2433e+07
51.101 1.24424e+07
51.201 1.24518e+07
51.301 1.24612e+07
51.401 1.24705e+07
51.501 1.24798e+07
51.601 1.24891e+07
51.701 1.24983e+07
51.801 1.25075e+07
51.901 1.25166e+07
52.001 1.25258e+07
52.101 1.25348e+07
52.201 1.25439e+07
52.301 1.2553e+07
52.401 1.25619e+07
52.501 1.25709e+07
52.601 1.25798e+07
52.701 1.25887e+07
52.801 1.25975e+07
52.901 1.26063e+07
53.001 1.26151e+07
53.101 1.26238e+07
53.201 1.26325e+07
53.301 1.26412e+07
53.401 1.26499e+07
53.501 1.26585e+07
53.601 1.2667e+07
53.701 1.26756e+07
53.801 1.26841e+07
53.901 1.26926e+07
54.001 1.27011e+07
54.101 1.27095e+07
54.201 1.27179e+07
54.301 1.27263e+07
54.401 1.27346e+07
54.501 1.27429e+07
54.601 1.27511e+07
54.701 1.27594e+07
54.801 1.27676e+07
54.901 1.27758e+07
55.001 1.2784e+07
55.101 1.27921e+07
55.201 1.28002e+07
55.301 1.28082e+07
55.401 1.28163e+07
55.501 1.28243e+07
55.601 1.28322e+07
55.701 1.28402e+07
55.801 1.28481e+07
55.901 1.2856e+07
56.001 1.28639e+07
56.101 1.28717e+07
56.201 1.28795e+07
56.301 1.28873e+07
56.401 1.2895e+07
56.501 1.29027e+07
56.601 1.29104e+07
56.701 1.29181e+07
56.801 1.29258e+07
56.901 1.29333e+07
57.001 1.2941e+07
57.101 1.29485e+07
57.201 1.29561e+07
57.301 1.29635e+07
57.401 1.2971e+07
57.501 1.29785e+07
57.601 1.29859e+07
57.701 1.29933e+07
57.801 1.30007e+07
57.901 1.30081e+07
58.001 1.30154e+07
58.101 1.30227e+07
58.201 1.303e+07
58.301 1.30373e+07
58.401 1.30445e+07
58.501 1.30517e+07
58.601 1.30588e+07
58.701 1.3066e+07
58.801 1.30731e+07
58.901 1.30803e+07
59.001 1.30873e+07
59.101 1.30944e+07
59.201 1.31014e+07
59.301 1.31084e+07
59.401 1.31154e+07
59.501 1.31224e+07
59.601 1.31293e+07
59.701 1.31362e+07
59.801 1.31431e+07
59.901 1.315e+07
60.001 1.31568e+07
60.101 1.31637e+07
60.201 1.31705e+07
60.301 1.31773e+07
60.401 1.3184e+07
60.501 1.31907e+07
60.601 1.31975e+07
60.701 1.32042e+07
60.801 1.32108e+07
60.901 1.32175e+07
61.001 1.32241e+07
61.101 1.32307e+07
61.201 1.32373e+07
61.301 1.32438e+07
61.401 1.32504e+07
61.501 1.32569e+07
61.601 1.32634e+07
61.701 1.32699e+07
61.801 1.32763e+07
61.901 1.32827e+07
62.001 1.32892e+07
62.101 1.32955e+07
62.201 1.33019e+07
62.301 1.33083e+07
62.401 1.33146e+07
62.501 1.33209e+07
62.601 1.33272e+07
62.701 1.33335e+07
62.801 1.33397e+07
62.901 1.33459e+07
63.001 1.33522e+07
63.101 1.33584e+07
63.201 1.33645e+07
63.301 1.33707e+07
63.401 1.33768e+07
63.501 1.3383e+07
63.601 1.3389e+07
63.701 1.33951e+07
63.801 1.34012e+07
63.901 1.34072e+07
64.001 1.34132e+07
64.101 1.34192e+07
64.201 1.34252e+07
64.301 1.34312e+07
64.401 1.34371e+07
64.501 1.3443e+07
64.601 1.34489e+07
64.701 1.34548e+07
64.801 1.34607e+07
64.901 1.34666e+07
65.001 1.34724e+07
65.101 1.34782e+07
65.201 1.3484e+07
65.301 1.34898e+07
65.401 1.34955e+07
65.501 1.35013e+07
65.601 1.3507e+07
65.701 1.35127e+07
65.801 1.35184e+07
65.901 1.35241e+07
66.001 1.35297e+07
66.101 1.35354e+07
66.201 1.3541e+07
66.301 1.35466e+07
66.401 1.35522e+07
66.501 1.35578e+07
66.601 1.35634e+07
66.701 1.35612e+07
66.801 1.35656e+07
66.901 1.35456e+07
67.001 1.35256e+07
67.101 1.35058e+07
67.201 1.34861e+07
67.301 1.34666e+07
67.401 1.34472e+07
67.501 1.34281e+07
67.601 1.34089e+07
67.701 1.33902e+07
67.801 1.33713e+07
67.901 1.3353e+07
68.001 1.33344e+07
68.101 1.33165e+07
68.201 1.32981e+07
68.301 1.32803e+07
68.401 1.32625e+07
68.501 1.32446e+07
68.601 1.32275e+07
68.701 1.32099e+07
68.801 1.31933e+07
68.901 1.31759e+07
69.001 1.31596e+07
69.101 1.31425e+07
69.201 1.31266e+07
69.301 1.31099e+07
69.401 1.30943e+07
69.501 1.30778e+07
69.601 1.30626e+07
69.701 1.30464e+07
69.801 1.30315e+07
69.901 1.30156e+07
70.001 1.30011e+07
70.101 1.29854e+07
70.201 1.29712e+07
70.301 1.29558e+07
70.401 1.29415e+07
70.501 1.29268e+07
70.601 1.29124e+07
70.701 1.28984e+07
70.801 1.28839e+07
70.901 1.28706e+07
71.001 1.28561e+07
71.101 1.28435e+07
71.201 1.28291e+07
71.301 1.28169e+07
71.401 1.28028e+07
71.501 1.27908e+07
71.601 1.27769e+07
71.701 1.27653e+07
71.801 1.27517e+07
71.901 1.27404e+07
72.001 1.27271e+07
72.101 1.27161e+07
72.201 1.27031e+07
72.301 1.26921e+07
72.401 1.26795e+07
72.501 1.26684e+07
72.601 1.26564e+07
72.701 1.26453e+07
72.801 1.2634e+07
72.901 1.26227e+07
73.001 1.26121e+07
73.101 1.26006e+07
73.201 1.25906e+07
73.301 1.2579e+07
73.401 1.25697e+07
73.501 1.25582e+07
73.601 1.25493e+07
73.701 1.2538e+07
73.801 1.25295e+07
73.901 1.25183e+07
74.001 1.25101e+07
74.101 1.24991e+07
74.201 1.24913e+07
74.301 1.24805e+07
74.401 1.24727e+07
74.501 1.24624e+07
74.601 1.24544e+07
74.701 1.24448e+07
74.801 1.24366e+07
74.901 1.24276e+07
75.001 1.24192e+07
75.101 1.24109e+07
75.201 1.24023e+07
75.301 1.23946e+07
75.401 1.23858e+07
75.501 1.23788e+07
75.601 1.23698e+07
75.701 1.23634e+07
75.801 1.23542e+07
75.901 1.23485e+07
76.001 1.23395e+07
76.101 1.23341e+07
76.201 1.23252e+07
76.301 1.23202e+07
76.401 1.23115e+07
76.501 1.23062e+07
76.601 1.22982e+07
76.701 1.22928e+07
76.801 1.22854e+07
76.901 1.22798e+07
77.001 1.22732e+07
77.101 1.22674e+07
77.201 1.22613e+07
77.301 1.22553e+07
77.401 1.22498e+07
77.501 1.22436e+07
77.601 1.22386e+07
77.701 1.22322e+07
77.801 1.22278e+07
77.901 1.22212e+07
78.001 1.22174e+07
78.101 1.22105e+07
78.201 1.22074e+07
78.301 1.22003e+07
78.401 1.21975e+07
78.501 1.21907e+07
78.601 1.21878e+07
78.701 1.21816e+07
78.801 1.21784e+07
78.901 1.21728e+07
79.001 1.21693e+07
79.101 1.21643e+07
79.201 1.21607e+07
79.301 1.21563e+07
79.401 1.21524e+07
79.501 1.21486e+07
79.601 1.21445e+07
79.701 1.21412e+07
79.801 1.21369e+07
79.901 1.21342e+07
80.001 1.21298e+07
80.101 1.21277e+07
80.201 1.2123e+07
80.301 1.21215e+07
80.401 1.21167e+07
80.501 1.21155e+07
80.601 1.21107e+07
80.701 1.21097e+07
80.801 1.21052e+07
80.901 1.21042e+07
81.001 1.21004e+07
81.101 1.20992e+07
81.201 1.20959e+07
81.301 1.20945e+07
81.401 1.20919e+07
81.501 1.20903e+07
81.601 1.20882e+07
81.701 1.20864e+07
81.801 1.20849e+07
81.901 1.2083e+07
82.001 1.20821e+07
82.101 1.20799e+07
82.201 1.20796e+07
82.301 1.20773e+07
82.401 1.20776e+07
82.501 1.20751e+07
82.601 1.20756e+07
82.701 1.20733e+07
82.801 1.20739e+07
82.901 1.20717e+07
83.001 1.20724e+07
83.101 1.20703e+07
83.201 1.20711e+07
83.301 1.20694e+07
83.401 1.20701e+07
83.501 1.20689e+07
83.601 1.20692e+07
83.701 1.20685e+07
83.801 1.20686e+07
83.901 1.20683e+07
84.001 1.20681e+07
84.101 1.20684e+07
84.201 1.20679e+07
84.301 1.20686e+07
84.401 1.2068e+07
84.501 1.20691e+07
84.601 1.20682e+07
84.701 1.20695e+07
84.801 1.20686e+07
84.901 1.20701e+07
85.001 1.20692e+07
85.101 1.20708e+07
85.201 1.20701e+07
85.301 1.20717e+07
85.401 1.20711e+07
85.501 1.20729e+07
85.601 1.20725e+07
85.701 1.20742e+07
85.801 1.20743e+07
85.901 1.20758e+07
86.001 1.20763e+07
86.101 1.20776e+07
86.201 1.20786e+07
86.301 1.20796e+07
86.401 1.20811e+07
86.501 1.20818e+07
86.601 1.20838e+07
86.701 1.20843e+07
86.801 1.20865e+07
86.901 1.2087e+07
87.001 1.20893e+07
87.101 1.20898e+07
87.201 1.20922e+07
87.301 1.20929e+07
87.401 1.20954e+07
87.501 1.20962e+07
87.601 1.20988e+07
87.701 1.20997e+07
87.801 1.21023e+07
87.901 1.21034e+07
88.001 1.21061e+07
88.101 1.21075e+07
88.201 1.21102e+07
88.301 1.2112e+07
88.401 1.21144e+07
88.501 1.21166e+07
88.601 1.21188e+07
88.701 1.21216e+07
88.801 1.21235e+07
88.901 1.21266e+07
89.001 1.21284e+07
89.101 1.21316e+07
89.201 1.21335e+07
89.301 1.21368e+07
89.401 1.21388e+07
89.501 1.21422e+07
89.601 1.21444e+07
89.701 1.21478e+07
89.801 1.21501e+07
89.901 1.21536e+07
90.001 1.21561e+07
90.101 1.21597e+07
90.201 1.21623e+07
90.301 1.21659e+07
90.401 1.21687e+07
90.501 1.21724e+07
90.601 1.21755e+07
90.701 1.21791e+07
90.801 1.21827e+07
90.901 1.21861e+07
91.001 1.219e+07
91.101 1.21932e+07
91.201 1.21972e+07
91.301 1.22006e+07
91.401 1.22047e+07
91.501 1.22081e+07
91.601 1.22123e+07
91.701 1.2216e+07
91.801 1.22203e+07
91.901 1.2224e+07
92.001 1.22284e+07
92.101 1.22323e+07
92.201 1.22367e+07
92.301 1.22408e+07
92.401 1.22453e+07
92.501 1.22495e+07
92.601 1.22541e+07
92.701 1.22584e+07
92.801 1.22631e+07
92.901 1.22676e+07
93.001 1.22723e+07
93.101 1.22772e+07
93.201 1.22818e+07
93.301 1.22867e+07
93.401 1.22915e+07
93.501 1.22965e+07
93.601 1.23014e+07
93.701 1.23065e+07
93.801 1.23115e+07
93.901 1.23167e+07
94.001 1.23219e+07
94.101 1.23272e+07
94.201 1.23324e+07
94.301 1.23376e+07
94.401 1.23428e+07
94.501 1.2348e+07
94.601 1.23532e+07
94.701 1.23584e+07
94.801 1.23636e+07
94.901 1.23687e+07
95.001 1.23739e+07
95.101 1.2379e+07
95.201 1.23841e+07
95.301 1.23893e+07
95.401 1.23943e+07
95.501 1.23995e+07
95.601 1.24045e+07
95.701 1.24096e+07
95.801 1.24147e+07
95.901 1.24197e+07
96.001 1.24247e+07
96.101 1.24298e+07
96.201 1.24348e+07
96.301 1.24398e+07
96.401 1.24448e+07
96.501 1.24498e+07
96.601 1.24548e+07
96.701 1.24597e+07
96.801 1.24647e+07
96.901 1.24697e+07
97.001 1.24746e+07
97.101 1.24795e+07
97.201 1.24844e+07
97.301 1.24893e+07
97.401 1.24943e+07
97.501 1.24991e+07
97.601 1.2504e+07
97.701 1.25089e+07
97.801 1.25137e+07
97.901 1.25186e+07
98.001 1.25234e+07
98.101 1.25282e+07
98.201 1.25331e+07
98.301 1.25379e+07
98.401 1.25427e+07
98.501 1.25474e+07
98.601 1.25522e+07
98.701 1.2557e+07
98.801 1.25618e+07
98.901 1.25665e+07
99.001 1.25712e+07
99.101 1.2576e+07
99.201 1.25807e+07
99.301 1.25854e+07
99.401 1.25901e+07
99.501 1.25948e+07
99.601 1.25995e+07
99.701 1.26042e+07
99.801 1.26088e+07
99.901 1.26135e+07
100.001 1.26181e+07
100.101 1.26228e+07
100.201 1.26274e+07
100.301 1.2632e+07
100.401 1.26366e+07
100.501 1.26412e+07
100.601 1.26458e+07
100.701 1.26504e+07
100.801 1.26549e+07
100.901 1.26595e+07
101.001 1.26641e+07
101.101 1.26686e+07
101.201 1.26731e+07
101.301 1.26777e+07
101.401 1.26822e+07
101.501 1.26867e+07
101.601 1.26912e+07
101.701 1.26957e+07
101.801 1.27002e+07
101.901 1.27047e+07
102.001 1.27091e+07
102.101 1.27136e+07
102.201 1.2718e+07
102.301 1.27225e+07
102.401 1.27269e+07
102.501 1.27313e+07
102.601 1.27357e+07
102.701 1.27401e+07
102.801 1.27445e+07
102.901 1.27489e+07
103.001 1.27533e+07
103.101 1.27577e+07
103.201 1.2762e+07
103.301 1.27664e+07
103.401 1.27707e+07
103.501 1.2775e+07
103.601 1.27794e+07
103.701 1.27837e+07
103.801 1.2788e+07
103.901 1.27923e+07
104.001 1.27966e+07
104.101 1.28009e+07
104.201 1.28052e+07
104.301 1.28094e+07
104.401 1.28137e+07
104.501 1.28179e+07
104.601 1.28222e+07
104.701 1.28264e+07
104.801 1.28307e+07
104.901 1.28349e+07
105.001 1.28391e+07
105.101 1.28433e+07
105.201 1.28475e+07
105.301 1.28517e+07
105.401 1.28559e+07
105.501 1.28601e+07
105.601 1.28642e+07
105.701 1.28684e+07
105.801 1.28725e+07
105.901 1.28767e+07
106.001 1.28808e+07
106.101 1.28849e+07
106.201 1.2889e+07
106.301 1.28932e+07
106.401 1.28973e+07
106.501 1.29014e+07
106.601 1.29054e+07
106.701 1.29095e+07
106.801 1.29136e+07
106.901 1.29177e+07
107.001 1.29217e+07
107.101 1.29258e+07
107.201 1.29298e+07
107.301 1.29338e+07
107.401 1.29379e+07
107.501 1.29419e+07
107.601 1.29459e+07
107.701 1.29499e+07
107.801 1.29539e+07
107.901 1.29579e+07
108.001 1.29619e+07
108.101 1.29659e+07
108.201 1.29698e+07
108.301 1.29738e+07
108.401 1.29777e+07
108.501 1.29817e+07
108.601 1.29856e+07
108.701 1.29895e+07
108.801 1.29935e+07
108.901 1.29974e+07
109.001 1.30013e+07
109.101 1.30052e+07
109.201 1.30091e+07
109.301 1.3013e+07
109.401 1.30169e+07
109.501 1.30207e+07
109.601 1.30246e+07
109.701 1.30285e+07
109.801 1.30323e+07
109.901 1.30362e+07
110.001 1.304e+07
110.101 1.30438e+07
110.201 1.30477e+07
110.301 1.30515e+07
110.401 1.30553e+07
110.501 1.30591e+07
110.601 1.30629e+07
110.701 1.30667e+07
110.801 1.30705e+07
110.901 1.30743e+07
111.001 1.3078e+07
111.101 1.30818e+07
111.201 1.30855e+07
111.301 1.30893e+07
111.401 1.3093e+07
111.501 1.30968e+07
111.601 1.31005e+07
111.701 1.31042e+07
111.801 1.31079e+07
111.901 1.31116e+07
112.001 1.31153e+07
112.101 1.3119e+07
112.201 1.31227e+07
112.301 1.31264e+07
112.401 1.31301e+07
112.501 1.31338e+07
112.601 1.31374e+07
112.701 1.31411e+07
112.801 1.31447e+07
112.901 1.31484e+07
113.001 1.3152e+07
113.101 1.31556e+07
113.201 1.31593e+07
113.301 1.31629e+07
113.401 1.31665e+07
113.501 1.31701e+07
113.601 1.31737e+07
113.701 1.31773e+07
113.801 1.31809e+07
113.901 1.31845e+07
114.001 1.3188e+07
114.101 1.31916e+07
114.201 1.31952e+07
114.301 1.31987e+07
114.401 1.32023e+07
114.501 1.32058e+07
114.601 1.32094e+07
114.701 1.32129e+07
114.801 1.32164e+07
114.901 1.32199e+07
115.001 1.32234e+07
115.101 1.32269e+07
115.201 1.32304e+07
115.301 1.32339e+07
115.401 1.32374e+07
115.501 1.32409e+07
115.601 1.32444e+07
115.701 1.32478e+07
115.801 1.32513e+07
115.901 1.32548e+07
116.001 1.32582e+07
116.101 1.32617e+07
116.201 1.32651e+07
116.301 1.32686e+07
116.401 1.3272e+07
116.501 1.32754e+07
116.601 1.32788e+07
116.701 1.32822e+07
116.801 1.32856e+07
116.901 1.3289e+07
117.001 1.32924e+07
117.101 1.32958e+07
117.201 1.32992e+07
117.301 1.33026e+07
117.401 1.33059e+07
117.501 1.33093e+07
117.601 1.33126e+07
117.701 1.3316e+07
117.801 1.33193e+07
117.901 1.33227e+07
118.001 1.3326e+07
118.101 1.33294e+07
118.201 1.33327e+07
118.301 1.3336e+07
118.401 1.33393e+07
118.501 1.33426e+07
118.601 1.33459e+07
118.701 1.33492e+07
118.801 1.33525e+07
118.901 1.33558e+07
119.001 1.33591e+07
119.101 1.33624e+07
119.201 1.33656e+07
119.301 1.33689e+07
119.401 1.33722e+07
119.501 1.33754e+07
119.601 1.33786e+07
119.701 1.33819e+07
119.801 1.33851e+07
119.901 1.33883e+07
120.001 1.33916e+07
120.101 1.33948e+07
120.201 1.3398e+07
120.301 1.34012e+07
120.401 1.34044e+07
120.501 1.34076e+07
120.601 1.34108e+07
120.701 1.3414e+07
120.801 1.34172e+07
120.901 1.34204e+07
121.001 1.34235e+07
121.101 1.34267e+07
121.201 1.34299e+07
121.301 1.3433e+07
121.401 1.34362e+07
121.501 1.34393e+07
121.601 1.34425e+07
121.701 1.34456e+07
121.801 1.34487e+07
121.901 1.34519e+07
122.001 1.3455e+07
122.101 1.34581e+07
122.201 1.34612e+07
122.301 1.34643e+07
122.401 1.34674e+07
122.501 1.34705e+07
122.601 1.34736e+07
122.701 1.34767e+07
122.801 1.34797e+07
122.901 1.34828e+07
123.001 1.34859e+07
123.101 1.3489e+07
123.201 1.3492e+07
123.301 1.34951e+07
123.401 1.34981e+07
123.501 1.35012e+07
123.601 1.35042e+07
123.701 1.35073e+07
123.801 1.35103e+07
123.901 1.35133e+07
124.001 1.35163e+07
124.101 1.35193e+07
124.201 1.35223e+07
124.301 1.35254e+07
124.401 1.35283e+07
124.501 1.35314e+07
124.601 1.35343e+07
124.701 1.35373e+07
124.801 1.35403e+07
124.901 1.35433e+07
125.001 1.35463e+07
125.101 1.35492e+07
125.201 1.35522e+07
125.301 1.35552e+07
125.401 1.35581e+07
125.501 1.35611e+07
125.601 1.3564e+07
125.701 1.35669e+07
125.801 1.35699e+07
125.901 1.35728e+07
126.001 1.35757e+07
126.101 1.35786e+07
126.201 1.35816e+07
126.301 1.35845e+07
126.401 1.35874e+07
126.501 1.35903e+07
126.601 1.35932e+07
126.701 1.35961e+07
126.801 1.3599e+07
126.901 1.36018e+07
127.001 1.36047e+07
127.101 1.36076e+07
127.201 1.36105e+07
127.301 1.36133e+07
127.401 1.36162e+07
127.501 1.36191e+07
127.601 1.36219e+07
127.701 1.36248e+07
127.801 1.36276e+07
127.901 1.36305e+07
128.001 1.36333e+07
128.101 1.36361e+07
128.201 1.36389e+07
128.301 1.36418e+07
128.401 1.36446e+07
128.501 1.36474e+07
128.601 1.36502e+07
128.701 1.3653e+07
128.801 1.36558e+07
128.901 1.36586e+07
129.001 1.36614e+07
129.101 1.36642e+07
129.201 1.36669e+07
129.301 1.36697e+07
129.401 1.36725e+07
129.501 1.36753e+07
129.601 1.3678e+07
129.701 1.36808e+07
129.801 1.36835e+07
129.901 1.36863e+07
130.001 1.3689e+07
130.101 1.36918e+07
130.201 1.36945e+07
130.301 1.36973e+07
130.401 1.37e+07
130.501 1.37027e+07
130.601 1.37055e+07
130.701 1.37082e+07
130.801 1.37109e+07
130.901 1.37136e+07
131.001 1.37163e+07
131.101 1.3719e+07
131.201 1.37217e+07
131.301 1.37244e+07
131.401 1.37271e+07
131.501 1.3729e+07
131.601 1.37312e+07
131.701 1.37208e+07
131.801 1.37106e+07
131.901 1.37003e+07
132.001 1.36902e+07
132.101 1.368e+07
132.201 1.367e+07
132.301 1.366e+07
132.401 1.36502e+07
132.501 1.36402e+07
132.601 1.36306e+07
132.701 1.36208e+07
132.801 1.3611e+07
132.901 1.36016e+07
133.001 1.35919e+07
133.101 1.35827e+07
133.201 1.35732e+07
133.301 1.35641e+07
133.401 1.35547e+07
133.501 1.35458e+07
133.601 1.35365e+07
133.701 1.35277e+07
133.801 1.35186e+07
133.901 1.351e+07
134.001 1.3501e+07
134.101 1.34926e+07
134.201 1.34837e+07
134.301 1.34754e+07
134.401 1.34666e+07
134.501 1.34585e+07
134.601 1.34498e+07
134.701 1.34418e+07
134.801 1.34334e+07
134.901 1.34252e+07
135.001 1.34172e+07
135.101 1.34089e+07
135.201 1.34012e+07
135.301 1.33929e+07
135.401 1.33856e+07
135.501 1.33774e+07
135.601 1.33702e+07
135.701 1.33621e+07
135.801 1.33551e+07
135.901 1.33472e+07
136.001 1.33402e+07
136.101 1.33324e+07
136.201 1.33257e+07
136.301 1.3318e+07
136.401 1.33114e+07
136.501 1.33038e+07
136.601 1.32973e+07
136.701 1.32898e+07
136.801 1.32833e+07
136.901 1.32762e+07
137.001 1.32696e+07
137.101 1.32628e+07
137.201 1.32561e+07
137.301 1.32496e+07
137.401 1.32428e+07
137.501 1.32367e+07
137.601 1.32299e+07
137.701 1.32241e+07
137.801 1.32172e+07
137.901 1.32117e+07
138.001 1.32049e+07
138.101 1.31996e+07
138.201 1.31929e+07
138.301 1.31877e+07
138.401 1.31811e+07
138.501 1.31761e+07
138.601 1.31696e+07
138.701 1.31646e+07
138.801 1.31583e+07
138.901 1.31532e+07
139.001 1.31473e+07
139.101 1.31421e+07
139.201 1.31365e+07
139.301 1.31313e+07
139.401 1.3126e+07
139.501 1.31206e+07
139.601 1.31156e+07
139.701 1.31102e+07
139.801 1.31056e+07
139.901 1.31e+07
140.001 1.30957e+07
140.101 1.309e+07
140.201 1.30861e+07
140.301 1.30804e+07
140.401 1.30767e+07
140.501 1.30711e+07
140.601 1.30675e+07
140.701 1.3062e+07
140.801 1.30584e+07
140.901 1.30531e+07
141.001 1.30494e+07
141.101 1.30445e+07
141.201 1.30407e+07
141.301 1.30362e+07
141.401 1.30322e+07
141.501 1.30281e+07
141.601 1.3024e+07
141.701 1.30202e+07
141.801 1.30161e+07
141.901 1.30126e+07
142.001 1.30083e+07
142.101 1.30052e+07
142.201 1.30008e+07
142.301 1.29979e+07
142.401 1.29934e+07
142.501 1.29909e+07
142.601 1.29863e+07
142.701 1.2984e+07
142.801 1.29795e+07
142.901 1.29771e+07
143.001 1.29729e+07
143.101 1.29704e+07
143.201 1.29664e+07
143.301 1.29638e+07
143.401 1.29602e+07
143.501 1.29575e+07
143.601 1.29542e+07
143.701 1.29513e+07
143.801 1.29484e+07
143.901 1.29454e+07
144.001 1.29427e+07
144.101 1.29396e+07
144.201 1.29373e+07
144.301 1.2934e+07
144.401 1.2932e+07
144.501 1.29287e+07
144.601 1.29269e+07
144.701 1.29235e+07
144.801 1.29221e+07
144.901 1.29186e+07
145.001 1.29172e+07
145.101 1.29139e+07
145.201 1.29126e+07
145.301 1.29096e+07
145.401 1.29081e+07
145.501 1.29054e+07
145.601 1.29039e+07
145.701 1.29015e+07
145.801 1.28999e+07
145.901 1.28978e+07
146.001 1.2896e+07
146.101 1.28943e+07
146.201 1.28925e+07
146.301 1.2891e+07
146.401 1.28891e+07
146.501 1.2888e+07
146.601 1.28859e+07
146.701 1.28852e+07
146.801 1.2883e+07
146.901 1.28825e+07
147.001 1.28803e+07
147.101 1.28799e+07
147.201 1.28778e+07
147.301 1.28775e+07
147.401 1.28756e+07
147.501 1.28754e+07
147.601 1.28737e+07
147.701 1.28734e+07
147.801 1.2872e+07
147.901 1.28715e+07
148.001 1.28704e+07
148.101 1.28698e+07
148.201 1.28689e+07
148.301 1.28681e+07
148.401 1.28675e+07
148.501 1.28666e+07
148.601 1.28663e+07
148.701 1.28652e+07
148.801 1.28651e+07
148.901 1.2864e+07
149.001 1.28641e+07
149.101 1.28629e+07
149.201 1.2863e+07
149.301 1.28618e+07
149.401 1.28621e+07
149.501 1.28609e+07
149.601 1.28612e+07
149.701 1.28602e+07
149.801 1.28605e+07
149.901 1.28595e+07
150.001 1.28599e+07
150.101 1.28592e+07
150.201 1.28594e+07
150.301 1.2859e+07
150.401 1.28591e+07
150.501 1.28589e+07
150.601 1.28589e+07
150.701 1.2859e+07
150.801 1.28588e+07
150.901 1.28592e+07
151.001 1.28588e+07
151.101 1.28594e+07
151.201 1.2859e+07
151.301 1.28597e+07
151.401 1.28593e+07
151.501 1.286e+07
151.601 1.28597e+07
151.701 1.28605e+07
151.801 1.28602e+07
151.901 1.28611e+07
152.001 1.28609e+07
152.101 1.28618e+07
152.201 1.28617e+07
152.301 1.28627e+07
152.401 1.28628e+07
152.501 1.28637e+07
152.601 1.2864e+07
152.701 1.28648e+07
152.801 1.28654e+07
152.901 1.2866e+07
153.001 1.28669e+07
153.101 1.28674e+07
153.201 1.28686e+07
153.301 1.28689e+07
153.401 1.28701e+07
153.501 1.28705e+07
153.601 1.28718e+07
153.701 1.28723e+07
153.801 1.28737e+07
153.901 1.28742e+07
154.001 1.28756e+07
154.101 1.28763e+07
154.201 1.28777e+07
154.301 1.28784e+07
154.401 1.28799e+07
154.501 1.28808e+07
154.601 1.28823e+07
154.701 1.28832e+07
154.801 1.28848e+07
154.901 1.28859e+07
155.001 1.28874e+07
155.101 1.28888e+07
155.201 1.28902e+07
155.301 1.28918e+07
155.401 1.28931e+07
155.501 1.28949e+07
155.601 1.28961e+07
155.701 1.28979e+07
155.801 1.28993e+07
155.901 1.29012e+07
156.001 1.29026e+07
156.101 1.29045e+07
156.201 1.29061e+07
156.301 1.2908e+07
156.401 1.29097e+07
156.501 1.29117e+07
156.601 1.29134e+07
156.701 1.29155e+07
156.801 1.29173e+07
156.901 1.29194e+07
157.001 1.29213e+07
157.101 1.29235e+07
157.201 1.29255e+07
157.301 1.29277e+07
157.401 1.293e+07
157.501 1.29321e+07
157.601 1.29344e+07
157.701 1.29366e+07
157.801 1.2939e+07
157.901 1.29413e+07
158.001 1.29437e+07
158.101 1.29461e+07
158.201 1.29486e+07
158.301 1.2951e+07
158.401 1.29536e+07
158.501 1.29561e+07
158.601 1.29587e+07
158.701 1.29613e+07
158.801 1.2964e+07
158.901 1.29667e+07
159.001 1.29694e+07
159.101 1.29721e+07
159.201 1.29748e+07
159.301 1.29775e+07
159.401 1.29801e+07
159.501 1.29828e+07
159.601 1.29855e+07
159.701 1.29882e+07
159.801 1.29908e+07
159.901 1.29935e+07
160.001 1.29962e+07
160.101 1.29989e+07
160.201 1.30015e+07
160.301 1.30042e+07
160.401 1.30068e+07
160.501 1.30095e+07
160.601 1.30121e+07
160.701 1.30148e+07
160.801 1.30174e+07
160.901 1.302e+07
161.001 1.30227e+07
161.101 1.30253e+07
161.201 1.30279e+07
161.301 1.30305e+07
161.401 1.30332e+07
161.501 1.30358e+07
161.601 1.30384e+07
161.701 1.3041e+07
161.801 1.30436e+07
161.901 1.30462e+07
162.001 1.30488e+07
162.101 1.30514e+07
162.201 1.3054e+07
162.301 1.30566e+07
162.401 1.30592e+07
162.501 1.30618e+07
162.601 1.30644e+07
162.701 1.30669e+07
162.801 1.30695e+07
162.901 1.30721e+07
163.001 1.30746e+07
163.101 1.30772e+07
163.201 1.30798e+07
163.301 1.30823e+07
163.401 1.30849e+07
163.501 1.30874e+07
163.601 1.309e+07
163.701 1.30925e+07
163.801 1.30951e+07
163.901 1.30976e+07
164.001 1.31002e+07
164.101 1.31027e+07
164.201 1.31052e+07
164.301 1.31078e+07
164.401 1.31103e+07
164.501 1.31128e+07
164.601 1.31153e+07
164.701 1.31178e+07
164.801 1.31203e+07
164.901 1.31229e+07
165.001 1.31254e+07
165.101 1.31279e+07
165.201 1.31304e+07
165.301 1.31329e+07
165.401 1.31353e+07
165.501 1.31378e+07
165.601 1.31403e+07
165.701 1.31428e+07
165.801 1.31453e+07
165.901 1.31478e+07
166.001 1.31503e+07
166.101 1.31527e+07
166.201 1.31552e+07
166.301 1.31577e+07
166.401 1.31601e+07
166.501 1.31626e+07
166.601 1.31651e+07
166.701 1.31675e+07
166.801 1.317e+07
166.901 1.31724e+07
167.001 1.31749e+07
167.101 1.31773e+07
167.201 1.31798e+07
167.301 1.31822e+07
167.401 1.31846e+07
167.501 1.3187e+07
167.601 1.31895e+07
167.701 1.31919e+07
167.801 1.31943e+07
167.901 1.31967e+07
168.001 1.31992e+07
168.101 1.32016e+07
168.201 1.3204e+07
168.301 1.32064e+07
168.401 1.32088e+07
168.501 1.32112e+07
168.601 1.32136e+07
168.701 1.3216e+07
168.801 1.32184e+07
168.901 1.32208e+07
169.001 1.32232e+07
169.101 1.32256e+07
169.201 1.3228e+07
169.301 1.32304e+07
169.401 1.32327e+07
169.501 1.32351e+07
169.601 1.32375e+07
169.701 1.32398e+07
169.801 1.32422e+07
169.901 1.32446e+07
170.001 1.32469e+07
170.101 1.32493e+07
170.201 1.32516e+07
170.301 1.3254e+07
170.401 1.32563e+07
170.501 1.32587e+07
170.601 1.3261e+07
170.701 1.32634e+07
170.801 1.32657e+07
170.901 1.32681e+07
171.001 1.32704e+07
171.101 1.32727e+07
171.201 1.3275e+07
171.301 1.32774e+07
171.401 1.32797e+07
171.501 1.3282e+07
171.601 1.32843e+07
171.701 1.32867e+07
171.801 1.3289e+07
171.901 1.32913e+07
172.001 1.32936e+07
172.101 1.32959e+07
172.201 1.32982e+07
172.301 1.33005e+07
172.401 1.33028e+07
172.501 1.33051e+07
172.601 1.33074e+07
172.701 1.33097e+07
172.801 1.33119e+07
172.901 1.33142e+07
173.001 1.33165e+07
173.101 1.33188e+07
173.201 1.33211e+07
173.301 1.33233e+07
173.401 1.33256e+07
173.501 1.33279e+07
173.601 1.33301e+07
173.701 1.33324e+07
173.801 1.33347e+07
173.901 1.33369e+07
174.001 1.33392e+07
174.101 1.33414e+07
174.201 1.33437e+07
174.301 1.33459e+07
174.401 1.33482e+07
174.501 1.33504e+07
174.601 1.33526e+07
174.701 1.33549e+07
174.801 1.33571e+07
174.901 1.33593e+07
175.001 1.33616e+07
175.101 1.33638e+07
175.201 1.3366e+07
175.301 1.33682e+07
175.401 1.33704e+07
175.501 1.33727e+07
175.601 1.33749e+07
175.701 1.33771e+07
175.801 1.33793e+07
175.901 1.33815e+07
176.001 1.33837e+07
176.101 1.33859e+07
176.201 1.33881e+07
176.301 1.33903e+07
176.401 1.33925e+07
176.501 1.33947e+07
176.601 1.33969e+07
176.701 1.33991e+07
176.801 1.34012e+07
176.901 1.34034e+07
177.001 1.34056e+07
177.101 1.34078e+07
177.201 1.34099e+07
177.301 1.34121e+07
177.401 1.34143e+07
177.501 1.34165e+07
177.601 1.34186e+07
177.701 1.34208e+07
177.801 1.34229e+07
177.901 1.34251e+07
178.001 1.34273e+07
178.101 1.34294e+07
178.201 1.34316e+07
178.301 1.34337e+07
178.401 1.34358e+07
178.501 1.3438e+07
178.601 1.34401e+07
178.701 1.34423e+07
178.801 1.34444e+07
178.901 1.34465e+07
179.001 1.34487e+07
179.101 1.34508e+07
179.201 1.34529e+07
179.301 1.3455e+07
179.401 1.34571e+07
179.501 1.34593e+07
179.601 1.34614e+07
179.701 1.34635e+07
179.801 1.34656e+07
179.901 1.34677e+07
180.001 1.34698e+07
180.101 1.34719e+07
180.201 1.3474e+07
180.301 1.34761e+07
180.401 1.34782e+07
180.501 1.34803e+07
180.601 1.34824e+07
180.701 1.34845e+07
180.801 1.34866e+07
180.901 1.34887e+07
181.001 1.34907e+07
181.101 1.34928e+07
181.201 1.34949e+07
181.301 1.3497e+07
181.401 1.34991e+07
181.501 1.35011e+07
181.601 1.35032e+07
181.701 1.35053e+07
181.801 1.35073e+07
181.901 1.35094e+07
182.001 1.35115e+07
182.101 1.35135e+07
182.201 1.35156e+07
182.301 1.35176e+07
182.401 1.35197e+07
182.501 1.35217e+07
182.601 1.35238e+07
182.701 1.35258e+07
182.801 1.35278e+07
182.901 1.35299e+07
183.001 1.35319e+07
183.101 1.3534e+07
183.201 1.3536e+07
183.301 1.3538e+07
183.401 1.35401e+07
183.501 1.35421e+07
183.601 1.35441e+07
183.701 1.35461e+07
183.801 1.35482e+07
183.901 1.35502e+07
184.001 1.35522e+07
184.101 1.35542e+07
184.201 1.35562e+07
184.301 1.35582e+07
184.401 1.35602e+07
184.501 1.35622e+07
184.601 1.35642e+07
184.701 1.35662e+07
184.801 1.35682e+07
184.901 1.35702e+07
185.001 1.35722e+07
185.101 1.35742e+07
185.201 1.35762e+07
185.301 1.35782e+07
185.401 1.35802e+07
185.501 1.35822e+07
185.601 1.35841e+07
185.701 1.35861e+07
185.801 1.35881e+07
185.901 1.35901e+07
186.001 1.3592e+07
186.101 1.3594e+07
186.201 1.3596e+07
186.301 1.3598e+07
186.401 1.35999e+07
186.501 1.36019e+07
186.601 1.36038e+07
186.701 1.36058e+07
186.801 1.36077e+07
186.901 1.36097e+07
187.001 1.36117e+07
187.101 1.36136e+07
187.201 1.36155e+07
187.301 1.36175e+07
187.401 1.36194e+07
187.501 1.36214e+07
187.601 1.36233e+07
187.701 1.36253e+07
187.801 1.36272e+07
187.901 1.36291e+07
188.001 1.3631e+07
188.101 1.3633e+07
188.201 1.36349e+07
188.301 1.36368e+07
188.401 1.36387e+07
188.501 1.36407e+07
188.601 1.36426e+07
188.701 1.36445e+07
188.801 1.36464e+07
188.901 1.36483e+07
189.001 1.36503e+07
189.101 1.36522e+07
189.201 1.36541e+07
189.301 1.3656e+07
189.401 1.36579e+07
189.501 1.36598e+07
189.601 1.36617e+07
189.701 1.36636e+07
189.801 1.36655e+07
189.901 1.36673e+07
190.001 1.36692e+07
190.101 1.36711e+07
190.201 1.3673e+07
190.301 1.36749e+07
190.401 1.36768e+07
190.501 1.36787e+07
190.601 1.36805e+07
190.701 1.36824e+07
190.801 1.36843e+07
190.901 1.36862e+07
191.001 1.3688e+07
191.101 1.36899e+07
191.201 1.36918e+07
191.301 1.36936e+07
191.401 1.36955e+07
191.501 1.36974e+07
191.601 1.36992e+07
191.701 1.37011e+07
191.801 1.37029e+07
191.901 1.37048e+07
192.001 1.37066e+07
192.101 1.37085e+07
192.201 1.37103e+07
192.301 1.37122e+07
192.401 1.3714e+07
192.501 1.37159e+07
192.601 1.37177e+07
192.701 1.37195e+07
192.801 1.37214e+07
192.901 1.37232e+07
193.001 1.3725e+07
193.101 1.37269e+07
193.201 1.37287e+07
193.301 1.37305e+07
193.401 1.37323e+07
193.501 1.37342e+07
193.601 1.3736e+07
193.701 1.37378e+07
193.801 1.37396e+07
193.901 1.37414e+07
194.001 1.37432e+07
194.101 1.37451e+07
194.201 1.37469e+07
194.301 1.37487e+07
194.401 1.37505e+07
194.501 1.37523e+07
194.601 1.37541e+07
194.701 1.37559e+07
194.801 1.37577e+07
194.901 1.37595e+07
195.001 1.37613e+07
195.101 1.37631e+07
195.201 1.37649e+07
195.301 1.37667e+07
195.401 1.37684e+07
195.501 1.37702e+07
195.601 1.3772e+07
195.701 1.37738e+07
195.801 1.37756e+07
195.901 1.37773e+07
196.001 1.37791e+07
196.101 1.37809e+07
196.201 1.37827e+07
196.301 1.37844e+07
196.401 1.37791e+07
196.501 1.37805e+07
196.601 1.37736e+07
196.701 1.37667e+07
196.801 1.37598e+07
196.901 1.3753e+07
197.001 1.37462e+07
197.101 1.37394e+07
197.201 1.37328e+07
197.301 1.3726e+07
197.401 1.37195e+07
197.501 1.37128e+07
197.601 1.37064e+07
197.701 1.36998e+07
197.801 1.36935e+07
197.901 1.3687e+07
198.001 1.36807e+07
198.101 1.36743e+07
198.201 1.36682e+07
198.301 1.36618e+07
198.401 1.36558e+07
198.501 1.36496e+07
198.601 1.36436e+07
198.701 1.36374e+07
198.801 1.36316e+07
198.901 1.36255e+07
199.001 1.36198e+07
199.101 1.36138e+07
199.201 1.3608e+07
199.301 1.36022e+07
199.401 1.35964e+07
199.501 1.35908e+07
199.601 1.3585e+07
199.701 1.35796e+07
199.801 1.35738e+07
199.901 1.35686e+07
200.001 1.35629e+07
