0.0400654 34000
0.0803209 34340
0.0806361 34680
0.0809513 35020
0.0812665 35360
0.0815817 35700
0.0818969 36040
0.0822121 36380
0.0825273 36720
0.0828425 37060
0.0831577 37400
0.0834729 37740
0.0837881 38080
0.0841033 38420
0.0844185 38760
0.0847337 39100
0.0850489 39440
0.0853641 39780
0.0856793 40120
0.0859945 40460
0.0863097 40800
0.0866249 41140
0.0869401 41480
0.0872553 41820
0.0875705 42160
0.0878857 42500
0.0882009 42840
0.0885161 43180
0.0888313 43520
0.0891465 43860
0.0894617 44200
0.0897769 44540
0.0900921 44880
0.0904073 45220
0.0907225 45560
0.0910377 45900
0.0913529 46240
0.0916681 46580
0.0919833 46920
0.0922985 47260
0.0926137 47600
0.0929289 47940
0.0932441 48280
0.0935593 48620
0.0938745 48960
0.0941897 49300
0.0945049 49640
0.0948201 49980
0.0951353 50320
0.0954505 50660
0.0957657 51000
0.120572 51340
0.120887 51680
0.121203 52020
0.121518 52360
0.121833 52700
0.122148 53040
0.122463 53380
0.122779 53720
0.123094 54060
0.123409 54400
0.123724 54740
0.124039 55080
0.124355 55420
0.12467 55760
0.124985 56100
0.1253 56440
0.125615 56780
0.125931 57120
0.126246 57460
0.126561 57800
0.126876 58140
0.127191 58480
0.127507 58820
0.127822 59160
0.128137 59500
0.128452 59840
0.128767 60180
0.129083 60520
0.129398 60860
0.129713 61200
0.130028 61540
0.130343 61880
0.130659 62220
0.130974 62560
0.131289 62900
0.131604 63240
0.131919 63580
0.132235 63920
0.13255 64260
0.132865 64600
0.13318 64940
0.133495 65280
0.133811 65620
0.134126 65960
0.134441 66300
0.134756 66640
0.135071 66980
0.135387 67320
0.135702 67660
0.136017 68000
0.136332 68340
0.136647 68680
0.136963 69020
0.137278 69360
0.137593 69700
0.137908 70040
0.138223 70380
0.138539 70720
0.138854 71060
0.139169 71400
0.139484 71740
0.139799 72080
0.140115 72420
0.14043 72760
0.140745 73100
0.14106 73440
0.141375 73780
0.141691 74120
0.142006 74460
0.142321 74800
0.142636 75140
0.142951 75480
0.143267 75820
0.143582 76160
0.143897 76500
0.160981 76840
0.161296 77180
0.161611 77520
0.161927 77860
0.162242 78200
0.162557 78540
0.162872 78880
0.163187 79220
0.163503 79560
0.163818 79900
0.164133 80240
0.164448 80580
0.164763 80920
0.165079 81260
0.165394 81600
0.165709 81940
0.166024 82280
0.166339 82620
0.166655 82960
0.16697 83300
0.167285 83640
0.1676 83980
0.167915 84320
0.168231 84660
0.168546 85000
0.168861 85340
0.169176 85680
0.169491 86020
0.169807 86360
0.170122 86700
0.170437 87040
0.170752 87380
0.171067 87720
0.171383 88060
0.171698 88400
0.172013 88740
0.172328 89080
0.172643 89420
0.172959 89760
0.173274 90100
0.173589 90440
0.173904 90780
0.174219 91120
0.174535 91460
0.17485 91800
0.175165 92140
0.17548 92480
0.175795 92820
0.176111 93160
0.176426 93500
0.176741 93840
0.177056 94180
0.177371 94520
0.177687 94860
0.178002 95200
0.178317 95540
0.178632 95880
0.178947 96220
0.179263 96560
0.179578 96900
0.179893 97240
0.180208 97580
0.180523 97920
0.180839 98260
0.181154 98600
0.181469 98940
0.181784 99280
0.182099 99620
0.182415 99960
0.18273 100300
0.183045 100640
0.18336 100980
0.183675 101320
0.183991 101660
0.184306 102000
0.184621 102340
0.184936 102680
0.185251 103020
0.185567 103360
0.185882 103700
0.186197 104040
0.186512 104380
0.186827 104720
0.187143 105060
0.187458 105400
0.187773 105740
0.188088 106080
0.188403 106420
0.188719 106760
0.189034 107100
0.189349 107440
0.189664 107780
0.189979 108120
0.190295 108460
0.19061 108800
0.190925 109140
0.19124 109480
0.191555 109820
0.191871 110160
0.192186 110500
0.192501 110840
0.192816 111180
0.193131 111520
0.193447 111860
0.193762 112200
0.194077 112540
0.194392 112880
0.194707 113220
0.195023 113560
0.195338 113900
0.195653 114240
0.195968 114580
0.201232 114920
0.201548 115260
0.201863 115600
0.202178 115940
0.202493 116280
0.202808 116620
0.203124 116960
0.203439 117300
0.203754 117640
0.204069 117980
0.204384 118320
0.2047 118660
0.205015 119000
0.20533 119340
0.205645 119680
0.20596 120020
0.206276 120360
0.206591 120700
0.206906 121040
0.207221 121380
0.207536 121720
0.207852 122060
0.208167 122400
0.208482 122740
0.208797 123080
0.209112 123420
0.209428 123760
0.209743 124100
0.210058 124440
0.210373 124780
0.210688 125120
0.211004 125460
0.211319 125800
0.211634 126140
0.211949 126480
0.212264 126820
0.21258 127160
0.212895 127500
0.21321 127840
0.213525 128180
0.21384 128520
0.214156 128860
0.214471 129200
0.214786 129540
0.215101 129880
0.215416 130220
0.215732 130560
0.216047 130900
0.216362 131240
0.216677 131580
0.216992 131920
0.217308 132260
0.217623 132600
0.217938 132940
0.218253 133280
0.218568 133620
0.218884 133960
0.219199 134300
0.219514 134640
0.219829 134980
0.220144 135320
0.22046 135660
0.220775 136000
0.22109 136340
0.221405 136680
0.22172 137020
0.222036 137360
0.222351 137700
0.222666 138040
0.222981 138380
0.223296 138720
0.223612 139060
0.223927 139400
0.224242 139740
0.224557 140080
0.224872 140420
0.225188 140760
0.225503 141100
0.225818 141440
0.226133 141780
0.226448 142120
0.226764 142460
0.227079 142800
0.227394 143140
0.227709 143480
0.228024 143820
0.22834 144160
0.228655 144500
0.22897 144840
0.229285 145180
0.2296 145520
0.229916 145860
0.230231 146200
0.230546 146540
0.230861 146880
0.231176 147220
0.231492 147560
0.231807 147900
0.232122 148240
0.232437 148580
0.232752 148920
0.233068 149260
0.233383 149600
0.233698 149940
0.234013 150280
0.234328 150620
0.234644 150960
0.234959 151300
0.235274 151640
0.235589 151980
0.235904 152320
0.23622 152660
0.236535 153000
0.23685 153340
0.237165 153680
0.23748 154020
0.237796 154360
0.238111 154700
0.238426 155040
0.238741 155380
0.239056 155720
0.239372 156060
0.239687 156400
0.240002 156740
0.240317 157080
0.240632 157420
0.240948 157760
0.241263 158100
0.241578 158440
0.241893 158780
0.242208 159120
0.242524 159460
0.242839 159800
0.243154 160140
0.243469 160480
0.243784 160820
0.2441 161160
0.244415 161500
0.24473 161840
0.245045 162180
0.24536 162520
0.245676 162860
0.245991 163200
0.246306 163540
0.246621 163880
0.246936 164220
0.247252 164560
0.247567 164900
0.247882 165240
0.248197 165580
0.248512 165920
0.248828 166260
0.249143 166600
0.249458 166940
0.249773 167280
0.250088 167620
0.250404 167960
0.250719 168300
0.251034 168640
0.251349 168980
0.251664 169320
0.25198 169660
0.252295 170000
0.25261 170340
0.252925 170680
0.25324 171020
0.253556 171360
0.253871 171700
0.254186 172040
0.254501 172380
0.254816 172720
0.255132 173060
0.255447 173400
0.255762 173740
0.256077 174080
0.256392 174420
0.256708 174760
0.257023 175100
0.257338 175440
0.257653 175780
0.257968 176120
0.258284 176460
0.258599 176800
0.258914 177140
0.259229 177480
0.259544 177820
0.25986 178160
0.260175 178500
0.26049 178840
0.260805 179180
0.26112 179520
0.261436 179860
0.261751 180200
0.262066 180540
0.262381 180880
0.262696 181220
0.263012 181560
0.263327 181900
0.263642 182240
0.263957 182580
0.264272 182920
0.264588 183260
0.264903 183600
0.265218 183940
0.265533 184280
0.265848 184620
0.266164 184960
0.266479 185300
0.266794 185640
0.267109 185980
0.267424 186320
0.26774 186660
0.268055 187000
0.26837 187340
0.268685 187680
0.269 188020
0.269316 188360
0.269631 188700
0.269946 189040
0.270261 189380
0.270576 189720
0.270892 190060
0.271207 190400
0.271522 190740
0.271837 191080
0.272152 191420
0.272468 191760
0.272783 192100
0.273098 192440
0.273413 192780
0.273728 193120
0.274044 193460
0.274359 193800
0.274674 194140
0.274989 194480
0.275304 194820
0.27562 195160
0.275935 195500
0.27625 195840
0.276565 196180
0.27688 196520
0.277196 196860
0.277511 197200
0.277826 197540
0.278141 197880
0.278456 198220
0.278772 198560
0.279087 198900
0.279402 199240
0.279717 199580
0.280032 199920
0.280348 200260
0.280663 200600
0.280978 200940
0.281293 201280
0.281608 201620
0.281924 201960
0.282239 202300
0.282554 202640
0.282869 202980
0.283184 203320
0.2835 203660
0.283815 204000
0.28413 204340
0.284445 204680
0.28476 205020
0.285076 205360
0.285391 205700
0.285706 206040
0.286021 206380
0.286336 206720
0.286652 207060
0.286967 207400
0.287282 207740
0.287597 208080
0.287912 208420
0.288228 208760
0.288543 209100
0.288858 209440
0.289173 209780
0.289488 210120
0.289804 210460
0.290119 210800
0.290434 211140
0.290749 211480
0.291064 211820
0.29138 212160
0.291695 212500
0.29201 212840
0.292325 213180
0.29264 213520
0.292956 213860
0.293271 214200
0.293586 214540
0.293901 214880
0.294216 215220
0.294532 215560
0.294847 215900
0.295162 216240
0.295477 216580
0.295792 216920
0.296108 217260
0.296423 217600
0.296738 217940
0.297053 218280
0.297368 218620
0.297684 218960
0.297999 219300
0.298314 219640
0.298629 219980
0.298944 220320
0.29926 220660
0.299575 221000
0.29989 221340
0.300205 221680
0.30052 222020
0.300836 222360
0.301151 222700
0.301466 223040
0.301781 223380
0.302096 223720
0.302412 224060
0.302727 224400
0.303042 224740
0.303357 225080
0.303672 225420
0.303988 225760
0.304303 226100
0.304618 226440
0.304933 226780
0.305248 227120
0.305564 227460
0.305879 227800
0.306194 228140
0.306509 228480
0.306824 228820
0.30714 229160
0.307455 229500
0.30777 229840
0.308085 230180
0.3084 230520
0.308716 230860
0.309031 231200
0.309346 231540
0.309661 231880
0.309976 232220
0.310292 232560
0.310607 232900
0.310922 233240
0.311237 233580
0.311552 233920
0.311868 234260
0.312183 234600
0.312498 234940
0.312813 235280
0.313128 235620
0.313444 235960
0.313759 236300
0.314074 236640
0.314389 236980
0.314704 237320
0.31502 237660
0.315335 238000
0.31565 238340
0.315965 238680
0.31628 239020
0.316596 239360
0.316911 239700
0.317226 240040
0.317541 240380
0.317856 240720
0.318172 241060
0.318487 241400
0.318802 241740
0.319117 242080
0.319432 242420
0.319748 242760
0.320063 243100
0.320378 243440
0.320693 243780
0.321008 244120
0.321324 244460
0.321639 244800
0.321954 245140
0.322269 245480
0.322584 245820
0.3229 246160
0.323215 246500
0.32353 246840
0.323845 247180
0.32416 247520
0.324476 247860
0.324791 248200
0.325106 248540
0.325421 248880
0.325736 249220
0.326052 249560
0.326367 249900
0.326682 250240
0.326997 250580
0.327312 250920
0.327628 251260
0.327943 251600
0.328258 251940
0.328573 252280
0.328888 252620
0.329204 252960
0.329519 253300
0.329834 253640
0.330149 253980
0.330464 254320
0.33078 254660
0.331095 255000
0.33141 255340
0.331725 255680
0.33204 256020
0.332356 256360
0.332671 256700
0.332986 257040
0.333301 257380
0.333616 257720
0.333932 258060
0.334247 258400
0.334562 258740
0.334877 259080
0.335192 259420
0.335508 259760
0.335823 260100
0.336138 260440
0.336453 260780
0.336768 261120
0.337084 261460
0.337399 261800
0.337714 262140
0.338029 262480
0.338344 262820
0.33866 263160
0.338975 263500
0.33929 263840
0.339605 264180
0.33992 264520
0.340236 264860
0.340551 265200
0.340866 265540
0.341181 265880
0.341496 266220
0.341812 266560
0.342127 266900
0.342442 267240
0.342757 267580
0.343072 267920
0.343388 268260
0.343703 268600
0.344018 268940
0.344333 269280
0.344648 269620
0.344964 269960
0.345279 270300
0.345594 270640
0.345909 270980
0.346224 271320
0.34654 271660
0.346855 272000
0.34717 272340
0.347485 272680
0.3478 273020
0.348116 273360
0.348431 273700
0.348746 274040
0.349061 274380
0.349376 274720
0.349692 275060
0.350007 275400
0.350322 275740
0.350637 276080
0.350952 276420
0.351268 276760
0.351583 277100
0.351898 277440
0.352213 277780
0.352528 278120
0.352844 278460
0.353159 278800
0.353474 279140
0.353789 279480
0.354104 279820
0.35442 280160
0.354735 280500
0.35505 280840
0.355365 281180
0.35568 281520
0.355996 281860
0.356311 282200
0.356626 282540
0.356941 282880
0.357256 283220
0.357572 283560
0.357887 283900
0.358202 284240
0.358517 284580
0.358832 284920
0.359148 285260
0.359463 285600
0.359778 285940
0.360093 286280
0.360408 286620
0.360724 286960
0.361039 287300
0.361354 287640
0.361669 287980
0.361984 288320
0.3623 288660
0.362615 289000
0.36293 289340
0.363245 289680
0.36356 290020
0.363876 290360
0.364191 290700
0.364506 291040
0.364821 291380
0.365136 291720
0.365452 292060
0.365767 292400
0.366082 292740
0.366397 293080
0.366712 293420
0.367028 293760
0.367343 294100
0.367658 294440
0.367973 294780
0.368288 295120
0.368604 295460
0.368919 295800
0.369234 296140
0.369549 296480
0.369864 296820
0.37018 297160
0.370495 297500
0.37081 297840
0.371125 298180
0.37144 298520
0.371756 298860
0.372071 299200
0.372386 299540
0.372701 299880
0.373016 300220
0.373332 300560
0.373647 300900
0.373962 301240
0.374277 301580
0.374592 301920
0.374908 302260
0.375223 302600
0.375538 302940
0.375853 303280
0.376168 303620
0.376484 303960
0.376799 304300
0.377114 304640
0.377429 304980
0.377744 305320
0.37806 305660
0.378375 306000
0.378852 175780
0.599334 87720
0.794754 88060
0.861576 88400
0.943528 88740
0.975048 89080
0.979146 89420
0.983244 89760
0.987341 90100
0.991754 90440
0.995852 90780
0.999949 91120
1.00436 91460
1.00846 91800
1.01287 92140
1.01823 92480
1.0239 92820
1.02958 93160
1.03557 93500
1.04124 93840
1.04691 94180
1.0529 94520
1.05858 94860
1.06457 95200
1.07055 95540
1.07623 95880
1.08222 96220
1.08821 96560
1.09419 96900
1.10113 97240
1.11405 97580
1.12697 97920
1.1399 98260
1.1544 98600
1.16953 98940
1.18497 99280
1.20231 99620
1.2209 99960
1.2395 100300
1.2581 100640
1.27669 100980
1.29876 101320
1.3224 101660
1.34604 102000
1.36968 102340
1.39332 102680
1.41696 103020
1.44091 103360
1.46487 103700
1.48882 104040
1.51309 104380
1.53737 104720
1.56164 105060
1.59253 105400
1.62499 105740
1.65777 106080
1.69055 106420
1.72333 106760
1.75643 107100
1.78953 107440
1.82262 107780
1.85603 108120
1.88944 108460
1.92947 108800
1.97991 109140
2.03065 109480
2.0814 109820
2.13215 110160
2.18321 110500
2.23459 110840
2.28597 111180
2.33734 111520
2.38904 111860
2.44104 112200
2.49305 112540
2.54506 112880
2.59738 113220
2.65002 113560
2.70266 113900
2.7553 114240
2.80825 114580
2.86152 114920
2.91479 115260
2.96806 115600
3.02164 115940
3.07554 116280
3.12944 116620
3.18334 116960
3.23755 117300
3.29208 117640
3.34661 117980
3.40114 118320
3.45599 118660
3.51115 119000
3.56631 119340
3.62147 119680
3.67694 120020
3.73273 120360
3.78852 120700
3.84431 121040
3.90042 121380
3.99151 121720
4.10435 122060
4.21751 122400
4.33098 122740
4.44477 123080
4.55887 123420
4.67329 123760
4.78802 124100
4.90307 124440
5.01843 124780
5.13411 125120
5.25011 125460
5.36641 125800
5.48304 126140
5.59998 126480
5.71723 126820
5.8348 127160
5.95269 127500
6.07089 127840
6.1894 128180
6.30823 128520
6.42738 128860
6.54684 129200
6.66661 129540
6.78671 129880
6.90711 130220
7.02783 130560
7.14887 130900
7.27022 131240
7.39189 131580
7.51387 131920
7.63617 132260
7.75878 132600
7.79771 94180
7.90314 94520
7.91796 94860
7.93246 95200
7.94696 95540
7.95957 95880
7.97249 96220
7.9851 96560
7.99928 96900
8.01441 97240
8.02922 97580
8.04435 97920
8.05948 98260
8.07461 98600
8.09195 98940
8.11055 99280
8.12883 99620
8.14742 99960
8.16571 100300
8.1843 100640
8.20321 100980
8.22307 101320
8.24671 101660
8.27004 102000
8.29368 102340
8.31763 102680
8.34127 103020
8.36523 103360
8.38918 103700
8.41314 104040
8.43741 104380
8.46136 104720
8.48563 105060
8.51306 105400
8.54552 105740
8.5783 106080
8.61108 106420
8.64386 106760
8.67696 107100
8.71006 107440
8.74315 107780
8.77656 108120
8.80997 108460
8.84339 108800
8.89287 109140
8.9433 109480
8.99405 109820
9.04511 110160
9.09618 110500
9.14724 110840
9.19862 111180
9.25031 111520
9.302 111860
9.35369 112200
9.4057 112540
9.45803 112880
9.51035 113220
9.56267 113560
9.61531 113900
9.66826 114240
9.72122 114580
9.77417 114920
9.82744 115260
9.88102 115600
9.93461 115940
9.98819 116280
10.0421 116620
10.0963 116960
10.1505 117300
10.2047 117640
10.2593 117980
10.3141 118320
10.369 118660
10.4238 119000
10.479 119340
10.5344 119680
10.5899 120020
10.6454 120360
10.7012 120700
10.7573 121040
10.8222 121380
10.9347 121720
11.0476 122060
11.1607 122400
11.2742 122740
11.388 123080
11.5021 123420
11.6165 123760
11.7312 124100
11.8463 124440
11.9617 124780
12.0773 125120
12.1933 125460
12.3096 125800
12.4263 126140
12.5432 126480
12.6605 126820
12.778 127160
12.8959 127500
13.0141 127840
13.1326 128180
13.2515 128520
13.3706 128860
13.4901 129200
13.6098 129540
13.7299 129880
13.8503 130220
13.9711 130560
14.0921 130900
14.2134 131240
14.3351 131580
14.4571 131920
14.5794 132260
14.702 132600
14.7409 94180
14.8464 94520
14.8612 94860
14.8757 95200
14.8902 95540
14.9028 95880
14.9157 96220
14.9283 96560
14.9412 96900
14.9539 97240
14.9668 97580
14.9803 97920
14.9955 98260
15.0106 98600
15.0263 98940
15.0446 99280
15.0632 99620
15.0815 99960
15.1001 100300
15.1187 100640
15.1373 100980
15.1562 101320
15.1786 101660
15.2022 102000
15.2259 102340
15.2495 102680
15.2735 103020
15.2971 103360
15.3211 103700
15.3453 104040
15.3693 104380
15.3936 104720
15.4248 105060
15.4572 105400
15.49 105740
15.5225 106080
15.5553 106420
15.5884 106760
15.6211 107100
15.6542 107440
15.6876 107780
15.7207 108120
15.7541 108460
15.7879 108800
15.8374 109140
15.8881 109480
15.9389 109820
15.9896 110160
16.0407 110500
16.092 110840
16.1434 111180
16.1948 111520
16.2465 111860
16.2985 112200
16.3505 112540
16.4025 112880
16.4548 113220
16.5075 113560
16.5601 113900
16.6128 114240
16.6657 114580
16.719 114920
16.7722 115260
16.8255 115600
16.8791 115940
16.933 116280
16.9869 116620
17.0408 116960
17.095 117300
17.1495 117640
17.2041 117980
17.2586 118320
17.3134 118660
17.3686 119000
17.4238 119340
17.4789 119680
17.5344 120020
17.5902 120360
17.646 120700
17.7018 121040
17.7686 121380
17.8811 121720
17.994 122060
18.1071 122400
18.2206 122740
18.3344 123080
18.4485 123420
18.5629 123760
18.6776 124100
18.7927 124440
18.908 124780
19.0237 125120
19.1397 125460
19.256 125800
19.3726 126140
19.4896 126480
19.6068 126820
19.7244 127160
19.8423 127500
19.9605 127840
20.079 128180
20.1978 128520
20.317 128860
20.4364 129200
20.5562 129540
20.6763 129880
20.7967 130220
20.9174 130560
21.0385 130900
21.1598 131240
21.2815 131580
21.4035 131920
21.5258 132260
21.6484 132600
21.6873 94180
21.7927 94520
21.8076 94860
21.8221 95200
21.8366 95540
21.8492 95880
21.8621 96220
21.8747 96560
21.8876 96900
21.9002 97240
21.9132 97580
21.9267 97920
21.9418 98260
21.957 98600
21.9727 98940
21.991 99280
22.0096 99620
22.0279 99960
22.0465 100300
22.0663 100640
22.0897 100980
22.113 101320
22.1366 101660
22.1603 102000
22.1839 102340
22.2076 102680
22.2312 103020
22.2551 103360
22.2791 103700
22.3031 104040
22.3273 104380
22.3544 104720
22.3866 105060
22.419 105400
22.4518 105740
22.4843 106080
22.5171 106420
22.5502 106760
22.583 107100
22.616 107440
22.6495 107780
22.6826 108120
22.716 108460
22.7569 108800
22.8074 109140
22.8578 109480
22.9086 109820
22.9596 110160
23.0107 110500
23.0617 110840
23.1131 111180
23.1648 111520
23.2165 111860
23.2682 112200
23.3202 112540
23.3725 112880
23.4249 113220
23.4772 113560
23.5298 113900
23.5828 114240
23.6357 114580
23.6887 114920
23.7419 115260
23.7955 115600
23.8491 115940
23.9027 116280
23.9566 116620
24.0108 116960
24.065 117300
24.1192 117640
24.1738 117980
24.2286 118320
24.2835 118660
24.3383 119000
24.3935 119340
24.4489 119680
24.5044 120020
24.5599 120360
24.6157 120700
24.6718 121040
24.7279 121380
24.8209 121720
24.9337 122060
25.0469 122400
25.1603 122740
25.2741 123080
25.3882 123420
25.5027 123760
25.6174 124100
25.7324 124440
25.8478 124780
25.9635 125120
26.0795 125460
26.1958 125800
26.3124 126140
26.4293 126480
26.5466 126820
26.6642 127160
26.782 127500
26.9002 127840
27.0188 128180
27.1376 128520
27.2567 128860
27.3762 129200
27.496 129540
27.6161 129880
27.7365 130220
27.8572 130560
27.9782 130900
28.0996 131240
28.2213 131580
28.3432 131920
28.4655 132260
28.5881 132600
28.6271 94180
28.7325 94520
28.7473 94860
28.7618 95200
28.7763 95540
28.7889 95880
28.8018 96220
28.8145 96560
28.8274 96900
28.84 97240
28.8529 97580
28.8665 97920
28.8816 98260
28.8967 98600
28.9125 98940
28.9308 99280
28.9494 99620
28.9676 99960
28.9862 100300
29.0048 100640
29.0234 100980
29.0423 101320
29.0647 101660
29.0884 102000
29.112 102340
29.1356 102680
29.1596 103020
29.1832 103360
29.2072 103700
29.2315 104040
29.2554 104380
29.2797 104720
29.3109 105060
29.3434 105400
29.3761 105740
29.4086 106080
29.4414 106420
29.4745 106760
29.5073 107100
29.5404 107440
29.5738 107780
29.6069 108120
29.6403 108460
29.674 108800
29.7235 109140
29.7742 109480
29.825 109820
29.8757 110160
29.9268 110500
29.9782 110840
30.0296 111180
30.0809 111520
30.1326 111860
30.1846 112200
30.2366 112540
30.2886 112880
30.341 113220
30.3936 113560
30.4462 113900
30.4989 114240
30.5518 114580
30.6051 114920
30.6584 115260
30.7116 115600
30.7652 115940
30.8191 116280
30.873 116620
30.9269 116960
30.9811 117300
31.0357 117640
31.0902 117980
31.1447 118320
31.1996 118660
31.2547 119000
31.3099 119340
31.3651 119680
31.4205 120020
31.4763 120360
31.5321 120700
31.5879 121040
31.6547 121380
31.7673 121720
31.8801 122060
31.9932 122400
32.1067 122740
32.2205 123080
32.3346 123420
32.449 123760
32.5638 124100
32.6788 124440
32.7942 124780
32.9099 125120
33.0258 125460
33.1422 125800
33.2588 126140
33.3757 126480
33.493 126820
33.6105 127160
33.7284 127500
33.8466 127840
33.9651 128180
34.084 128520
34.2031 128860
34.3226 129200
34.4424 129540
34.5624 129880
34.6829 130220
34.8036 130560
34.9246 130900
35.046 131240
35.1676 131580
35.2896 131920
35.4119 132260
35.5345 132600
35.5735 94180
35.6789 94520
35.6937 94860
35.7082 95200
35.7227 95540
35.7353 95880
35.7482 96220
35.7608 96560
35.775 96900
35.7901 97240
35.805 97580
35.8201 97920
35.8352 98260
35.8504 98600
35.8677 98940
35.8863 99280
35.9046 99620
35.9232 99960
35.9414 100300
35.96 100640
35.979 100980
35.9988 101320
36.0225 101660
36.0458 102000
36.0694 102340
36.0934 102680
36.117 103020
36.141 103360
36.1649 103700
36.1889 104040
36.2131 104380
36.2371 104720
36.2614 105060
36.2888 105400
36.3213 105740
36.354 106080
36.3868 106420
36.4196 106760
36.4527 107100
36.4858 107440
36.5189 107780
36.5523 108120
36.5857 108460
36.6191 108800
36.6686 109140
36.719 109480
36.7698 109820
36.8209 110160
36.8719 110500
36.923 110840
36.9744 111180
37.026 111520
37.0777 111860
37.1294 112200
37.1814 112540
37.2338 112880
37.2861 113220
37.3384 113560
37.391 113900
37.444 114240
37.497 114580
37.5499 114920
37.6032 115260
37.6568 115600
37.7103 115940
37.7639 116280
37.8178 116620
37.872 116960
37.9263 117300
37.9805 117640
38.035 117980
38.0898 118320
38.1447 118660
38.1995 119000
38.2547 119340
38.3102 119680
38.3656 120020
38.4211 120360
38.4769 120700
38.533 121040
38.598 121380
38.7105 121720
38.8233 122060
38.9365 122400
39.0499 122740
39.1637 123080
39.2778 123420
39.3923 123760
39.507 124100
39.622 124440
39.7374 124780
39.8531 125120
39.9691 125460
40.0854 125800
40.202 126140
40.3189 126480
40.4362 126820
40.5538 127160
40.6717 127500
40.7899 127840
40.9084 128180
41.0272 128520
41.1463 128860
41.2658 129200
41.3856 129540
41.5057 129880
41.6261 130220
41.7468 130560
41.8678 130900
41.9892 131240
42.1109 131580
42.2328 131920
42.3551 132260
42.4777 132600
42.5167 94180
42.6221 94520
42.6369 94860
42.6514 95200
42.6659 95540
42.6785 95880
42.6915 96220
42.7041 96560
42.7182 96900
42.7334 97240
42.7482 97580
42.7633 97920
42.7784 98260
42.7936 98600
42.8109 98940
42.8295 99280
42.8478 99620
42.8664 99960
42.8847 100300
42.9033 100640
42.9222 100980
42.942 101320
42.9657 101660
42.989 102000
43.0126 102340
43.0366 102680
43.0602 103020
43.0842 103360
43.1081 103700
43.1321 104040
43.1564 104380
43.1832 104720
43.2156 105060
43.2481 105400
43.2806 105740
43.3133 106080
43.3461 106420
43.3789 106760
43.412 107100
43.4451 107440
43.4782 107780
43.5116 108120
43.545 108460
43.5857 108800
43.6361 109140
43.6869 109480
43.7376 109820
43.7883 110160
43.8394 110500
43.8908 110840
43.9422 111180
43.9935 111520
44.0452 111860
44.0972 112200
44.1493 112540
44.2013 112880
44.2536 113220
44.3062 113560
44.3589 113900
44.4115 114240
44.4645 114580
44.5177 114920
44.571 115260
44.6243 115600
44.6778 115940
44.7317 116280
44.7856 116620
44.8395 116960
44.8938 117300
44.9483 117640
45.0028 117980
45.0573 118320
45.1122 118660
45.1673 119000
45.2225 119340
45.2777 119680
45.3331 120020
45.3889 120360
45.4447 120700
45.5005 121040
45.5566 121380
45.6496 121720
45.7624 122060
45.8756 122400
45.9891 122740
46.1029 123080
46.217 123420
46.3314 123760
46.4461 124100
46.5612 124440
46.6765 124780
46.7922 125120
46.9082 125460
47.0245 125800
47.1411 126140
47.2581 126480
47.3753 126820
47.4929 127160
47.6108 127500
47.729 127840
47.8475 128180
47.9663 128520
48.0855 128860
48.2049 129200
48.3247 129540
48.4448 129880
48.5652 130220
48.6859 130560
48.807 130900
48.9283 131240
49.05 131580
49.172 131920
49.2943 132260
49.4169 132600
49.4558 94180
49.5612 94520
49.5761 94860
49.5906 95200
49.605 95540
49.6177 95880
49.6306 96220
49.6432 96560
49.6561 96900
49.6687 97240
49.6816 97580
49.6952 97920
49.7103 98260
49.7255 98600
49.7412 98940
49.7595 99280
49.7781 99620
49.7964 99960
49.815 100300
49.8336 100640
49.8522 100980
49.8711 101320
49.8935 101660
49.9171 102000
49.9407 102340
49.9644 102680
49.9883 103020
50.012 103360
50.0359 103700
50.0602 104040
50.0842 104380
50.1084 104720
50.1396 105060
50.1721 105400
50.2049 105740
50.2373 106080
50.2701 106420
50.3032 106760
50.336 107100
50.3691 107440
50.4025 107780
50.4356 108120
50.469 108460
50.5027 108800
50.5522 109140
50.603 109480
50.6537 109820
50.7045 110160
50.7555 110500
50.8069 110840
50.8583 111180
50.9097 111520
50.9614 111860
51.0134 112200
51.0654 112540
51.1174 112880
51.1697 113220
51.2223 113560
51.275 113900
51.3276 114240
51.3806 114580
51.4338 114920
51.4871 115260
51.5404 115600
51.594 115940
51.6479 116280
51.7018 116620
51.7557 116960
51.8099 117300
51.8644 117640
51.9189 117980
51.9735 118320
52.0283 118660
52.0835 119000
52.1386 119340
52.1938 119680
52.2493 120020
52.3051 120360
52.3608 120700
52.4166 121040
52.4835 121380
52.596 121720
52.7088 122060
52.822 122400
52.9355 122740
53.0492 123080
53.1633 123420
53.2778 123760
53.3925 124100
53.5075 124440
53.6229 124780
53.7386 125120
53.8546 125460
53.9709 125800
54.0875 126140
54.2044 126480
54.3217 126820
54.4393 127160
54.5572 127500
54.6754 127840
54.7939 128180
54.9127 128520
55.0318 128860
55.1513 129200
55.2711 129540
55.3912 129880
55.5116 130220
55.6323 130560
55.7533 130900
55.8747 131240
55.9964 131580
56.1183 131920
56.2406 132260
56.3633 132600
56.4022 94180
56.5076 94520
56.5224 94860
56.5369 95200
56.5514 95540
56.564 95880
56.577 96220
56.5896 96560
56.6038 96900
56.6189 97240
56.6337 97580
56.6488 97920
56.664 98260
56.6791 98600
56.6964 98940
56.715 99280
56.7333 99620
56.7519 99960
56.7702 100300
56.7888 100640
56.8077 100980
56.8275 101320
56.8512 101660
56.8745 102000
56.8981 102340
56.9221 102680
56.9457 103020
56.9697 103360
56.9937 103700
57.0176 104040
57.0419 104380
57.0658 104720
57.0901 105060
57.1175 105400
57.15 105740
57.1828 106080
57.2156 106420
57.2483 106760
57.2814 107100
57.3145 107440
57.3476 107780
57.381 108120
57.4144 108460
57.4479 108800
57.4973 109140
57.5478 109480
57.5985 109820
57.6496 110160
57.7006 110500
57.7517 110840
57.8031 111180
57.8548 111520
57.9065 111860
57.9582 112200
58.0102 112540
58.0625 112880
58.1148 113220
58.1671 113560
58.2198 113900
58.2727 114240
58.3257 114580
58.3786 114920
58.4319 115260
58.4855 115600
58.5391 115940
58.5927 116280
58.6466 116620
58.7008 116960
58.755 117300
58.8092 117640
58.8637 117980
58.9186 118320
58.9734 118660
59.0283 119000
59.0834 119340
59.1389 119680
59.1944 120020
59.2499 120360
59.3056 120700
59.3618 121040
59.4267 121380
59.5392 121720
59.652 122060
59.7652 122400
59.8787 122740
59.9925 123080
60.1066 123420
60.221 123760
60.3357 124100
60.4508 124440
60.5661 124780
60.6818 125120
60.7978 125460
60.9141 125800
61.0307 126140
61.1477 126480
61.2649 126820
61.3825 127160
61.5004 127500
61.6186 127840
61.7371 128180
61.8559 128520
61.9751 128860
62.0945 129200
62.2143 129540
62.3344 129880
62.4548 130220
62.5755 130560
62.6966 130900
62.8179 131240
62.9396 131580
63.0616 131920
63.1839 132260
63.3065 132600
63.3454 94180
63.4508 94520
63.4657 94860
63.4802 95200
63.4947 95540
63.5073 95880
63.5202 96220
63.5328 96560
63.547 96900
63.5621 97240
63.5769 97580
63.592 97920
63.6072 98260
63.6223 98600
63.6396 98940
63.6582 99280
63.6765 99620
63.6951 99960
63.7134 100300
63.732 100640
63.7509 100980
63.7708 101320
63.7944 101660
63.8177 102000
63.8414 102340
63.8653 102680
63.889 103020
63.9129 103360
63.9369 103700
63.9608 104040
63.9851 104380
64.0119 104720
64.0444 105060
64.0768 105400
64.1093 105740
64.1421 106080
64.1749 106420
64.2076 106760
64.2407 107100
64.2738 107440
64.3069 107780
64.3403 108120
64.3737 108460
64.4144 108800
64.4648 109140
64.5156 109480
64.5663 109820
64.6171 110160
64.6681 110500
64.7195 110840
64.7709 111180
64.8223 111520
64.874 111860
64.926 112200
64.978 112540
65.03 112880
65.0823 113220
65.135 113560
65.1876 113900
65.2402 114240
65.2932 114580
65.3465 114920
65.3997 115260
65.453 115600
65.5066 115940
65.5605 116280
65.6144 116620
65.6683 116960
65.7225 117300
65.777 117640
65.8315 117980
65.8861 118320
65.9409 118660
65.9961 119000
66.0512 119340
66.1064 119680
66.1619 120020
66.2177 120360
66.2735 120700
66.3292 121040
66.3854 121380
66.4783 121720
66.5912 122060
66.7043 122400
66.8178 122740
66.9316 123080
67.0457 123420
67.1601 123760
67.2748 124100
67.3899 124440
67.5053 124780
67.6209 125120
67.7369 125460
67.8532 125800
67.9699 126140
68.0868 126480
68.2041 126820
68.3216 127160
68.4395 127500
68.5577 127840
68.6762 128180
68.7951 128520
68.9142 128860
69.0337 129200
69.1534 129540
69.2735 129880
69.3939 130220
69.5147 130560
69.6357 130900
69.757 131240
69.8787 131580
70.0007 131920
70.123 132260
70.2456 132600
70.2845 94180
70.39 94520
70.4048 94860
70.4193 95200
70.4338 95540
70.4464 95880
70.4593 96220
70.4719 96560
70.4848 96900
70.4975 97240
70.5104 97580
70.5239 97920
70.5391 98260
70.5542 98600
70.5699 98940
70.5882 99280
70.6068 99620
70.6251 99960
70.6437 100300
70.6623 100640
70.6809 100980
70.6998 101320
70.7222 101660
70.7458 102000
70.7695 102340
70.7931 102680
70.8171 103020
70.8407 103360
70.8647 103700
70.8889 104040
70.9129 104380
70.9372 104720
70.9684 105060
71.0008 105400
71.0336 105740
71.0661 106080
71.0989 106420
71.1319 106760
71.1647 107100
71.1978 107440
71.2312 107780
71.2643 108120
71.2977 108460
71.3315 108800
71.381 109140
71.4317 109480
71.4825 109820
71.5332 110160
71.5843 110500
71.6356 110840
71.687 111180
71.7384 111520
71.7901 111860
71.8421 112200
71.8941 112540
71.9461 112880
71.9984 113220
72.0511 113560
72.1037 113900
72.1563 114240
72.2093 114580
72.2626 114920
72.3158 115260
72.3691 115600
72.4227 115940
72.4766 116280
72.5305 116620
72.5844 116960
72.6386 117300
72.6931 117640
72.7477 117980
72.8022 118320
72.857 118660
72.9122 119000
72.9674 119340
73.0225 119680
73.078 120020
73.1338 120360
73.1896 120700
73.2454 121040
73.3122 121380
73.4247 121720
73.5376 122060
73.6507 122400
73.7642 122740
73.878 123080
73.9921 123420
74.1065 123760
74.2212 124100
74.3363 124440
74.4516 124780
74.5673 125120
74.6833 125460
74.7996 125800
74.9162 126140
75.0332 126480
75.1504 126820
75.268 127160
75.3859 127500
75.5041 127840
75.6226 128180
75.7414 128520
75.8606 128860
75.98 129200
76.0998 129540
76.2199 129880
76.3403 130220
76.461 130560
76.5821 130900
76.7034 131240
76.8251 131580
76.9471 131920
77.0694 132260
77.192 132600
77.2309 94180
77.3363 94520
77.3512 94860
77.3657 95200
77.3802 95540
77.3928 95880
77.4057 96220
77.4183 96560
77.4312 96900
77.4438 97240
77.4568 97580
77.4703 97920
77.4854 98260
77.5006 98600
77.5163 98940
77.5346 99280
77.5532 99620
77.5715 99960
77.5901 100300
77.6087 100640
77.6273 100980
77.6462 101320
77.6686 101660
77.6922 102000
77.7158 102340
77.7395 102680
77.7634 103020
77.7871 103360
77.811 103700
77.8353 104040
77.8593 104380
77.8835 104720
77.9147 105060
77.9472 105400
77.98 105740
78.0124 106080
78.0452 106420
78.0783 106760
78.1111 107100
78.1442 107440
78.1776 107780
78.2107 108120
78.2441 108460
78.2778 108800
78.3273 109140
78.3781 109480
78.4288 109820
78.4796 110160
78.5306 110500
78.582 110840
78.6334 111180
78.6848 111520
78.7365 111860
78.7885 112200
78.8405 112540
78.8925 112880
78.9448 113220
78.9974 113560
79.0501 113900
79.1027 114240
79.1557 114580
79.2089 114920
79.2622 115260
79.3155 115600
79.3691 115940
79.423 116280
79.4769 116620
79.5308 116960
79.585 117300
79.6395 117640
79.694 117980
79.7486 118320
79.8034 118660
79.8586 119000
79.9137 119340
79.9689 119680
80.0244 120020
80.0802 120360
80.136 120700
80.1917 121040
80.2586 121380
80.3711 121720
80.4839 122060
80.5971 122400
80.7106 122740
80.8243 123080
80.9385 123420
81.0529 123760
81.1676 124100
81.2826 124440
81.398 124780
81.5137 125120
81.6297 125460
81.746 125800
81.8626 126140
81.9796 126480
82.0968 126820
82.2144 127160
82.3323 127500
82.4505 127840
82.569 128180
82.6878 128520
82.807 128860
82.9264 129200
83.0462 129540
83.1663 129880
83.2867 130220
83.4074 130560
83.5284 130900
83.6498 131240
83.7715 131580
83.8935 131920
84.0157 132260
84.1384 132600
84.1773 94180
84.2827 94520
84.2975 94860
84.312 95200
84.3265 95540
84.3391 95880
84.3521 96220
84.3647 96560
84.3789 96900
84.394 97240
84.4088 97580
84.4239 97920
84.4391 98260
84.4542 98600
84.4715 98940
84.4901 99280
84.5084 99620
84.527 99960
84.5453 100300
84.5639 100640
84.5828 100980
84.6027 101320
84.6263 101660
84.6496 102000
84.6733 102340
84.6972 102680
84.7209 103020
84.7448 103360
84.7688 103700
84.7927 104040
84.817 104380
84.8409 104720
84.8652 105060
84.8926 105400
84.9251 105740
84.9579 106080
84.9907 106420
85.0234 106760
85.0565 107100
85.0896 107440
85.1227 107780
85.1561 108120
85.1896 108460
85.223 108800
85.2725 109140
85.3229 109480
85.3736 109820
85.4247 110160
85.4758 110500
85.5268 110840
85.5782 111180
85.6299 111520
85.6816 111860
85.7333 112200
85.7853 112540
85.8376 112880
85.8899 113220
85.9423 113560
85.9949 113900
86.0478 114240
86.1008 114580
86.1538 114920
86.207 115260
86.2606 115600
86.3142 115940
86.3678 116280
86.4217 116620
86.4759 116960
86.5301 117300
86.5843 117640
86.6388 117980
86.6937 118320
86.7485 118660
86.8034 119000
86.8585 119340
86.914 119680
86.9695 120020
87.025 120360
87.0808 120700
87.1369 121040
87.2018 121380
87.3143 121720
87.4272 122060
87.5403 122400
87.6538 122740
87.7676 123080
87.8817 123420
87.9961 123760
88.1108 124100
88.2259 124440
88.3412 124780
88.4569 125120
88.5729 125460
88.6892 125800
88.8058 126140
88.9228 126480
89.04 126820
89.1576 127160
89.2755 127500
89.3937 127840
89.5122 128180
89.631 128520
89.7502 128860
89.8696 129200
89.9894 129540
90.1095 129880
90.2299 130220
90.3506 130560
90.4717 130900
90.593 131240
90.7147 131580
90.8367 131920
90.959 132260
91.0816 132600
91.1205 94180
91.2259 94520
91.2408 94860
91.2553 95200
91.2698 95540
91.2824 95880
91.2953 96220
91.3079 96560
91.3221 96900
91.3372 97240
91.352 97580
91.3672 97920
91.3823 98260
91.3974 98600
91.4148 98940
91.4334 99280
91.4516 99620
91.4702 99960
91.4885 100300
91.5071 100640
91.526 100980
91.5459 101320
91.5695 101660
91.5928 102000
91.6165 102340
91.6404 102680
91.6641 103020
91.688 103360
91.712 103700
91.7359 104040
91.7602 104380
91.787 104720
91.8195 105060
91.8519 105400
91.8844 105740
91.9172 106080
91.95 106420
91.9827 106760
92.0158 107100
92.0489 107440
92.082 107780
92.1154 108120
92.1489 108460
92.1895 108800
92.2399 109140
92.2907 109480
92.3414 109820
92.3922 110160
92.4433 110500
92.4946 110840
92.546 111180
92.5974 111520
92.6491 111860
92.7011 112200
92.7531 112540
92.8051 112880
92.8574 113220
92.9101 113560
92.9627 113900
93.0153 114240
93.0683 114580
93.1216 114920
93.1748 115260
93.2281 115600
93.2817 115940
93.3356 116280
93.3895 116620
93.4434 116960
93.4976 117300
93.5521 117640
93.6067 117980
93.6612 118320
93.716 118660
93.7712 119000
93.8263 119340
93.8815 119680
93.937 120020
93.9928 120360
94.0486 120700
94.1044 121040
94.1605 121380
94.2534 121720
94.3663 122060
94.4794 122400
94.5929 122740
94.7067 123080
94.8208 123420
94.9352 123760
95.05 124100
95.165 124440
95.2804 124780
95.396 125120
95.512 125460
95.6283 125800
95.745 126140
95.8619 126480
95.9792 126820
96.0967 127160
96.2146 127500
96.3328 127840
96.4513 128180
96.5702 128520
96.6893 128860
96.8088 129200
96.9285 129540
97.0486 129880
97.169 130220
97.2898 130560
97.4108 130900
97.5322 131240
97.6538 131580
97.7758 131920
97.8981 132260
98.0207 132600
98.0596 94180
98.1651 94520
98.1799 94860
98.1944 95200
98.2089 95540
98.2215 95880
98.2344 96220
98.247 96560
98.26 96900
98.2726 97240
98.2855 97580
98.299 97920
98.3142 98260
98.3293 98600
98.3451 98940
98.3633 99280
98.3819 99620
98.4002 99960
98.4188 100300
98.4374 100640
98.456 100980
98.4749 101320
98.4973 101660
98.5209 102000
98.5446 102340
98.5682 102680
98.5922 103020
98.6158 103360
98.6398 103700
98.664 104040
98.688 104380
98.7123 104720
98.7435 105060
98.7759 105400
98.8087 105740
98.8412 106080
98.874 106420
98.9071 106760
98.9398 107100
98.9729 107440
99.0063 107780
99.0394 108120
99.0729 108460
99.1066 108800
99.1561 109140
99.2068 109480
99.2576 109820
99.3083 110160
99.3594 110500
99.4107 110840
99.4621 111180
99.5135 111520
99.5652 111860
99.6172 112200
99.6692 112540
99.7212 112880
99.7735 113220
99.8262 113560
99.8788 113900
99.9315 114240
99.9844 114580
100.038 114920
100.091 115260
100.144 115600
100.198 115940
100.252 116280
100.306 116620
100.359 116960
100.414 117300
100.468 117640
100.523 117980
100.577 118320
100.632 118660
100.687 119000
100.742 119340
100.798 119680
100.853 120020
100.909 120360
100.965 120700
101.02 121040
101.087 121380
101.2 121720
101.313 122060
101.426 122400
101.539 122740
101.653 123080
101.767 123420
101.882 123760
101.996 124100
102.111 124440
102.227 124780
102.342 125120
102.458 125460
102.575 125800
102.691 126140
102.808 126480
102.926 126820
103.043 127160
103.161 127500
103.279 127840
103.398 128180
103.517 128520
103.636 128860
103.755 129200
103.875 129540
103.995 129880
104.115 130220
104.236 130560
104.357 130900
104.479 131240
104.6 131580
104.722 131920
104.844 132260
104.967 132600
105.006 94180
105.111 94520
105.126 94860
105.141 95200
105.155 95540
105.168 95880
105.181 96220
105.193 96560
105.206 96900
105.219 97240
105.232 97580
105.245 97920
105.261 98260
105.276 98600
105.291 98940
105.31 99280
105.328 99620
105.347 99960
105.365 100300
105.384 100640
105.402 100980
105.421 101320
105.444 101660
105.467 102000
105.491 102340
105.515 102680
105.539 103020
105.562 103360
105.586 103700
105.61 104040
105.634 104380
105.659 104720
105.69 105060
105.722 105400
105.755 105740
105.788 106080
105.82 106420
105.853 106760
105.886 107100
105.919 107440
105.953 107780
105.986 108120
106.019 108460
106.053 108800
106.102 109140
106.153 109480
106.204 109820
106.255 110160
106.306 110500
106.357 110840
106.409 111180
106.46 111520
106.512 111860
106.564 112200
106.616 112540
106.668 112880
106.72 113220
106.773 113560
106.825 113900
106.878 114240
106.931 114580
106.984 114920
107.037 115260
107.091 115600
107.144 115940
107.198 116280
107.252 116620
107.306 116960
107.36 117300
107.415 117640
107.469 117980
107.524 118320
107.579 118660
107.634 119000
107.689 119340
107.744 119680
107.799 120020
107.855 120360
107.911 120700
107.967 121040
108.034 121380
108.146 121720
108.259 122060
108.372 122400
108.486 122740
108.599 123080
108.714 123420
108.828 123760
108.943 124100
109.058 124440
109.173 124780
109.289 125120
109.405 125460
109.521 125800
109.638 126140
109.755 126480
109.872 126820
109.989 127160
110.107 127500
110.226 127840
110.344 128180
110.463 128520
110.582 128860
110.702 129200
110.821 129540
110.941 129880
111.062 130220
111.183 130560
111.304 130900
111.425 131240
111.547 131580
111.669 131920
111.791 132260
111.913 132600
111.952 94180
112.058 94520
112.073 94860
112.087 95200
112.102 95540
112.114 95880
112.127 96220
112.14 96560
112.154 96900
112.169 97240
112.184 97580
112.199 97920
112.214 98260
112.229 98600
112.247 98940
112.265 99280
112.284 99620
112.302 99960
112.32 100300
112.339 100640
112.358 100980
112.378 101320
112.401 101660
112.425 102000
112.448 102340
112.472 102680
112.496 103020
112.52 103360
112.544 103700
112.568 104040
112.592 104380
112.616 104720
112.64 105060
112.668 105400
112.7 105740
112.733 106080
112.766 106420
112.799 106760
112.832 107100
112.865 107440
112.898 107780
112.931 108120
112.965 108460
112.998 108800
113.048 109140
113.098 109480
113.149 109820
113.2 110160
113.251 110500
113.302 110840
113.353 111180
113.405 111520
113.457 111860
113.508 112200
113.56 112540
113.613 112880
113.665 113220
113.717 113560
113.77 113900
113.823 114240
113.876 114580
113.929 114920
113.982 115260
114.036 115600
114.089 115940
114.143 116280
114.197 116620
114.251 116960
114.305 117300
114.359 117640
114.414 117980
114.469 118320
114.524 118660
114.578 119000
114.634 119340
114.689 119680
114.745 120020
114.8 120360
114.856 120700
114.912 121040
114.977 121380
115.089 121720
115.202 122060
115.315 122400
115.429 122740
115.543 123080
115.657 123420
115.771 123760
115.886 124100
116.001 124440
116.116 124780
116.232 125120
116.348 125460
116.464 125800
116.581 126140
116.698 126480
116.815 126820
116.933 127160
117.051 127500
117.169 127840
117.287 128180
117.406 128520
117.525 128860
117.645 129200
117.765 129540
117.885 129880
118.005 130220
118.126 130560
118.247 130900
118.368 131240
118.49 131580
118.612 131920
118.734 132260
118.857 132600
118.896 94180
119.001 94520
119.016 94860
119.03 95200
119.045 95540
119.057 95880
119.07 96220
119.083 96560
119.097 96900
119.112 97240
119.127 97580
119.142 97920
119.157 98260
119.173 98600
119.19 98940
119.208 99280
119.227 99620
119.245 99960
119.264 100300
119.282 100640
119.301 100980
119.321 101320
119.345 101660
119.368 102000
119.392 102340
119.416 102680
119.439 103020
119.463 103360
119.487 103700
119.511 104040
119.535 104380
119.559 104720
119.584 105060
119.611 105400
119.643 105740
119.676 106080
119.709 106420
119.742 106760
119.775 107100
119.808 107440
119.841 107780
119.874 108120
119.908 108460
119.941 108800
119.991 109140
120.041 109480
120.092 109820
120.143 110160
120.194 110500
120.245 110840
120.297 111180
120.348 111520
120.4 111860
120.452 112200
120.504 112540
120.556 112880
120.608 113220
120.661 113560
120.713 113900
120.766 114240
120.819 114580
120.872 114920
120.925 115260
120.979 115600
121.033 115940
121.086 116280
121.14 116620
121.194 116960
121.248 117300
121.303 117640
121.357 117980
121.412 118320
121.467 118660
121.522 119000
121.577 119340
121.632 119680
121.688 120020
121.743 120360
121.799 120700
121.855 121040
121.92 121380
122.033 121720
122.145 122060
122.259 122400
122.372 122740
122.486 123080
122.6 123420
122.714 123760
122.829 124100
122.944 124440
123.06 124780
123.175 125120
123.291 125460
123.408 125800
123.524 126140
123.641 126480
123.758 126820
123.876 127160
123.994 127500
124.112 127840
124.231 128180
124.349 128520
124.469 128860
124.588 129200
124.708 129540
124.828 129880
124.948 130220
125.069 130560
125.19 130900
125.311 131240
125.433 131580
125.555 131920
125.677 132260
125.8 132600
125.839 94180
125.944 94520
125.959 94860
125.974 95200
125.988 95540
126.001 95880
126.014 96220
126.026 96560
126.039 96900
126.052 97240
126.065 97580
126.078 97920
126.093 98260
126.109 98600
126.124 98940
126.143 99280
126.161 99620
126.179 99960
126.198 100300
126.217 100640
126.235 100980
126.254 101320
126.277 101660
126.3 102000
126.324 102340
126.347 102680
126.371 103020
126.395 103360
126.419 103700
126.443 104040
126.467 104380
126.491 104720
126.523 105060
126.555 105400
126.588 105740
126.62 106080
126.653 106420
126.686 106760
126.719 107100
126.752 107440
126.786 107780
126.819 108120
126.852 108460
126.886 108800
126.935 109140
126.986 109480
127.037 109820
127.088 110160
127.139 110500
127.19 110840
127.241 111180
127.293 111520
127.344 111860
127.396 112200
127.448 112540
127.5 112880
127.553 113220
127.605 113560
127.658 113900
127.711 114240
127.764 114580
127.817 114920
127.87 115260
127.923 115600
127.977 115940
128.031 116280
128.085 116620
128.139 116960
128.193 117300
128.247 117640
128.302 117980
128.357 118320
128.411 118660
128.467 119000
128.522 119340
128.577 119680
128.632 120020
128.688 120360
128.744 120700
128.8 121040
128.867 121380
128.979 121720
129.092 122060
129.205 122400
129.318 122740
129.432 123080
129.546 123420
129.661 123760
129.776 124100
129.891 124440
130.006 124780
130.122 125120
130.238 125460
130.354 125800
130.471 126140
130.587 126480
130.705 126820
130.822 127160
130.94 127500
131.058 127840
131.177 128180
131.296 128520
131.415 128860
131.534 129200
131.654 129540
131.774 129880
131.895 130220
132.015 130560
132.136 130900
132.258 131240
132.379 131580
132.501 131920
132.624 132260
132.746 132600
132.785 94180
132.891 94520
132.905 94860
132.92 95200
132.934 95540
132.947 95880
132.96 96220
132.973 96560
132.986 96900
132.998 97240
133.011 97580
133.025 97920
133.04 98260
133.055 98600
133.071 98940
133.089 99280
133.108 99620
133.126 99960
133.144 100300
133.164 100640
133.188 100980
133.211 101320
133.235 101660
133.258 102000
133.282 102340
133.305 102680
133.329 103020
133.353 103360
133.377 103700
133.401 104040
133.425 104380
133.452 104720
133.484 105060
133.517 105400
133.55 105740
133.582 106080
133.615 106420
133.648 106760
133.681 107100
133.714 107440
133.747 107780
133.78 108120
133.814 108460
133.855 108800
133.905 109140
133.956 109480
134.006 109820
134.058 110160
134.109 110500
134.16 110840
134.211 111180
134.263 111520
134.314 111860
134.366 112200
134.418 112540
134.47 112880
134.523 113220
134.575 113560
134.628 113900
134.681 114240
134.734 114580
134.787 114920
134.84 115260
134.893 115600
134.947 115940
135.001 116280
135.055 116620
135.109 116960
135.163 117300
135.217 117640
135.272 117980
135.327 118320
135.381 118660
135.436 119000
135.491 119340
135.547 119680
135.602 120020
135.658 120360
135.714 120700
135.77 121040
135.826 121380
135.919 121720
136.032 122060
136.145 122400
136.258 122740
136.372 123080
136.486 123420
136.601 123760
136.715 124100
136.83 124440
136.946 124780
137.061 125120
137.177 125460
137.294 125800
137.41 126140
137.527 126480
137.645 126820
137.762 127160
137.88 127500
137.998 127840
138.117 128180
138.236 128520
138.355 128860
138.474 129200
138.594 129540
138.714 129880
138.834 130220
138.955 130560
139.076 130900
139.197 131240
139.319 131580
139.441 131920
139.563 132260
139.686 132600
139.725 94180
139.83 94520
139.845 94860
139.86 95200
139.874 95540
139.887 95880
139.9 96220
139.912 96560
139.927 96900
139.942 97240
139.956 97580
139.972 97920
139.987 98260
140.002 98600
140.019 98940
140.038 99280
140.056 99620
140.075 99960
140.093 100300
140.112 100640
140.13 100980
140.15 101320
140.174 101660
140.197 102000
140.221 102340
140.245 102680
140.269 103020
140.293 103360
140.316 103700
140.34 104040
140.365 104380
140.389 104720
140.413 105060
140.44 105400
140.473 105740
140.506 106080
140.538 106420
140.571 106760
140.604 107100
140.637 107440
140.67 107780
140.704 108120
140.737 108460
140.771 108800
140.82 109140
140.871 109480
140.921 109820
140.972 110160
141.023 110500
141.075 110840
141.126 111180
141.178 111520
141.229 111860
141.281 112200
141.333 112540
141.385 112880
141.438 113220
141.49 113560
141.543 113900
141.596 114240
141.648 114580
141.701 114920
141.755 115260
141.808 115600
141.862 115940
141.915 116280
141.969 116620
142.024 116960
142.078 117300
142.132 117640
142.187 117980
142.241 118320
142.296 118660
142.351 119000
142.406 119340
142.462 119680
142.517 120020
142.573 120360
142.628 120700
142.685 121040
142.749 121380
142.862 121720
142.975 122060
143.088 122400
143.201 122740
143.315 123080
143.429 123420
143.544 123760
143.659 124100
143.774 124440
143.889 124780
144.005 125120
144.121 125460
144.237 125800
144.354 126140
144.47 126480
144.588 126820
144.705 127160
144.823 127500
144.941 127840
145.06 128180
145.179 128520
145.298 128860
145.417 129200
145.537 129540
145.657 129880
145.778 130220
145.898 130560
146.019 130900
146.141 131240
146.262 131580
146.384 131920
146.507 132260
146.629 132600
146.668 94180
146.774 94520
146.788 94860
146.803 95200
146.817 95540
146.83 95880
146.843 96220
146.856 96560
146.869 96900
146.881 97240
146.894 97580
146.908 97920
146.923 98260
146.938 98600
146.954 98940
146.972 99280
146.991 99620
147.009 99960
147.027 100300
147.047 100640
147.071 100980
147.094 101320
147.118 101660
147.141 102000
147.165 102340
147.188 102680
147.212 103020
147.236 103360
147.26 103700
147.284 104040
147.308 104380
147.335 104720
147.367 105060
147.4 105400
147.433 105740
147.465 106080
147.498 106420
147.531 106760
147.564 107100
147.597 107440
147.63 107780
147.663 108120
147.697 108460
147.738 108800
147.788 109140
147.839 109480
147.889 109820
147.941 110160
147.992 110500
148.043 110840
148.094 111180
148.146 111520
148.197 111860
148.249 112200
148.301 112540
148.353 112880
148.406 113220
148.458 113560
148.511 113900
148.564 114240
148.617 114580
148.67 114920
148.723 115260
148.776 115600
148.83 115940
148.884 116280
148.937 116620
148.992 116960
149.046 117300
149.1 117640
149.155 117980
149.21 118320
149.264 118660
149.319 119000
149.374 119340
149.43 119680
149.485 120020
149.541 120360
149.597 120700
149.653 121040
149.709 121380
149.802 121720
149.915 122060
150.028 122400
150.141 122740
150.255 123080
150.369 123420
150.484 123760
150.598 124100
150.713 124440
150.829 124780
150.944 125120
151.06 125460
151.177 125800
151.293 126140
151.41 126480
151.527 126820
151.645 127160
151.763 127500
151.881 127840
152 128180
152.118 128520
152.238 128860
152.357 129200
152.477 129540
152.597 129880
152.717 130220
152.838 130560
152.959 130900
153.08 131240
153.202 131580
153.324 131920
153.446 132260
153.569 132600
153.608 94180
153.713 94520
153.728 94860
153.743 95200
153.757 95540
153.77 95880
153.783 96220
153.795 96560
153.808 96900
153.821 97240
153.834 97580
153.847 97920
153.862 98260
153.878 98600
153.893 98940
153.912 99280
153.93 99620
153.949 99960
153.967 100300
153.986 100640
154.004 100980
154.023 101320
154.046 101660
154.069 102000
154.093 102340
154.117 102680
154.14 103020
154.164 103360
154.188 103700
154.212 104040
154.236 104380
154.261 104720
154.292 105060
154.324 105400
154.357 105740
154.39 106080
154.422 106420
154.455 106760
154.488 107100
154.521 107440
154.555 107780
154.588 108120
154.621 108460
154.655 108800
154.704 109140
154.755 109480
154.806 109820
154.857 110160
154.908 110500
154.959 110840
155.01 111180
155.062 111520
155.114 111860
155.166 112200
155.218 112540
155.27 112880
155.322 113220
155.375 113560
155.427 113900
155.48 114240
155.533 114580
155.586 114920
155.639 115260
155.693 115600
155.746 115940
155.8 116280
155.854 116620
155.908 116960
155.962 117300
156.017 117640
156.071 117980
156.126 118320
156.18 118660
156.236 119000
156.291 119340
156.346 119680
156.401 120020
156.457 120360
156.513 120700
156.569 121040
156.636 121380
156.748 121720
156.861 122060
156.974 122400
157.088 122740
157.201 123080
157.316 123420
157.43 123760
157.545 124100
157.66 124440
157.775 124780
157.891 125120
158.007 125460
158.123 125800
158.24 126140
158.357 126480
158.474 126820
158.591 127160
158.709 127500
158.828 127840
158.946 128180
159.065 128520
159.184 128860
159.303 129200
159.423 129540
159.543 129880
159.664 130220
159.784 130560
159.906 130900
160.027 131240
160.149 131580
160.271 131920
160.393 132260
160.515 132600
160.554 94180
160.66 94520
160.675 94860
160.689 95200
160.704 95540
160.716 95880
160.729 96220
160.742 96560
160.756 96900
160.771 97240
160.786 97580
160.801 97920
160.816 98260
160.831 98600
160.849 98940
160.867 99280
160.885 99620
160.904 99960
160.922 100300
160.941 100640
160.96 100980
160.98 101320
161.003 101660
161.027 102000
161.05 102340
161.074 102680
161.098 103020
161.122 103360
161.146 103700
161.17 104040
161.194 104380
161.221 104720
161.253 105060
161.286 105400
161.318 105740
161.351 106080
161.384 106420
161.417 106760
161.45 107100
161.483 107440
161.516 107780
161.549 108120
161.583 108460
161.623 108800
161.674 109140
161.725 109480
161.775 109820
161.826 110160
161.877 110500
161.928 110840
161.98 111180
162.031 111520
162.083 111860
162.135 112200
162.187 112540
162.239 112880
162.291 113220
162.344 113560
162.397 113900
162.449 114240
162.502 114580
162.555 114920
162.609 115260
162.662 115600
162.716 115940
162.769 116280
162.823 116620
162.877 116960
162.931 117300
162.986 117640
163.04 117980
163.095 118320
163.15 118660
163.205 119000
163.26 119340
163.315 119680
163.371 120020
163.427 120360
163.482 120700
163.538 121040
163.594 121380
163.687 121720
163.8 122060
163.913 122400
164.027 122740
164.141 123080
164.255 123420
164.369 123760
164.484 124100
164.599 124440
164.714 124780
164.83 125120
164.946 125460
165.062 125800
165.179 126140
165.296 126480
165.413 126820
165.531 127160
165.648 127500
165.767 127840
165.885 128180
166.004 128520
166.123 128860
166.243 129200
166.362 129540
166.482 129880
166.603 130220
166.724 130560
166.845 130900
166.966 131240
167.088 131580
167.21 131920
167.332 132260
167.455 132600
167.493 94180
167.599 94520
167.614 94860
167.628 95200
167.643 95540
167.655 95880
167.668 96220
167.681 96560
167.695 96900
167.71 97240
167.725 97580
167.74 97920
167.755 98260
167.77 98600
167.788 98940
167.806 99280
167.825 99620
167.843 99960
167.861 100300
167.88 100640
167.899 100980
167.919 101320
167.942 101660
167.966 102000
167.989 102340
168.013 102680
168.037 103020
168.061 103360
168.085 103700
168.109 104040
168.133 104380
168.16 104720
168.192 105060
168.225 105400
168.257 105740
168.29 106080
168.323 106420
168.356 106760
168.389 107100
168.422 107440
168.455 107780
168.488 108120
168.522 108460
168.562 108800
168.613 109140
168.664 109480
168.714 109820
168.765 110160
168.816 110500
168.868 110840
168.919 111180
168.97 111520
169.022 111860
169.074 112200
169.126 112540
169.178 112880
169.23 113220
169.283 113560
169.336 113900
169.388 114240
169.441 114580
169.495 114920
169.548 115260
169.601 115600
169.655 115940
169.709 116280
169.762 116620
169.816 116960
169.871 117300
169.925 117640
169.98 117980
170.034 118320
170.089 118660
170.144 119000
170.199 119340
170.254 119680
170.31 120020
170.366 120360
170.422 120700
170.477 121040
170.533 121380
170.626 121720
170.739 122060
170.852 122400
170.966 122740
171.08 123080
171.194 123420
171.308 123760
171.423 124100
171.538 124440
171.653 124780
171.769 125120
171.885 125460
172.001 125800
172.118 126140
172.235 126480
172.352 126820
172.47 127160
172.588 127500
172.706 127840
172.824 128180
172.943 128520
173.062 128860
173.182 129200
173.302 129540
173.422 129880
173.542 130220
173.663 130560
173.784 130900
173.905 131240
174.027 131580
174.149 131920
174.271 132260
174.394 132600
174.433 94180
174.538 94520
174.553 94860
174.567 95200
174.582 95540
174.594 95880
174.607 96220
174.62 96560
174.634 96900
174.649 97240
174.664 97580
174.679 97920
174.694 98260
174.71 98600
174.727 98940
174.745 99280
174.764 99620
174.782 99960
174.801 100300
174.819 100640
174.838 100980
174.858 101320
174.882 101660
174.905 102000
174.929 102340
174.953 102680
174.976 103020
175 103360
175.024 103700
175.048 104040
175.072 104380
175.096 104720
175.121 105060
175.148 105400
175.18 105740
175.213 106080
175.246 106420
175.279 106760
175.312 107100
175.345 107440
175.378 107780
175.411 108120
175.445 108460
175.478 108800
175.528 109140
175.578 109480
175.629 109820
175.68 110160
175.731 110500
175.782 110840
175.834 111180
175.885 111520
175.937 111860
175.989 112200
176.041 112540
176.093 112880
176.145 113220
176.198 113560
176.25 113900
176.303 114240
176.356 114580
176.409 114920
176.462 115260
176.516 115600
176.57 115940
176.623 116280
176.677 116620
176.731 116960
176.785 117300
176.84 117640
176.894 117980
176.949 118320
177.004 118660
177.059 119000
177.114 119340
177.169 119680
177.225 120020
177.28 120360
177.336 120700
177.392 121040
177.457 121380
177.57 121720
177.682 122060
177.796 122400
177.909 122740
178.023 123080
178.137 123420
178.251 123760
178.366 124100
178.481 124440
178.597 124780
178.712 125120
178.828 125460
178.945 125800
179.061 126140
179.178 126480
179.295 126820
179.413 127160
179.531 127500
179.649 127840
179.768 128180
179.886 128520
180.005 128860
180.125 129200
180.245 129540
180.365 129880
180.485 130220
180.606 130560
180.727 130900
180.848 131240
180.97 131580
181.092 131920
181.214 132260
181.337 132600
181.376 94180
181.481 94520
181.496 94860
181.511 95200
181.525 95540
181.538 95880
181.551 96220
181.563 96560
181.576 96900
181.589 97240
181.602 97580
181.615 97920
181.63 98260
181.645 98600
181.661 98940
181.68 99280
181.698 99620
181.716 99960
181.735 100300
181.754 100640
181.772 100980
181.791 101320
181.813 101660
181.837 102000
181.861 102340
181.884 102680
181.908 103020
181.932 103360
181.956 103700
181.98 104040
182.004 104380
182.028 104720
182.06 105060
182.092 105400
182.125 105740
182.157 106080
182.19 106420
182.223 106760
182.256 107100
182.289 107440
182.323 107780
182.356 108120
182.389 108460
182.423 108800
182.472 109140
182.523 109480
182.574 109820
182.624 110160
182.676 110500
182.727 110840
182.778 111180
182.83 111520
182.881 111860
182.933 112200
182.985 112540
183.037 112880
183.09 113220
183.142 113560
183.195 113900
183.248 114240
183.301 114580
183.354 114920
183.407 115260
183.46 115600
183.514 115940
183.568 116280
183.622 116620
183.676 116960
183.73 117300
183.784 117640
183.839 117980
183.893 118320
183.948 118660
184.003 119000
184.059 119340
184.114 119680
184.169 120020
184.225 120360
184.281 120700
184.337 121040
184.403 121380
184.516 121720
184.629 122060
184.742 122400
184.855 122740
184.969 123080
185.083 123420
185.198 123760
185.313 124100
185.428 124440
185.543 124780
185.659 125120
185.775 125460
185.891 125800
186.008 126140
186.124 126480
186.242 126820
186.359 127160
186.477 127500
186.595 127840
186.714 128180
186.833 128520
186.952 128860
187.071 129200
187.191 129540
187.311 129880
187.432 130220
187.552 130560
187.673 130900
187.795 131240
187.916 131580
188.038 131920
188.161 132260
188.283 132600
188.322 94180
188.428 94520
188.442 94860
188.457 95200
188.471 95540
188.484 95880
188.497 96220
188.51 96560
188.524 96900
188.539 97240
188.554 97580
188.569 97920
188.584 98260
188.599 98600
188.616 98940
188.635 99280
188.653 99620
188.672 99960
188.69 100300
188.709 100640
188.728 100980
188.748 101320
188.771 101660
188.795 102000
188.818 102340
188.842 102680
188.866 103020
188.89 103360
188.914 103700
188.938 104040
188.962 104380
188.989 104720
189.021 105060
189.054 105400
189.086 105740
189.119 106080
189.152 106420
189.184 106760
189.218 107100
189.251 107440
189.284 107780
189.317 108120
189.351 108460
189.391 108800
189.442 109140
189.492 109480
189.543 109820
189.594 110160
189.645 110500
189.696 110840
189.748 111180
189.799 111520
189.851 111860
189.903 112200
189.955 112540
190.007 112880
190.059 113220
190.112 113560
190.164 113900
190.217 114240
190.27 114580
190.323 114920
190.377 115260
190.43 115600
190.483 115940
190.537 116280
190.591 116620
190.645 116960
190.699 117300
190.754 117640
190.808 117980
190.863 118320
190.918 118660
190.973 119000
191.028 119340
191.083 119680
191.139 120020
191.194 120360
191.25 120700
191.306 121040
191.362 121380
191.455 121720
191.568 122060
191.681 122400
191.795 122740
191.908 123080
192.022 123420
192.137 123760
192.252 124100
192.367 124440
192.482 124780
192.598 125120
192.714 125460
192.83 125800
192.947 126140
193.064 126480
193.181 126820
193.298 127160
193.416 127500
193.535 127840
193.653 128180
193.772 128520
193.891 128860
194.01 129200
194.13 129540
194.25 129880
194.371 130220
194.491 130560
194.612 130900
194.734 131240
194.856 131580
194.977 131920
195.1 132260
195.222 132600
195.261 94180
195.367 94520
195.382 94860
195.396 95200
195.411 95540
195.423 95880
195.436 96220
195.449 96560
195.462 96900
195.474 97240
195.487 97580
195.501 97920
195.516 98260
195.531 98600
195.547 98940
195.565 99280
195.584 99620
195.602 99960
195.621 100300
195.639 100640
195.658 100980
195.677 101320
195.699 101660
195.723 102000
195.746 102340
195.77 102680
195.794 103020
195.818 103360
195.841 103700
195.866 104040
195.89 104380
195.914 104720
195.945 105060
195.978 105400
196.01 105740
196.043 106080
196.076 106420
196.109 106760
196.142 107100
196.175 107440
196.208 107780
196.241 108120
196.275 108460
196.308 108800
196.358 109140
196.409 109480
196.459 109820
196.51 110160
196.561 110500
196.612 110840
196.664 111180
196.715 111520
196.767 111860
196.819 112200
196.871 112540
196.923 112880
196.975 113220
197.028 113560
197.081 113900
197.133 114240
197.186 114580
197.239 114920
197.293 115260
197.346 115600
197.399 115940
197.453 116280
197.507 116620
197.561 116960
197.615 117300
197.67 117640
197.724 117980
197.779 118320
197.834 118660
197.889 119000
197.944 119340
197.999 119680
198.055 120020
