0.001 0
0.101 0
0.201 0
0.301 903654
0.401 698653
0.501 1.35186e+06
0.601 2.14522e+06
0.701 1.8392e+06
0.801 2.75056e+06
0.901 2.82264e+06
1.001 3.57051e+06
1.101 4.17758e+06
1.201 4.68809e+06
1.301 5.6428e+06
1.401 6.01662e+06
1.501 5.61578e+06
1.601 5.26501e+06
1.701 7.22935e+06
1.801 8.86681e+06
1.901 9.30609e+06
2.001 9.70419e+06
2.101 1.00631e+07
2.201 1.03906e+07
2.301 1.06885e+07
2.401 1.09627e+07
2.501 1.12139e+07
2.601 1.14468e+07
2.701 1.16615e+07
2.801 1.18618e+07
2.901 1.20473e+07
3.001 1.22214e+07
3.101 1.23834e+07
3.201 1.25361e+07
3.301 1.26788e+07
3.401 1.28138e+07
3.501 1.29404e+07
3.601 1.30607e+07
3.701 1.31737e+07
3.801 1.32816e+07
3.901 1.33832e+07
4.001 1.34803e+07
4.101 1.35721e+07
4.201 1.36602e+07
4.301 1.37436e+07
4.401 1.38237e+07
4.501 1.39003e+07
4.601 1.3973e+07
4.701 1.40432e+07
4.801 1.41099e+07
4.901 1.41744e+07
5.001 1.42358e+07
5.101 1.42953e+07
5.201 1.4352e+07
5.301 1.44071e+07
5.401 1.44597e+07
5.501 1.45108e+07
5.601 1.45596e+07
5.701 1.46072e+07
5.801 1.46526e+07
5.901 1.4697e+07
6.001 1.47395e+07
6.101 1.4781e+07
6.201 1.48207e+07
6.301 1.48596e+07
6.401 1.48969e+07
6.501 1.49334e+07
6.601 1.49684e+07
6.701 1.50028e+07
6.801 1.50358e+07
6.901 1.50682e+07
7.001 1.50993e+07
7.101 1.51299e+07
7.201 1.51596e+07
7.301 1.51882e+07
7.401 1.52163e+07
7.501 1.52434e+07
7.601 1.52701e+07
7.701 1.52957e+07
7.801 1.53211e+07
7.901 1.53454e+07
8.001 1.53695e+07
8.101 1.53926e+07
8.201 1.54155e+07
8.301 1.54376e+07
8.401 1.54594e+07
8.501 1.54804e+07
8.601 1.55012e+07
8.701 1.55213e+07
8.801 1.55412e+07
8.901 1.55603e+07
9.001 1.55793e+07
9.101 1.55976e+07
9.201 1.56158e+07
9.301 1.56333e+07
9.401 1.56508e+07
9.501 1.56676e+07
9.601 1.56843e+07
9.701 1.57004e+07
9.801 1.57164e+07
9.901 1.57318e+07
10.001 1.57472e+07
10.101 1.57623e+07
10.201 1.57769e+07
10.301 1.57914e+07
10.401 1.58053e+07
10.501 1.58193e+07
10.601 1.58328e+07
10.701 1.58462e+07
10.801 1.58592e+07
10.901 1.58721e+07
11.001 1.58846e+07
11.101 1.58971e+07
11.201 1.59091e+07
11.301 1.59212e+07
11.401 1.59328e+07
11.501 1.59444e+07
11.601 1.59556e+07
11.701 1.59669e+07
11.801 1.59777e+07
11.901 1.59886e+07
12.001 1.59991e+07
12.101 1.60096e+07
12.201 1.60197e+07
12.301 1.60299e+07
12.401 1.60397e+07
12.501 1.60495e+07
12.601 1.6059e+07
12.701 1.60686e+07
12.801 1.60778e+07
12.901 1.6087e+07
13.001 1.60961e+07
13.101 1.61049e+07
13.201 1.61137e+07
13.301 1.61223e+07
13.401 1.61308e+07
13.501 1.61391e+07
13.601 1.61474e+07
13.701 1.61554e+07
13.801 1.61635e+07
13.901 1.61713e+07
14.001 1.61792e+07
14.101 1.61867e+07
14.201 1.61944e+07
14.301 1.62017e+07
14.401 1.62091e+07
14.501 1.62163e+07
14.601 1.62235e+07
14.701 1.62304e+07
14.801 1.62375e+07
14.901 1.62442e+07
15.001 1.62511e+07
15.101 1.62577e+07
15.201 1.62644e+07
15.301 1.62708e+07
15.401 1.62773e+07
15.501 1.62835e+07
15.601 1.62898e+07
15.701 1.62961e+07
15.801 1.63021e+07
15.901 1.63082e+07
16.001 1.63141e+07
16.101 1.632e+07
16.201 1.63257e+07
16.301 1.63315e+07
16.401 1.63371e+07
16.501 1.63427e+07
16.601 1.63482e+07
16.701 1.63537e+07
16.801 1.6359e+07
16.901 1.63644e+07
17.001 1.63696e+07
17.101 1.63749e+07
17.201 1.63799e+07
17.301 1.63851e+07
17.401 1.639e+07
17.501 1.63951e+07
17.601 1.63999e+07
17.701 1.64048e+07
17.801 1.64095e+07
17.901 1.64144e+07
18.001 1.6419e+07
18.101 1.64237e+07
18.201 1.64282e+07
18.301 1.64328e+07
18.401 1.64372e+07
18.501 1.64417e+07
18.601 1.64462e+07
18.701 1.64505e+07
18.801 1.64548e+07
18.901 1.6459e+07
19.001 1.64633e+07
19.101 1.64674e+07
19.201 1.64716e+07
19.301 1.64756e+07
19.401 1.64797e+07
19.501 1.64836e+07
19.601 1.64876e+07
19.701 1.64915e+07
19.801 1.64954e+07
19.901 1.64992e+07
20.001 1.6503e+07
20.101 1.65067e+07
20.201 1.65105e+07
20.301 1.65141e+07
20.401 1.65179e+07
20.501 1.65214e+07
20.601 1.6525e+07
20.701 1.65285e+07
20.801 1.65321e+07
20.901 1.65355e+07
21.001 1.6539e+07
21.101 1.65424e+07
21.201 1.65458e+07
21.301 1.65492e+07
21.401 1.65525e+07
21.501 1.65558e+07
21.601 1.6559e+07
21.701 1.65345e+07
21.801 1.64586e+07
21.901 1.65445e+07
22.001 1.65477e+07
22.101 1.65271e+07
22.201 1.65067e+07
22.301 1.651e+07
22.401 1.649e+07
22.501 1.64844e+07
22.601 1.64736e+07
22.701 1.64541e+07
22.801 1.64575e+07
22.901 1.64395e+07
23.001 1.64226e+07
23.101 1.64262e+07
23.201 1.64105e+07
23.301 1.64107e+07
23.401 1.63994e+07
23.501 1.63857e+07
23.601 1.63894e+07
23.701 1.63767e+07
23.801 1.63659e+07
23.901 1.63687e+07
24.001 1.6358e+07
24.101 1.63616e+07
24.201 1.63519e+07
24.301 1.63431e+07
24.401 1.63468e+07
24.501 1.63389e+07
24.601 1.63338e+07
24.701 1.63355e+07
24.801 1.63294e+07
24.901 1.63331e+07
25.001 1.63278e+07
25.101 1.63235e+07
25.201 1.63271e+07
25.301 1.63235e+07
25.401 1.63239e+07
25.501 1.63244e+07
25.601 1.63224e+07
25.701 1.63261e+07
25.801 1.63248e+07
25.901 1.63245e+07
26.001 1.63281e+07
26.101 1.63284e+07
26.201 1.6332e+07
26.301 1.63331e+07
26.401 1.6335e+07
26.501 1.63386e+07
26.601 1.63412e+07
26.701 1.63446e+07
26.801 1.63479e+07
26.901 1.63513e+07
27.001 1.63547e+07
27.101 1.6358e+07
27.201 1.63614e+07
27.301 1.63646e+07
27.401 1.63679e+07
27.501 1.63711e+07
27.601 1.63744e+07
27.701 1.63775e+07
27.801 1.63808e+07
27.901 1.63839e+07
28.001 1.6387e+07
28.101 1.63901e+07
28.201 1.63932e+07
28.301 1.63962e+07
28.401 1.63993e+07
28.501 1.64023e+07
28.601 1.64053e+07
28.701 1.64082e+07
28.801 1.64112e+07
28.901 1.64141e+07
29.001 1.64171e+07
29.101 1.64199e+07
29.201 1.64228e+07
29.301 1.64256e+07
29.401 1.64285e+07
29.501 1.64313e+07
29.601 1.64341e+07
29.701 1.64369e+07
29.801 1.64397e+07
29.901 1.64424e+07
30.001 1.64451e+07
30.101 1.64479e+07
30.201 1.64505e+07
30.301 1.64532e+07
30.401 1.64558e+07
30.501 1.64585e+07
30.601 1.64611e+07
30.701 1.64637e+07
30.801 1.64662e+07
30.901 1.64688e+07
31.001 1.64713e+07
31.101 1.64739e+07
31.201 1.64764e+07
31.301 1.64789e+07
31.401 1.64814e+07
31.501 1.64839e+07
31.601 1.64863e+07
31.701 1.64888e+07
31.801 1.64911e+07
31.901 1.64936e+07
32.001 1.64959e+07
32.101 1.64984e+07
32.201 1.65007e+07
32.301 1.65031e+07
32.401 1.65054e+07
32.501 1.65077e+07
32.601 1.651e+07
32.701 1.65123e+07
32.801 1.65146e+07
32.901 1.65168e+07
33.001 1.65191e+07
33.101 1.65213e+07
33.201 1.65236e+07
33.301 1.65257e+07
33.401 1.6528e+07
33.501 1.65301e+07
33.601 1.65323e+07
33.701 1.65344e+07
33.801 1.65366e+07
33.901 1.65387e+07
34.001 1.65409e+07
34.101 1.65429e+07
34.201 1.65451e+07
34.301 1.65471e+07
34.401 1.65492e+07
34.501 1.65512e+07
34.601 1.65533e+07
34.701 1.65553e+07
34.801 1.65574e+07
34.901 1.65593e+07
35.001 1.65614e+07
35.101 1.65633e+07
35.201 1.65653e+07
35.301 1.65673e+07
35.401 1.65692e+07
35.501 1.65712e+07
35.601 1.65731e+07
35.701 1.65751e+07
35.801 1.65769e+07
35.901 1.65789e+07
36.001 1.65807e+07
36.101 1.65826e+07
36.201 1.65845e+07
36.301 1.65864e+07
36.401 1.65882e+07
36.501 1.65901e+07
36.601 1.65918e+07
36.701 1.65937e+07
36.801 1.65955e+07
36.901 1.65973e+07
37.001 1.6599e+07
37.101 1.66009e+07
37.201 1.66026e+07
37.301 1.66044e+07
37.401 1.66061e+07
37.501 1.66079e+07
37.601 1.66096e+07
37.701 1.66113e+07
37.801 1.6613e+07
37.901 1.66147e+07
38.001 1.66164e+07
38.101 1.66181e+07
38.201 1.66198e+07
38.301 1.66215e+07
38.401 1.66232e+07
38.501 1.66248e+07
38.601 1.66265e+07
38.701 1.6628e+07
38.801 1.66297e+07
38.901 1.66313e+07
39.001 1.66329e+07
39.101 1.66345e+07
39.201 1.66361e+07
39.301 1.66377e+07
39.401 1.66393e+07
39.501 1.66408e+07
39.601 1.66424e+07
39.701 1.66439e+07
39.801 1.66455e+07
39.901 1.6647e+07
40.001 1.66486e+07
40.101 1.66501e+07
40.201 1.66516e+07
40.301 1.66531e+07
40.401 1.66546e+07
40.501 1.66561e+07
40.601 1.66576e+07
40.701 1.6659e+07
40.801 1.66605e+07
40.901 1.6662e+07
41.001 1.66634e+07
41.101 1.66649e+07
41.201 1.66663e+07
41.301 1.66678e+07
41.401 1.66692e+07
41.501 1.66706e+07
41.601 1.6672e+07
41.701 1.66735e+07
41.801 1.66748e+07
41.901 1.66763e+07
42.001 1.66776e+07
42.101 1.6679e+07
42.201 1.66804e+07
42.301 1.66818e+07
42.401 1.66831e+07
42.501 1.66845e+07
42.601 1.66858e+07
42.701 1.66872e+07
42.801 1.66885e+07
42.901 1.66898e+07
43.001 1.66911e+07
43.101 1.66925e+07
43.201 1.66937e+07
43.301 1.66951e+07
43.401 1.66963e+07
43.501 1.66977e+07
43.601 1.66989e+07
43.701 1.67002e+07
43.801 1.67015e+07
43.901 1.67028e+07
44.001 1.67041e+07
44.101 1.67053e+07
44.201 1.67066e+07
44.301 1.67078e+07
44.401 1.67091e+07
44.501 1.67103e+07
44.601 1.67115e+07
44.701 1.67127e+07
44.801 1.6714e+07
44.901 1.67151e+07
45.001 1.67164e+07
45.101 1.67176e+07
45.201 1.67188e+07
45.301 1.67199e+07
45.401 1.67212e+07
45.501 1.67223e+07
45.601 1.67235e+07
45.701 1.67247e+07
45.801 1.67259e+07
45.901 1.6727e+07
46.001 1.67282e+07
46.101 1.67293e+07
46.201 1.67305e+07
46.301 1.67316e+07
46.401 1.67327e+07
46.501 1.67338e+07
46.601 1.6735e+07
46.701 1.67361e+07
46.801 1.67372e+07
46.901 1.67384e+07
47.001 1.67394e+07
47.101 1.67406e+07
47.201 1.67416e+07
47.301 1.67428e+07
47.401 1.67438e+07
47.501 1.67449e+07
47.601 1.6746e+07
47.701 1.67471e+07
47.801 1.67481e+07
47.901 1.67492e+07
48.001 1.67503e+07
48.101 1.67369e+07
48.201 1.67021e+07
48.301 1.67425e+07
48.401 1.67436e+07
48.501 1.67338e+07
48.601 1.6724e+07
48.701 1.67251e+07
48.801 1.67155e+07
48.901 1.67105e+07
49.001 1.6707e+07
49.101 1.66975e+07
49.201 1.66986e+07
49.301 1.66897e+07
49.401 1.66814e+07
49.501 1.66825e+07
49.601 1.66746e+07
49.701 1.66723e+07
49.801 1.66683e+07
49.901 1.66614e+07
50.001 1.66625e+07
50.101 1.6656e+07
50.201 1.66499e+07
50.301 1.66511e+07
50.401 1.66454e+07
50.501 1.66459e+07
50.601 1.66414e+07
50.701 1.66366e+07
50.801 1.66378e+07
50.901 1.66334e+07
51.001 1.66294e+07
51.101 1.66306e+07
51.201 1.66271e+07
51.301 1.66284e+07
51.401 1.66252e+07
51.501 1.66225e+07
51.601 1.66237e+07
51.701 1.66214e+07
51.801 1.66194e+07
51.901 1.66206e+07
52.001 1.66191e+07
52.101 1.66203e+07
52.201 1.66191e+07
52.301 1.66184e+07
52.401 1.66197e+07
52.501 1.66192e+07
52.601 1.66196e+07
52.701 1.66205e+07
52.801 1.66209e+07
52.901 1.66221e+07
53.001 1.66229e+07
53.101 1.66241e+07
53.201 1.66253e+07
53.301 1.66264e+07
53.401 1.66276e+07
53.501 1.66288e+07
53.601 1.663e+07
53.701 1.66311e+07
53.801 1.66323e+07
53.901 1.66335e+07
54.001 1.66347e+07
54.101 1.66358e+07
54.201 1.6637e+07
54.301 1.66381e+07
54.401 1.66392e+07
54.501 1.66404e+07
54.601 1.66415e+07
54.701 1.66426e+07
54.801 1.66438e+07
54.901 1.66449e+07
55.001 1.6646e+07
55.101 1.66471e+07
55.201 1.66482e+07
55.301 1.66493e+07
55.401 1.66504e+07
55.501 1.66515e+07
55.601 1.66526e+07
55.701 1.66537e+07
55.801 1.66548e+07
55.901 1.66559e+07
56.001 1.66569e+07
56.101 1.6658e+07
56.201 1.66591e+07
56.301 1.66602e+07
56.401 1.66612e+07
56.501 1.66623e+07
56.601 1.66633e+07
56.701 1.66644e+07
56.801 1.66654e+07
56.901 1.66665e+07
57.001 1.66675e+07
57.101 1.66685e+07
57.201 1.66696e+07
57.301 1.66706e+07
57.401 1.66716e+07
57.501 1.66726e+07
57.601 1.66736e+07
57.701 1.66747e+07
57.801 1.66757e+07
57.901 1.66767e+07
58.001 1.66777e+07
58.101 1.66787e+07
58.201 1.66797e+07
58.301 1.66807e+07
58.401 1.66817e+07
58.501 1.66827e+07
58.601 1.66837e+07
58.701 1.66846e+07
58.801 1.66856e+07
58.901 1.66866e+07
59.001 1.66876e+07
59.101 1.66885e+07
59.201 1.66895e+07
59.301 1.66904e+07
59.401 1.66914e+07
59.501 1.66923e+07
59.601 1.66933e+07
59.701 1.66942e+07
59.801 1.66952e+07
59.901 1.66961e+07
60.001 1.66971e+07
60.101 1.6698e+07
60.201 1.66989e+07
60.301 1.66998e+07
60.401 1.67008e+07
60.501 1.67017e+07
60.601 1.67026e+07
60.701 1.67035e+07
60.801 1.67045e+07
60.901 1.67053e+07
61.001 1.67063e+07
61.101 1.67072e+07
61.201 1.67081e+07
61.301 1.6709e+07
61.401 1.67099e+07
61.501 1.67108e+07
61.601 1.67117e+07
61.701 1.67126e+07
61.801 1.67134e+07
61.901 1.67143e+07
62.001 1.67152e+07
62.101 1.67161e+07
62.201 1.67169e+07
62.301 1.67178e+07
62.401 1.67187e+07
62.501 1.67196e+07
62.601 1.67204e+07
62.701 1.67213e+07
62.801 1.67221e+07
62.901 1.6723e+07
63.001 1.67238e+07
63.101 1.67247e+07
63.201 1.67255e+07
63.301 1.67264e+07
63.401 1.67272e+07
63.501 1.6728e+07
63.601 1.67288e+07
63.701 1.67297e+07
63.801 1.67305e+07
63.901 1.67314e+07
64.001 1.67322e+07
64.101 1.6733e+07
64.201 1.67338e+07
64.301 1.67346e+07
64.401 1.67355e+07
64.501 1.67363e+07
64.601 1.67371e+07
64.701 1.67379e+07
64.801 1.67387e+07
64.901 1.67395e+07
65.001 1.67403e+07
65.101 1.67411e+07
65.201 1.67419e+07
65.301 1.67427e+07
65.401 1.67435e+07
65.501 1.67442e+07
65.601 1.6745e+07
65.701 1.67458e+07
65.801 1.67466e+07
65.901 1.67474e+07
66.001 1.67481e+07
66.101 1.67489e+07
66.201 1.67497e+07
66.301 1.67504e+07
66.401 1.67512e+07
66.501 1.6752e+07
66.601 1.67527e+07
66.701 1.67535e+07
66.801 1.67543e+07
66.901 1.6755e+07
67.001 1.67558e+07
67.101 1.67565e+07
67.201 1.67573e+07
67.301 1.6758e+07
67.401 1.67587e+07
67.501 1.67595e+07
67.601 1.67602e+07
67.701 1.6761e+07
67.801 1.67617e+07
67.901 1.67624e+07
68.001 1.67632e+07
68.101 1.67639e+07
68.201 1.67646e+07
68.301 1.67653e+07
68.401 1.6766e+07
68.501 1.67668e+07
68.601 1.67675e+07
68.701 1.67682e+07
68.801 1.67689e+07
68.901 1.67696e+07
69.001 1.67703e+07
69.101 1.67711e+07
69.201 1.67717e+07
69.301 1.67725e+07
69.401 1.67731e+07
69.501 1.67739e+07
69.601 1.67746e+07
69.701 1.67753e+07
69.801 1.6776e+07
69.901 1.67766e+07
70.001 1.67773e+07
70.101 1.6778e+07
70.201 1.67787e+07
70.301 1.67794e+07
70.401 1.67801e+07
70.501 1.67807e+07
70.601 1.67814e+07
70.701 1.67821e+07
70.801 1.67828e+07
70.901 1.67834e+07
71.001 1.67841e+07
71.101 1.67848e+07
71.201 1.67854e+07
71.301 1.67861e+07
71.401 1.67868e+07
71.501 1.67874e+07
71.601 1.67881e+07
71.701 1.67887e+07
71.801 1.67894e+07
71.901 1.679e+07
72.001 1.67907e+07
72.101 1.67913e+07
72.201 1.6792e+07
72.301 1.67926e+07
72.401 1.67933e+07
72.501 1.67939e+07
72.601 1.67946e+07
72.701 1.67952e+07
72.801 1.67958e+07
72.901 1.67965e+07
73.001 1.67971e+07
73.101 1.67978e+07
73.201 1.67984e+07
73.301 1.6799e+07
73.401 1.67996e+07
73.501 1.68003e+07
73.601 1.68009e+07
73.701 1.68015e+07
73.801 1.68021e+07
73.901 1.68027e+07
74.001 1.68033e+07
74.101 1.6804e+07
74.201 1.68046e+07
74.301 1.68052e+07
74.401 1.68058e+07
74.501 1.67958e+07
74.601 1.67733e+07
74.701 1.68006e+07
74.801 1.68004e+07
74.901 1.67947e+07
75.001 1.67883e+07
75.101 1.67889e+07
75.201 1.67826e+07
75.301 1.67781e+07
75.401 1.67769e+07
75.501 1.67706e+07
75.601 1.67713e+07
75.701 1.67654e+07
75.801 1.67599e+07
75.901 1.67605e+07
76.001 1.67553e+07
76.101 1.67524e+07
76.201 1.67509e+07
76.301 1.67463e+07
76.401 1.6747e+07
76.501 1.67425e+07
76.601 1.67384e+07
76.701 1.67391e+07
76.801 1.67353e+07
76.901 1.67342e+07
77.001 1.67324e+07
77.101 1.67291e+07
77.201 1.67298e+07
77.301 1.67268e+07
77.401 1.6724e+07
77.501 1.67247e+07
77.601 1.67222e+07
77.701 1.67229e+07
77.801 1.67207e+07
77.901 1.67188e+07
78.001 1.67195e+07
78.101 1.67178e+07
78.201 1.67164e+07
78.301 1.67171e+07
78.401 1.6716e+07
78.501 1.67167e+07
78.601 1.67158e+07
78.701 1.67151e+07
78.801 1.67158e+07
78.901 1.67154e+07
79.001 1.67154e+07
79.101 1.67161e+07
79.201 1.67162e+07
79.301 1.67169e+07
79.401 1.67173e+07
79.501 1.67179e+07
79.601 1.67186e+07
79.701 1.67193e+07
79.801 1.672e+07
79.901 1.67206e+07
80.001 1.67213e+07
80.101 1.6722e+07
80.201 1.67227e+07
80.301 1.67233e+07
80.401 1.6724e+07
80.501 1.67246e+07
80.601 1.67253e+07
80.701 1.6726e+07
80.801 1.67266e+07
80.901 1.67273e+07
81.001 1.6728e+07
81.101 1.67286e+07
81.201 1.67293e+07
81.301 1.67299e+07
81.401 1.67306e+07
81.501 1.67312e+07
81.601 1.67319e+07
81.701 1.67325e+07
81.801 1.67331e+07
81.901 1.67338e+07
82.001 1.67344e+07
82.101 1.67351e+07
82.201 1.67357e+07
82.301 1.67364e+07
82.401 1.6737e+07
82.501 1.67376e+07
82.601 1.67382e+07
82.701 1.67389e+07
82.801 1.67395e+07
82.901 1.67401e+07
83.001 1.67407e+07
83.101 1.67414e+07
83.201 1.6742e+07
83.301 1.67426e+07
83.401 1.67432e+07
83.501 1.67439e+07
83.601 1.67445e+07
83.701 1.67451e+07
83.801 1.67457e+07
83.901 1.67463e+07
84.001 1.67469e+07
84.101 1.67475e+07
84.201 1.67482e+07
84.301 1.67487e+07
84.401 1.67494e+07
84.501 1.67499e+07
84.601 1.67506e+07
84.701 1.67511e+07
84.801 1.67518e+07
84.901 1.67523e+07
85.001 1.6753e+07
85.101 1.67535e+07
85.201 1.67541e+07
85.301 1.67547e+07
85.401 1.67553e+07
85.501 1.67559e+07
85.601 1.67565e+07
85.701 1.67571e+07
85.801 1.67577e+07
85.901 1.67582e+07
86.001 1.67588e+07
86.101 1.67594e+07
86.201 1.676e+07
86.301 1.67606e+07
86.401 1.67611e+07
86.501 1.67617e+07
86.601 1.67623e+07
86.701 1.67629e+07
86.801 1.67634e+07
86.901 1.6764e+07
87.001 1.67646e+07
87.101 1.67652e+07
87.201 1.67657e+07
87.301 1.67663e+07
87.401 1.67668e+07
87.501 1.67674e+07
87.601 1.6768e+07
87.701 1.67685e+07
87.801 1.67691e+07
87.901 1.67696e+07
88.001 1.67702e+07
88.101 1.67708e+07
88.201 1.67713e+07
88.301 1.67719e+07
88.401 1.67724e+07
88.501 1.6773e+07
88.601 1.67735e+07
88.701 1.67741e+07
88.801 1.67746e+07
88.901 1.67751e+07
89.001 1.67757e+07
89.101 1.67762e+07
89.201 1.67768e+07
89.301 1.67773e+07
89.401 1.67779e+07
89.501 1.67784e+07
89.601 1.67789e+07
89.701 1.67795e+07
89.801 1.678e+07
89.901 1.67805e+07
90.001 1.67811e+07
90.101 1.67816e+07
90.201 1.67821e+07
90.301 1.67826e+07
90.401 1.67832e+07
90.501 1.67837e+07
90.601 1.67842e+07
90.701 1.67847e+07
90.801 1.67853e+07
90.901 1.67858e+07
91.001 1.67863e+07
91.101 1.67868e+07
91.201 1.67873e+07
91.301 1.67878e+07
91.401 1.67884e+07
91.501 1.67889e+07
91.601 1.67894e+07
91.701 1.67899e+07
91.801 1.67904e+07
91.901 1.67909e+07
92.001 1.67914e+07
92.101 1.67919e+07
92.201 1.67925e+07
92.301 1.6793e+07
92.401 1.67935e+07
92.501 1.6794e+07
92.601 1.67945e+07
92.701 1.6795e+07
92.801 1.67955e+07
92.901 1.6796e+07
93.001 1.67965e+07
93.101 1.6797e+07
93.201 1.67975e+07
93.301 1.6798e+07
93.401 1.67984e+07
93.501 1.67989e+07
93.601 1.67994e+07
93.701 1.67999e+07
93.801 1.68004e+07
93.901 1.68009e+07
94.001 1.68014e+07
94.101 1.68019e+07
94.201 1.68023e+07
94.301 1.68028e+07
94.401 1.68033e+07
94.501 1.68038e+07
94.601 1.68043e+07
94.701 1.68048e+07
94.801 1.68052e+07
94.901 1.68057e+07
95.001 1.68062e+07
95.101 1.68067e+07
95.201 1.68072e+07
95.301 1.68076e+07
95.401 1.68081e+07
95.501 1.68086e+07
95.601 1.68091e+07
95.701 1.68095e+07
95.801 1.681e+07
95.901 1.68104e+07
96.001 1.68109e+07
96.101 1.68114e+07
96.201 1.68119e+07
96.301 1.68123e+07
96.401 1.68128e+07
96.501 1.68132e+07
96.601 1.68137e+07
96.701 1.68142e+07
96.801 1.68146e+07
96.901 1.68151e+07
97.001 1.68155e+07
97.101 1.6816e+07
97.201 1.68165e+07
97.301 1.68169e+07
97.401 1.68174e+07
97.501 1.68178e+07
97.601 1.68183e+07
97.701 1.68187e+07
97.801 1.68192e+07
97.901 1.68196e+07
98.001 1.68201e+07
98.101 1.68205e+07
98.201 1.6821e+07
98.301 1.68214e+07
98.401 1.68218e+07
98.501 1.68223e+07
98.601 1.68227e+07
98.701 1.68232e+07
98.801 1.68236e+07
98.901 1.68241e+07
99.001 1.68245e+07
99.101 1.68249e+07
99.201 1.68254e+07
99.301 1.68258e+07
99.401 1.68262e+07
99.501 1.68267e+07
99.601 1.68271e+07
99.701 1.68275e+07
99.801 1.6828e+07
99.901 1.68284e+07
100.001 1.68288e+07
100.101 1.68293e+07
100.201 1.68297e+07
100.301 1.68301e+07
100.401 1.68305e+07
100.501 1.6831e+07
100.601 1.68314e+07
100.701 1.68318e+07
100.801 1.68323e+07
100.901 1.68239e+07
101.001 1.68073e+07
101.101 1.68283e+07
101.201 1.68272e+07
101.301 1.68239e+07
101.401 1.68192e+07
101.501 1.68196e+07
101.601 1.68149e+07
101.701 1.68106e+07
101.801 1.68106e+07
101.901 1.68059e+07
102.001 1.68054e+07
102.101 1.68019e+07
102.201 1.67978e+07
102.301 1.67983e+07
102.401 1.67943e+07
102.501 1.67913e+07
102.601 1.67911e+07
102.701 1.67875e+07
102.801 1.6788e+07
102.901 1.67847e+07
103.001 1.67816e+07
103.101 1.67821e+07
103.201 1.67791e+07
103.301 1.67774e+07
103.401 1.67769e+07
103.501 1.67744e+07
103.601 1.67749e+07
103.701 1.67726e+07
103.801 1.67705e+07
103.901 1.6771e+07
104.001 1.67691e+07
104.101 1.67687e+07
104.201 1.67679e+07
104.301 1.67664e+07
104.401 1.67669e+07
104.501 1.67656e+07
104.601 1.67645e+07
104.701 1.67649e+07
104.801 1.6764e+07
104.901 1.67645e+07
105.001 1.67638e+07
105.101 1.67633e+07
105.201 1.67638e+07
105.301 1.67634e+07
105.401 1.67633e+07
105.501 1.67638e+07
105.601 1.67638e+07
105.701 1.67643e+07
105.801 1.67646e+07
105.901 1.6765e+07
106.001 1.67655e+07
106.101 1.67659e+07
106.201 1.67664e+07
106.301 1.67669e+07
106.401 1.67673e+07
106.501 1.67678e+07
106.601 1.67683e+07
106.701 1.67687e+07
106.801 1.67692e+07
106.901 1.67696e+07
107.001 1.67701e+07
107.101 1.67706e+07
107.201 1.6771e+07
107.301 1.67715e+07
107.401 1.67719e+07
107.501 1.67724e+07
107.601 1.67728e+07
107.701 1.67733e+07
107.801 1.67737e+07
107.901 1.67742e+07
108.001 1.67746e+07
108.101 1.67751e+07
108.201 1.67755e+07
108.301 1.6776e+07
108.401 1.67764e+07
108.501 1.67769e+07
108.601 1.67773e+07
108.701 1.67777e+07
108.801 1.67782e+07
108.901 1.67786e+07
109.001 1.67791e+07
109.101 1.67795e+07
109.201 1.67799e+07
109.301 1.67804e+07
109.401 1.67808e+07
109.501 1.67813e+07
109.601 1.67817e+07
109.701 1.67821e+07
109.801 1.67826e+07
109.901 1.6783e+07
110.001 1.67834e+07
110.101 1.67839e+07
110.201 1.67843e+07
110.301 1.67847e+07
110.401 1.67852e+07
110.501 1.67856e+07
110.601 1.6786e+07
110.701 1.67864e+07
110.801 1.67869e+07
110.901 1.67873e+07
111.001 1.67877e+07
111.101 1.67881e+07
111.201 1.67886e+07
111.301 1.6789e+07
111.401 1.67894e+07
111.501 1.67898e+07
111.601 1.67902e+07
111.701 1.67907e+07
111.801 1.67911e+07
111.901 1.67915e+07
112.001 1.67919e+07
112.101 1.67923e+07
112.201 1.67927e+07
112.301 1.67932e+07
112.401 1.67936e+07
112.501 1.6794e+07
112.601 1.67944e+07
112.701 1.67948e+07
112.801 1.67952e+07
112.901 1.67956e+07
113.001 1.6796e+07
113.101 1.67965e+07
113.201 1.67969e+07
113.301 1.67973e+07
113.401 1.67977e+07
113.501 1.67981e+07
113.601 1.67985e+07
113.701 1.67989e+07
113.801 1.67993e+07
113.901 1.67997e+07
114.001 1.68001e+07
114.101 1.68005e+07
114.201 1.68009e+07
114.301 1.68013e+07
114.401 1.68017e+07
114.501 1.68021e+07
114.601 1.68025e+07
114.701 1.68029e+07
114.801 1.68033e+07
114.901 1.68037e+07
115.001 1.68041e+07
115.101 1.68045e+07
115.201 1.68049e+07
115.301 1.68053e+07
115.401 1.68057e+07
115.501 1.68061e+07
115.601 1.68065e+07
115.701 1.68068e+07
115.801 1.68072e+07
115.901 1.68076e+07
116.001 1.6808e+07
116.101 1.68084e+07
116.201 1.68088e+07
116.301 1.68092e+07
116.401 1.68096e+07
116.501 1.68099e+07
116.601 1.68103e+07
116.701 1.68107e+07
116.801 1.68111e+07
116.901 1.68115e+07
117.001 1.68119e+07
117.101 1.68122e+07
117.201 1.68126e+07
117.301 1.6813e+07
117.401 1.68134e+07
117.501 1.68138e+07
117.601 1.68142e+07
117.701 1.68145e+07
117.801 1.68149e+07
117.901 1.68153e+07
118.001 1.68157e+07
118.101 1.6816e+07
118.201 1.68164e+07
118.301 1.68168e+07
118.401 1.68172e+07
118.501 1.68175e+07
118.601 1.68179e+07
118.701 1.68183e+07
118.801 1.68186e+07
118.901 1.6819e+07
119.001 1.68194e+07
119.101 1.68198e+07
119.201 1.68201e+07
119.301 1.68205e+07
119.401 1.68208e+07
119.501 1.68212e+07
119.601 1.68216e+07
119.701 1.6822e+07
119.801 1.68223e+07
119.901 1.68227e+07
120.001 1.6823e+07
120.101 1.68234e+07
120.201 1.68238e+07
120.301 1.68241e+07
120.401 1.68245e+07
120.501 1.68249e+07
120.601 1.68252e+07
120.701 1.68256e+07
120.801 1.68259e+07
120.901 1.68263e+07
121.001 1.68267e+07
121.101 1.6827e+07
121.201 1.68274e+07
121.301 1.68277e+07
121.401 1.68281e+07
121.501 1.68284e+07
121.601 1.68288e+07
121.701 1.68291e+07
121.801 1.68295e+07
121.901 1.68298e+07
122.001 1.68302e+07
122.101 1.68305e+07
122.201 1.68309e+07
122.301 1.68312e+07
122.401 1.68316e+07
122.501 1.68319e+07
122.601 1.68323e+07
122.701 1.68326e+07
122.801 1.6833e+07
122.901 1.68333e+07
123.001 1.68337e+07
123.101 1.6834e+07
123.201 1.68344e+07
123.301 1.68347e+07
123.401 1.68351e+07
123.501 1.68354e+07
123.601 1.68357e+07
123.701 1.68361e+07
123.801 1.68364e+07
123.901 1.68368e+07
124.001 1.68371e+07
124.101 1.68375e+07
124.201 1.68378e+07
124.301 1.68381e+07
124.401 1.68385e+07
124.501 1.68388e+07
124.601 1.68391e+07
124.701 1.68395e+07
124.801 1.68398e+07
124.901 1.68401e+07
125.001 1.68405e+07
125.101 1.68408e+07
125.201 1.68411e+07
125.301 1.68415e+07
125.401 1.68418e+07
125.501 1.68421e+07
125.601 1.68425e+07
125.701 1.68428e+07
125.801 1.68431e+07
125.901 1.68435e+07
126.001 1.68438e+07
126.101 1.68441e+07
126.201 1.68445e+07
126.301 1.68448e+07
126.401 1.68451e+07
126.501 1.68454e+07
126.601 1.68458e+07
126.701 1.68461e+07
126.801 1.68464e+07
126.901 1.68467e+07
127.001 1.68471e+07
127.101 1.68474e+07
127.201 1.68477e+07
127.301 1.68404e+07
127.401 1.68272e+07
127.501 1.68445e+07
127.601 1.68429e+07
127.701 1.68411e+07
127.801 1.68373e+07
127.901 1.68376e+07
128.001 1.68338e+07
128.101 1.68301e+07
128.201 1.68304e+07
128.301 1.68267e+07
128.401 1.68255e+07
128.501 1.68235e+07
128.601 1.68202e+07
128.701 1.68205e+07
128.801 1.68174e+07
128.901 1.68144e+07
129.001 1.68147e+07
129.101 1.68119e+07
129.201 1.68119e+07
129.301 1.68096e+07
129.401 1.68071e+07
129.501 1.68075e+07
129.601 1.68051e+07
129.701 1.6803e+07
129.801 1.68033e+07
129.901 1.68013e+07
130.001 1.68017e+07
130.101 1.67998e+07
130.201 1.67981e+07
130.301 1.67985e+07
130.401 1.6797e+07
130.501 1.67959e+07
130.601 1.6796e+07
130.701 1.67947e+07
130.801 1.67951e+07
130.901 1.67941e+07
131.001 1.67931e+07
131.101 1.67935e+07
131.201 1.67928e+07
131.301 1.67926e+07
131.401 1.67925e+07
131.501 1.67921e+07
131.601 1.67924e+07
131.701 1.67922e+07
131.801 1.6792e+07
131.901 1.67924e+07
132.001 1.67924e+07
132.101 1.67928e+07
132.201 1.6793e+07
132.301 1.67933e+07
132.401 1.67937e+07
132.501 1.6794e+07
132.601 1.67944e+07
132.701 1.67947e+07
132.801 1.67951e+07
132.901 1.67954e+07
133.001 1.67958e+07
133.101 1.67961e+07
133.201 1.67964e+07
133.301 1.67968e+07
133.401 1.67971e+07
133.501 1.67975e+07
133.601 1.67978e+07
133.701 1.67982e+07
133.801 1.67985e+07
133.901 1.67989e+07
134.001 1.67992e+07
134.101 1.67996e+07
134.201 1.67999e+07
134.301 1.68002e+07
134.401 1.68006e+07
134.501 1.68009e+07
134.601 1.68013e+07
134.701 1.68016e+07
134.801 1.68019e+07
134.901 1.68023e+07
135.001 1.68026e+07
135.101 1.6803e+07
135.201 1.68033e+07
135.301 1.68036e+07
135.401 1.6804e+07
135.501 1.68043e+07
135.601 1.68046e+07
135.701 1.6805e+07
135.801 1.68053e+07
135.901 1.68056e+07
136.001 1.6806e+07
136.101 1.68063e+07
136.201 1.68066e+07
136.301 1.6807e+07
136.401 1.68073e+07
136.501 1.68076e+07
136.601 1.6808e+07
136.701 1.68083e+07
136.801 1.68086e+07
136.901 1.68089e+07
137.001 1.68093e+07
137.101 1.68096e+07
137.201 1.68099e+07
137.301 1.68103e+07
137.401 1.68106e+07
137.501 1.68109e+07
137.601 1.68112e+07
137.701 1.68116e+07
137.801 1.68119e+07
137.901 1.68122e+07
138.001 1.68125e+07
138.101 1.68129e+07
138.201 1.68132e+07
138.301 1.68135e+07
138.401 1.68138e+07
138.501 1.68142e+07
138.601 1.68145e+07
138.701 1.68148e+07
138.801 1.68151e+07
138.901 1.68154e+07
139.001 1.68157e+07
139.101 1.68161e+07
139.201 1.68164e+07
139.301 1.68167e+07
139.401 1.6817e+07
139.501 1.68173e+07
139.601 1.68176e+07
139.701 1.6818e+07
139.801 1.68183e+07
139.901 1.68186e+07
140.001 1.68189e+07
140.101 1.68192e+07
140.201 1.68195e+07
140.301 1.68199e+07
140.401 1.68202e+07
140.501 1.68205e+07
140.601 1.68208e+07
140.701 1.68211e+07
140.801 1.68214e+07
140.901 1.68217e+07
141.001 1.6822e+07
141.101 1.68223e+07
141.201 1.68227e+07
141.301 1.6823e+07
141.401 1.68233e+07
141.501 1.68236e+07
141.601 1.68239e+07
141.701 1.68242e+07
141.801 1.68245e+07
141.901 1.68248e+07
142.001 1.68251e+07
142.101 1.68254e+07
142.201 1.68257e+07
142.301 1.6826e+07
142.401 1.68263e+07
142.501 1.68266e+07
142.601 1.68269e+07
142.701 1.68272e+07
142.801 1.68275e+07
142.901 1.68278e+07
143.001 1.68281e+07
143.101 1.68284e+07
143.201 1.68287e+07
143.301 1.68291e+07
143.401 1.68293e+07
143.501 1.68297e+07
143.601 1.68299e+07
143.701 1.68302e+07
143.801 1.68305e+07
143.901 1.68308e+07
144.001 1.68311e+07
144.101 1.68314e+07
144.201 1.68317e+07
144.301 1.6832e+07
144.401 1.68323e+07
144.501 1.68326e+07
144.601 1.68329e+07
144.701 1.68332e+07
144.801 1.68335e+07
144.901 1.68338e+07
145.001 1.68341e+07
145.101 1.68344e+07
145.201 1.68347e+07
145.301 1.6835e+07
145.401 1.68352e+07
145.501 1.68355e+07
145.601 1.68358e+07
145.701 1.68361e+07
145.801 1.68364e+07
145.901 1.68367e+07
146.001 1.6837e+07
146.101 1.68373e+07
146.201 1.68376e+07
146.301 1.68379e+07
146.401 1.68382e+07
146.501 1.68384e+07
146.601 1.68387e+07
146.701 1.6839e+07
146.801 1.68393e+07
146.901 1.68396e+07
147.001 1.68399e+07
147.101 1.68401e+07
147.201 1.68404e+07
147.301 1.68407e+07
147.401 1.6841e+07
147.501 1.68413e+07
147.601 1.68416e+07
147.701 1.68418e+07
147.801 1.68421e+07
147.901 1.68424e+07
148.001 1.68427e+07
148.101 1.6843e+07
148.201 1.68433e+07
148.301 1.68435e+07
148.401 1.68438e+07
148.501 1.68441e+07
148.601 1.68444e+07
148.701 1.68446e+07
148.801 1.68449e+07
148.901 1.68452e+07
149.001 1.68455e+07
149.101 1.68458e+07
149.201 1.6846e+07
149.301 1.68463e+07
149.401 1.68466e+07
149.501 1.68469e+07
149.601 1.68471e+07
149.701 1.68474e+07
149.801 1.68477e+07
149.901 1.6848e+07
150.001 1.68482e+07
150.101 1.68485e+07
150.201 1.68488e+07
150.301 1.68491e+07
150.401 1.68493e+07
150.501 1.68496e+07
150.601 1.68499e+07
150.701 1.68502e+07
150.801 1.68504e+07
150.901 1.68507e+07
151.001 1.6851e+07
151.101 1.68512e+07
151.201 1.68515e+07
151.301 1.68518e+07
151.401 1.6852e+07
151.501 1.68523e+07
151.601 1.68526e+07
151.701 1.68528e+07
151.801 1.68531e+07
151.901 1.68534e+07
152.001 1.68537e+07
152.101 1.68539e+07
152.201 1.68542e+07
152.301 1.68544e+07
152.401 1.68547e+07
152.501 1.6855e+07
152.601 1.68552e+07
152.701 1.68555e+07
152.801 1.68558e+07
152.901 1.6856e+07
153.001 1.68563e+07
153.101 1.68566e+07
153.201 1.68568e+07
153.301 1.68571e+07
153.401 1.68573e+07
153.501 1.68576e+07
153.601 1.68579e+07
153.701 1.68512e+07
153.801 1.68402e+07
153.901 1.68552e+07
154.001 1.68533e+07
154.101 1.68523e+07
154.201 1.68492e+07
154.301 1.68494e+07
154.401 1.68463e+07
154.501 1.68432e+07
154.601 1.68434e+07
154.701 1.68403e+07
154.801 1.68388e+07
154.901 1.68377e+07
155.001 1.68349e+07
155.101 1.68352e+07
155.201 1.68326e+07
155.301 1.68301e+07
155.401 1.68304e+07
155.501 1.6828e+07
155.601 1.68274e+07
155.701 1.68261e+07
155.801 1.6824e+07
155.901 1.68243e+07
156.001 1.68223e+07
156.101 1.68205e+07
156.201 1.68208e+07
156.301 1.68191e+07
156.401 1.68193e+07
156.501 1.68179e+07
156.601 1.68165e+07
156.701 1.68167e+07
156.801 1.68155e+07
156.901 1.68143e+07
157.001 1.68146e+07
157.101 1.68136e+07
157.201 1.68139e+07
157.301 1.6813e+07
157.401 1.68122e+07
157.501 1.68125e+07
157.601 1.68119e+07
157.701 1.68113e+07
157.801 1.68116e+07
157.901 1.68113e+07
158.001 1.68115e+07
158.101 1.68113e+07
158.201 1.68112e+07
158.301 1.68115e+07
158.401 1.68115e+07
158.501 1.68116e+07
158.601 1.68119e+07
158.701 1.68122e+07
158.801 1.68125e+07
158.901 1.68127e+07
159.001 1.6813e+07
159.101 1.68133e+07
159.201 1.68136e+07
159.301 1.68139e+07
159.401 1.68141e+07
159.501 1.68144e+07
159.601 1.68147e+07
159.701 1.6815e+07
159.801 1.68152e+07
159.901 1.68155e+07
160.001 1.68158e+07
160.101 1.68161e+07
160.201 1.68164e+07
160.301 1.68166e+07
160.401 1.68169e+07
160.501 1.68172e+07
160.601 1.68175e+07
160.701 1.68177e+07
160.801 1.6818e+07
160.901 1.68183e+07
161.001 1.68186e+07
161.101 1.68188e+07
161.201 1.68191e+07
161.301 1.68194e+07
161.401 1.68197e+07
161.501 1.68199e+07
161.601 1.68202e+07
161.701 1.68205e+07
161.801 1.68207e+07
161.901 1.6821e+07
162.001 1.68213e+07
162.101 1.68215e+07
162.201 1.68218e+07
162.301 1.68221e+07
162.401 1.68224e+07
162.501 1.68226e+07
162.601 1.68229e+07
162.701 1.68232e+07
162.801 1.68234e+07
162.901 1.68237e+07
163.001 1.6824e+07
163.101 1.68242e+07
163.201 1.68245e+07
163.301 1.68248e+07
163.401 1.6825e+07
163.501 1.68253e+07
163.601 1.68256e+07
163.701 1.68258e+07
163.801 1.68261e+07
163.901 1.68264e+07
164.001 1.68266e+07
164.101 1.68269e+07
164.201 1.68271e+07
164.301 1.68274e+07
164.401 1.68277e+07
164.501 1.68279e+07
164.601 1.68282e+07
164.701 1.68285e+07
164.801 1.68287e+07
164.901 1.6829e+07
165.001 1.68292e+07
165.101 1.68295e+07
165.201 1.68297e+07
165.301 1.683e+07
165.401 1.68303e+07
165.501 1.68305e+07
165.601 1.68308e+07
165.701 1.68311e+07
165.801 1.68313e+07
165.901 1.68316e+07
166.001 1.68318e+07
166.101 1.68321e+07
166.201 1.68323e+07
166.301 1.68326e+07
166.401 1.68329e+07
166.501 1.68331e+07
166.601 1.68334e+07
166.701 1.68336e+07
166.801 1.68339e+07
166.901 1.68341e+07
167.001 1.68344e+07
167.101 1.68346e+07
167.201 1.68349e+07
167.301 1.68351e+07
167.401 1.68354e+07
167.501 1.68356e+07
167.601 1.68359e+07
167.701 1.68361e+07
167.801 1.68364e+07
167.901 1.68367e+07
168.001 1.68369e+07
168.101 1.68372e+07
168.201 1.68374e+07
168.301 1.68377e+07
168.401 1.68379e+07
168.501 1.68382e+07
168.601 1.68384e+07
168.701 1.68387e+07
168.801 1.68389e+07
168.901 1.68392e+07
169.001 1.68394e+07
169.101 1.68397e+07
169.201 1.68399e+07
169.301 1.68402e+07
169.401 1.68404e+07
169.501 1.68406e+07
169.601 1.68409e+07
169.701 1.68411e+07
169.801 1.68414e+07
169.901 1.68416e+07
170.001 1.68419e+07
170.101 1.68421e+07
170.201 1.68424e+07
170.301 1.68426e+07
170.401 1.68428e+07
170.501 1.68431e+07
170.601 1.68433e+07
170.701 1.68436e+07
170.801 1.68438e+07
170.901 1.68441e+07
171.001 1.68443e+07
171.101 1.68446e+07
171.201 1.68448e+07
171.301 1.6845e+07
171.401 1.68453e+07
171.501 1.68455e+07
171.601 1.68458e+07
171.701 1.6846e+07
171.801 1.68462e+07
171.901 1.68465e+07
172.001 1.68467e+07
172.101 1.6847e+07
172.201 1.68472e+07
172.301 1.68474e+07
172.401 1.68477e+07
172.501 1.68479e+07
172.601 1.68482e+07
172.701 1.68484e+07
172.801 1.68486e+07
172.901 1.68489e+07
173.001 1.68491e+07
173.101 1.68493e+07
173.201 1.68496e+07
173.301 1.68498e+07
173.401 1.68501e+07
173.501 1.68503e+07
173.601 1.68505e+07
173.701 1.68507e+07
173.801 1.6851e+07
173.901 1.68512e+07
174.001 1.68515e+07
174.101 1.68517e+07
174.201 1.68519e+07
174.301 1.68522e+07
174.401 1.68524e+07
174.501 1.68526e+07
174.601 1.68529e+07
174.701 1.68531e+07
174.801 1.68533e+07
174.901 1.68536e+07
175.001 1.68538e+07
175.101 1.6854e+07
175.201 1.68542e+07
175.301 1.68545e+07
175.401 1.68547e+07
175.501 1.68549e+07
175.601 1.68552e+07
175.701 1.68554e+07
175.801 1.68556e+07
175.901 1.68559e+07
176.001 1.68561e+07
176.101 1.68563e+07
176.201 1.68565e+07
176.301 1.68568e+07
176.401 1.6857e+07
176.501 1.68572e+07
176.601 1.68575e+07
176.701 1.68577e+07
176.801 1.68579e+07
176.901 1.68581e+07
177.001 1.68584e+07
177.101 1.68586e+07
177.201 1.68588e+07
177.301 1.6859e+07
177.401 1.68593e+07
177.501 1.68595e+07
177.601 1.68597e+07
177.701 1.68599e+07
177.801 1.68602e+07
177.901 1.68604e+07
178.001 1.68606e+07
178.101 1.68608e+07
178.201 1.68611e+07
178.301 1.68613e+07
178.401 1.68615e+07
178.501 1.68617e+07
178.601 1.6862e+07
178.701 1.68622e+07
178.801 1.68624e+07
178.901 1.68626e+07
179.001 1.68628e+07
179.101 1.68631e+07
179.201 1.68633e+07
179.301 1.68635e+07
179.401 1.68637e+07
179.501 1.68639e+07
179.601 1.68642e+07
179.701 1.68644e+07
179.801 1.68646e+07
179.901 1.68648e+07
180.001 1.6865e+07
180.101 1.68588e+07
180.201 1.68495e+07
180.301 1.68628e+07
180.401 1.68606e+07
180.501 1.68603e+07
180.601 1.68576e+07
180.701 1.68574e+07
180.801 1.68551e+07
180.901 1.68525e+07
181.001 1.68527e+07
181.101 1.685e+07
181.201 1.68482e+07
181.301 1.68477e+07
181.401 1.68454e+07
181.501 1.68456e+07
181.601 1.68434e+07
181.701 1.68412e+07
181.801 1.68415e+07
181.901 1.68395e+07
182.001 1.68384e+07
182.101 1.68378e+07
182.201 1.6836e+07
182.301 1.68362e+07
182.401 1.68346e+07
182.501 1.6833e+07
182.601 1.68332e+07
182.701 1.68318e+07
182.801 1.68314e+07
182.901 1.68307e+07
183.001 1.68295e+07
183.101 1.68297e+07
183.201 1.68286e+07
183.301 1.68276e+07
183.401 1.68279e+07
183.501 1.6827e+07
183.601 1.68272e+07
183.701 1.68264e+07
183.801 1.68258e+07
183.901 1.6826e+07
184.001 1.68255e+07
184.101 1.6825e+07
184.201 1.68253e+07
184.301 1.68249e+07
184.401 1.68252e+07
184.501 1.6825e+07
184.601 1.68249e+07
184.701 1.68251e+07
184.801 1.68251e+07
184.901 1.68252e+07
185.001 1.68254e+07
185.101 1.68257e+07
185.201 1.68259e+07
185.301 1.68261e+07
185.401 1.68264e+07
185.501 1.68266e+07
185.601 1.68268e+07
185.701 1.68271e+07
185.801 1.68273e+07
185.901 1.68275e+07
186.001 1.68278e+07
186.101 1.6828e+07
186.201 1.68282e+07
186.301 1.68285e+07
186.401 1.68287e+07
186.501 1.68289e+07
186.601 1.68292e+07
186.701 1.68294e+07
186.801 1.68296e+07
186.901 1.68298e+07
187.001 1.68301e+07
187.101 1.68303e+07
187.201 1.68305e+07
187.301 1.68308e+07
187.401 1.6831e+07
187.501 1.68312e+07
187.601 1.68314e+07
187.701 1.68317e+07
187.801 1.68319e+07
187.901 1.68321e+07
188.001 1.68324e+07
188.101 1.68326e+07
188.201 1.68328e+07
188.301 1.6833e+07
188.401 1.68333e+07
188.501 1.68335e+07
188.601 1.68337e+07
188.701 1.68339e+07
188.801 1.68342e+07
188.901 1.68344e+07
189.001 1.68346e+07
189.101 1.68348e+07
189.201 1.68351e+07
189.301 1.68353e+07
189.401 1.68355e+07
189.501 1.68357e+07
189.601 1.6836e+07
189.701 1.68362e+07
189.801 1.68364e+07
189.901 1.68366e+07
190.001 1.68368e+07
190.101 1.68371e+07
190.201 1.68373e+07
190.301 1.68375e+07
190.401 1.68377e+07
190.501 1.6838e+07
190.601 1.68382e+07
190.701 1.68384e+07
190.801 1.68386e+07
190.901 1.68388e+07
191.001 1.6839e+07
191.101 1.68393e+07
191.201 1.68395e+07
191.301 1.68397e+07
191.401 1.68399e+07
191.501 1.68401e+07
191.601 1.68404e+07
191.701 1.68406e+07
191.801 1.68408e+07
191.901 1.6841e+07
192.001 1.68412e+07
192.101 1.68415e+07
192.201 1.68417e+07
192.301 1.68419e+07
192.401 1.68421e+07
192.501 1.68423e+07
192.601 1.68425e+07
192.701 1.68428e+07
192.801 1.6843e+07
192.901 1.68432e+07
193.001 1.68434e+07
193.101 1.68436e+07
193.201 1.68438e+07
193.301 1.6844e+07
193.401 1.68443e+07
193.501 1.68445e+07
193.601 1.68447e+07
193.701 1.68449e+07
193.801 1.68451e+07
193.901 1.68453e+07
194.001 1.68455e+07
194.101 1.68458e+07
194.201 1.6846e+07
194.301 1.68462e+07
194.401 1.68464e+07
194.501 1.68466e+07
194.601 1.68468e+07
194.701 1.6847e+07
194.801 1.68472e+07
194.901 1.68475e+07
195.001 1.68477e+07
195.101 1.68479e+07
195.201 1.68481e+07
195.301 1.68483e+07
195.401 1.68485e+07
195.501 1.68487e+07
195.601 1.68489e+07
195.701 1.68491e+07
195.801 1.68493e+07
195.901 1.68496e+07
196.001 1.68498e+07
196.101 1.685e+07
196.201 1.68502e+07
196.301 1.68504e+07
196.401 1.68506e+07
196.501 1.68508e+07
196.601 1.6851e+07
196.701 1.68512e+07
196.801 1.68514e+07
196.901 1.68516e+07
197.001 1.68518e+07
197.101 1.6852e+07
197.201 1.68523e+07
197.301 1.68525e+07
197.401 1.68527e+07
197.501 1.68529e+07
197.601 1.68531e+07
197.701 1.68533e+07
197.801 1.68535e+07
197.901 1.68537e+07
198.001 1.68531e+07
198.101 1.68446e+07
198.201 1.68361e+07
198.301 1.68276e+07
198.401 1.68191e+07
198.501 1.68107e+07
198.601 1.68022e+07
198.701 1.67937e+07
198.801 1.67853e+07
198.901 1.67768e+07
199.001 1.67684e+07
199.101 1.676e+07
199.201 1.67516e+07
199.301 1.67432e+07
199.401 1.67348e+07
199.501 1.67264e+07
199.601 1.6718e+07
199.701 1.67096e+07
199.801 1.67013e+07
199.901 1.66929e+07
200.001 1.66846e+07
