0.0800654 34000
0.160321 34340
0.160636 34680
0.160951 35020
0.161267 35360
0.161582 35700
0.161897 36040
0.162212 36380
0.162527 36720
0.162843 37060
0.163158 37400
0.163473 37740
0.163788 38080
0.164103 38420
0.164419 38760
0.164734 39100
0.165049 39440
0.165364 39780
0.165679 40120
0.165995 40460
0.16631 40800
0.166625 41140
0.16694 41480
0.167255 41820
0.167571 42160
0.167886 42500
0.168201 42840
0.168516 43180
0.168831 43520
0.169147 43860
0.169462 44200
0.169777 44540
0.170092 44880
0.170407 45220
0.170723 45560
0.171038 45900
0.171353 46240
0.171668 46580
0.171983 46920
0.172299 47260
0.172614 47600
0.172929 47940
0.173244 48280
0.173559 48620
0.173875 48960
0.17419 49300
0.174505 49640
0.17482 49980
0.175135 50320
0.175451 50660
0.175766 51000
0.240572 51340
0.240887 51680
0.241203 52020
0.241518 52360
0.241833 52700
0.242148 53040
0.242463 53380
0.242779 53720
0.243094 54060
0.243409 54400
0.243724 54740
0.244039 55080
0.244355 55420
0.24467 55760
0.244985 56100
0.2453 56440
0.245615 56780
0.245931 57120
0.246246 57460
0.246561 57800
0.246876 58140
0.247191 58480
0.247507 58820
0.247822 59160
0.248137 59500
0.248452 59840
0.248767 60180
0.249083 60520
0.249398 60860
0.249713 61200
0.250028 61540
0.250343 61880
0.250659 62220
0.250974 62560
0.251289 62900
0.251604 63240
0.251919 63580
0.252235 63920
0.25255 64260
0.252865 64600
0.25318 64940
0.253495 65280
0.253811 65620
0.254126 65960
0.254441 66300
0.254756 66640
0.255071 66980
0.255387 67320
0.255702 67660
0.256017 68000
0.256332 68340
0.256647 68680
0.256963 69020
0.257278 69360
0.257593 69700
0.257908 70040
0.258223 70380
0.258539 70720
0.258854 71060
0.259169 71400
0.259484 71740
0.259799 72080
0.260115 72420
0.26043 72760
0.260745 73100
0.26106 73440
0.261375 73780
0.261691 74120
0.262006 74460
0.262321 74800
0.262636 75140
0.262951 75480
0.263267 75820
0.263582 76160
0.263897 76500
0.320981 76840
0.321296 77180
0.321611 77520
0.321927 77860
0.322242 78200
0.322557 78540
0.322872 78880
0.323187 79220
0.323503 79560
0.323818 79900
0.324133 80240
0.324448 80580
0.324763 80920
0.325079 81260
0.325394 81600
0.325709 81940
0.326024 82280
0.326339 82620
0.326655 82960
0.32697 83300
0.327285 83640
0.3276 83980
0.327915 84320
0.328231 84660
0.328546 85000
0.328861 85340
0.329176 85680
0.329491 86020
0.329807 86360
0.330122 86700
0.330437 87040
0.330752 87380
0.331067 87720
0.331383 88060
0.331698 88400
0.332013 88740
0.332328 89080
0.332643 89420
0.332959 89760
0.333274 90100
0.333589 90440
0.333904 90780
0.334219 91120
0.334535 91460
0.33485 91800
0.335165 92140
0.33548 92480
0.335795 92820
0.336111 93160
0.336426 93500
0.336741 93840
0.337056 94180
0.337371 94520
0.337687 94860
0.338002 95200
0.338317 95540
0.338632 95880
0.338947 96220
0.339263 96560
0.339578 96900
0.339893 97240
0.340208 97580
0.340523 97920
0.340839 98260
0.341154 98600
0.341469 98940
0.341784 99280
0.342099 99620
0.342415 99960
0.34273 100300
0.343045 100640
0.34336 100980
0.343675 101320
0.343991 101660
0.344306 102000
0.344621 102340
0.344936 102680
0.345251 103020
0.345567 103360
0.345882 103700
0.346197 104040
0.346512 104380
0.346827 104720
0.347143 105060
0.347458 105400
0.347773 105740
0.348088 106080
0.348403 106420
0.348719 106760
0.349034 107100
0.349349 107440
0.349664 107780
0.349979 108120
0.350295 108460
0.35061 108800
0.350925 109140
0.35124 109480
0.351555 109820
0.351871 110160
0.352186 110500
0.352501 110840
0.352816 111180
0.353131 111520
0.353447 111860
0.353762 112200
0.354077 112540
0.354392 112880
0.354707 113220
0.355023 113560
0.355338 113900
0.355653 114240
0.355968 114580
0.401232 114920
0.401548 115260
0.401863 115600
0.402178 115940
0.402493 116280
0.402808 116620
0.403124 116960
0.403439 117300
0.403754 117640
0.404069 117980
0.404384 118320
0.4047 118660
0.405015 119000
0.40533 119340
0.405645 119680
0.40596 120020
0.406276 120360
0.406591 120700
0.406906 121040
0.407221 121380
0.407536 121720
0.407852 122060
0.408167 122400
0.408482 122740
0.408797 123080
0.409112 123420
0.409428 123760
0.409743 124100
0.410058 124440
0.410373 124780
0.410688 125120
0.411004 125460
0.411319 125800
0.411634 126140
0.411949 126480
0.412264 126820
0.41258 127160
0.412895 127500
0.41321 127840
0.413525 128180
0.41384 128520
0.414156 128860
0.414471 129200
0.414786 129540
0.415101 129880
0.415416 130220
0.415732 130560
0.416047 130900
0.416362 131240
0.416677 131580
0.416992 131920
0.417308 132260
0.417623 132600
0.417938 132940
0.418253 133280
0.418568 133620
0.418884 133960
0.419199 134300
0.419514 134640
0.419829 134980
0.420144 135320
0.42046 135660
0.420775 136000
0.42109 136340
0.421405 136680
0.42172 137020
0.422036 137360
0.422351 137700
0.422666 138040
0.422981 138380
0.423296 138720
0.423612 139060
0.423927 139400
0.424242 139740
0.424557 140080
0.424872 140420
0.425188 140760
0.425503 141100
0.425818 141440
0.426133 141780
0.426448 142120
0.426764 142460
0.427079 142800
0.427394 143140
0.427709 143480
0.428024 143820
0.42834 144160
0.428655 144500
0.42897 144840
0.429285 145180
0.4296 145520
0.429916 145860
0.430231 146200
0.430546 146540
0.430861 146880
0.431176 147220
0.431492 147560
0.431807 147900
0.432122 148240
0.432437 148580
0.432752 148920
0.433068 149260
0.433383 149600
0.433698 149940
0.434013 150280
0.434328 150620
0.434644 150960
0.434959 151300
0.435274 151640
0.435589 151980
0.435904 152320
0.43622 152660
0.436535 153000
0.43685 153340
0.437165 153680
0.43748 154020
0.437796 154360
0.438111 154700
0.438426 155040
0.438741 155380
0.439056 155720
0.439372 156060
0.439687 156400
0.440002 156740
0.440317 157080
0.440632 157420
0.440948 157760
0.441263 158100
0.441578 158440
0.441893 158780
0.442208 159120
0.442524 159460
0.442839 159800
0.443154 160140
0.443469 160480
0.443784 160820
0.4441 161160
0.444415 161500
0.44473 161840
0.445045 162180
0.44536 162520
0.445676 162860
0.445991 163200
0.446306 163540
0.446621 163880
0.446936 164220
0.447252 164560
0.447567 164900
0.447882 165240
0.448197 165580
0.448512 165920
0.448828 166260
0.449143 166600
0.449458 166940
0.449773 167280
0.450088 167620
0.450404 167960
0.450719 168300
0.451034 168640
0.451349 168980
0.451664 169320
0.45198 169660
0.452295 170000
0.45261 170340
0.452925 170680
0.45324 171020
0.453556 171360
0.453871 171700
0.481484 172040
0.481799 172380
0.482114 172720
0.482429 173060
0.482744 173400
0.48306 173740
0.483375 174080
0.48369 174420
0.484005 174760
0.48432 175100
0.484636 175440
0.484951 175780
0.485266 176120
0.485581 176460
0.485896 176800
0.486212 177140
0.486527 177480
0.486842 177820
0.487157 178160
0.487472 178500
0.487788 178840
0.488103 179180
0.488418 179520
0.488733 179860
0.489048 180200
0.489364 180540
0.489679 180880
0.489994 181220
0.490309 181560
0.490624 181900
0.49094 182240
0.491255 182580
0.49157 182920
0.491885 183260
0.4922 183600
0.492516 183940
0.492831 184280
0.493146 184620
0.493461 184960
0.493776 185300
0.494092 185640
0.494407 185980
0.494722 186320
0.495037 186660
0.495352 187000
0.495668 187340
0.495983 187680
0.496298 188020
0.496613 188360
0.496928 188700
0.497244 189040
0.497559 189380
0.497874 189720
0.498189 190060
0.498504 190400
0.49882 190740
0.499135 191080
0.49945 191420
0.499765 191760
0.50008 192100
0.500396 192440
0.500711 192780
0.501026 193120
0.501341 193460
0.501656 193800
0.501972 194140
0.502287 194480
0.502602 194820
0.502917 195160
0.503232 195500
0.503548 195840
0.503863 196180
0.504178 196520
0.504493 196860
0.504808 197200
0.505124 197540
0.505439 197880
0.505754 198220
0.506069 198560
0.506384 198900
0.5067 199240
0.507015 199580
0.50733 199920
0.507645 200260
0.50796 200600
0.508276 200940
0.508591 201280
0.508906 201620
0.509221 201960
0.509536 202300
0.509852 202640
0.510167 202980
0.510482 203320
0.510797 203660
0.511112 204000
0.511428 204340
0.511743 204680
0.512058 205020
0.512373 205360
0.512688 205700
0.513004 206040
0.513319 206380
0.513634 206720
0.513949 207060
0.514264 207400
0.51458 207740
0.514895 208080
0.51521 208420
0.515525 208760
0.51584 209100
0.516156 209440
0.516471 209780
0.516786 210120
0.517101 210460
0.517416 210800
0.517732 211140
0.518047 211480
0.518362 211820
0.518677 212160
0.518992 212500
0.519308 212840
0.519623 213180
0.519938 213520
0.520253 213860
0.520568 214200
0.520884 214540
0.521199 214880
0.521514 215220
0.521829 215560
0.522144 215900
0.52246 216240
0.522775 216580
0.52309 216920
0.523405 217260
0.52372 217600
0.524036 217940
0.524351 218280
0.524666 218620
0.524981 218960
0.525296 219300
0.525612 219640
0.525927 219980
0.526242 220320
0.526557 220660
0.526872 221000
0.527188 221340
0.527503 221680
0.527818 222020
0.528133 222360
0.528448 222700
0.528764 223040
0.529079 223380
0.529394 223720
0.529709 224060
0.530024 224400
0.53034 224740
0.530655 225080
0.53097 225420
0.531285 225760
0.5316 226100
0.531916 226440
0.532231 226780
0.532546 227120
0.532861 227460
0.533176 227800
0.533492 228140
0.533807 228480
0.534122 228820
0.534437 229160
0.534752 229500
0.535068 229840
0.535383 230180
0.535698 230520
0.536013 230860
0.536328 231200
0.536644 231540
0.536959 231880
0.537274 232220
0.537589 232560
0.537904 232900
0.53822 233240
0.538535 233580
0.53885 233920
0.539165 234260
0.53948 234600
0.539796 234940
0.540111 235280
0.540426 235620
0.540741 235960
0.541056 236300
0.541372 236640
0.541687 236980
0.542002 237320
0.542317 237660
0.542632 238000
0.542948 238340
0.543263 238680
0.543578 239020
0.543893 239360
0.544208 239700
0.544524 240040
0.544839 240380
0.545154 240720
0.545469 241060
0.545784 241400
0.5461 241740
0.546415 242080
0.54673 242420
0.547045 242760
0.54736 243100
0.547676 243440
0.547991 243780
0.548306 244120
0.548621 244460
0.548936 244800
0.549252 245140
0.549567 245480
0.549882 245820
0.550197 246160
0.550512 246500
0.550828 246840
0.551143 247180
0.551458 247520
0.551773 247860
0.552088 248200
0.552404 248540
0.552719 248880
0.553034 249220
0.553349 249560
0.553664 249900
0.55398 250240
0.554295 250580
0.55461 250920
0.554925 251260
0.55524 251600
0.555556 251940
0.555871 252280
0.556186 252620
0.556501 252960
0.556816 253300
0.557132 253640
0.557447 253980
0.557762 254320
0.558077 254660
0.558392 255000
0.558708 255340
0.559023 255680
0.559338 256020
0.559653 256360
0.559968 256700
0.560284 257040
0.560599 257380
0.561735 257720
0.56205 258060
0.562365 258400
0.56268 258740
0.562996 259080
0.563311 259420
0.563626 259760
0.563941 260100
0.564256 260440
0.564572 260780
0.564887 261120
0.565202 261460
0.565517 261800
0.565832 262140
0.566148 262480
0.566463 262820
0.566778 263160
0.567093 263500
0.567408 263840
0.567724 264180
0.568039 264520
0.568354 264860
0.568669 265200
0.568984 265540
0.5693 265880
0.569615 266220
0.56993 266560
0.570245 266900
0.57056 267240
0.570876 267580
0.571191 267920
0.571506 268260
0.571821 268600
0.572136 268940
0.572452 269280
0.572767 269620
0.573082 269960
0.573397 270300
0.573712 270640
0.574028 270980
0.574343 271320
0.574658 271660
0.574973 272000
0.575288 272340
0.575604 272680
0.575919 273020
0.576234 273360
0.576549 273700
0.576864 274040
0.57718 274380
0.577495 274720
0.57781 275060
0.578125 275400
0.57844 275740
0.578756 276080
0.579071 276420
0.579386 276760
0.579701 277100
0.580016 277440
0.580332 277780
0.580647 278120
0.580962 278460
0.581277 278800
0.581592 279140
0.581908 279480
0.582223 279820
0.582538 280160
0.582853 280500
0.583168 280840
0.583484 281180
0.583799 281520
0.584114 281860
0.584429 282200
0.584744 282540
0.58506 282880
0.585375 283220
0.58569 283560
0.586005 283900
0.58632 284240
0.586636 284580
0.586951 284920
0.587266 285260
0.587581 285600
0.587896 285940
0.588212 286280
0.588527 286620
0.588842 286960
0.589157 287300
0.589472 287640
0.589788 287980
0.590103 288320
0.590418 288660
0.590733 289000
0.591048 289340
0.591364 289680
0.591679 290020
0.591994 290360
0.592309 290700
0.592624 291040
0.59294 291380
0.593255 291720
0.59357 292060
0.593885 292400
0.5942 292740
0.594516 293080
0.594831 293420
0.595146 293760
0.595461 294100
0.595776 294440
0.596092 294780
0.596407 295120
0.596722 295460
0.597037 295800
0.597352 296140
0.597668 296480
0.597983 296820
0.598298 297160
0.598613 297500
0.598928 297840
0.599244 298180
0.599559 298520
0.599874 298860
0.600189 299200
0.600504 299540
0.60082 299880
0.601135 300220
0.60145 300560
0.601765 300900
0.60208 301240
0.602396 301580
0.602711 301920
0.603026 302260
0.603341 302600
0.603656 302940
0.603972 303280
0.604287 303620
0.604602 303960
0.604917 304300
0.605232 304640
0.605548 304980
0.605863 305320
0.606178 305660
0.606493 306000
0.606808 306340
0.607124 306680
0.607439 307020
0.607754 307360
0.608069 307700
0.608384 308040
0.6087 308380
0.609015 308720
0.60933 309060
0.609645 309400
0.60996 309740
0.610276 310080
0.610591 310420
0.610906 310760
0.611221 311100
0.611536 311440
0.611852 311780
0.612167 312120
0.612482 312460
0.612797 312800
0.613112 313140
0.613428 313480
0.613743 313820
0.614058 314160
0.614373 314500
0.614688 314840
0.615004 315180
0.615319 315520
0.615634 315860
0.615949 316200
0.616264 316540
0.61658 316880
0.616895 317220
0.61721 317560
0.617525 317900
0.61784 318240
0.618156 318580
0.618471 318920
0.618786 319260
0.619101 319600
0.619416 319940
0.619732 320280
0.620047 320620
0.620362 320960
0.620677 321300
0.620992 321640
0.621308 321980
0.621623 322320
0.621938 322660
0.622253 323000
0.622568 323340
0.622884 323680
0.623199 324020
0.623514 324360
0.623829 324700
0.624144 325040
0.62446 325380
0.624775 325720
0.62509 326060
0.625405 326400
0.62572 326740
0.626036 327080
0.626351 327420
0.626666 327760
0.626981 328100
0.627296 328440
0.627612 328780
0.627927 329120
0.628242 329460
0.628557 329800
0.628872 330140
0.629188 330480
0.629503 330820
0.629818 331160
0.630133 331500
0.630448 331840
0.630764 332180
0.631079 332520
0.631394 332860
0.631709 333200
0.632024 333540
0.63234 333880
0.632655 334220
0.63297 334560
0.633285 334900
0.6336 335240
0.633916 335580
0.634231 335920
0.634546 336260
0.634861 336600
0.635176 336940
0.635492 337280
0.635807 337620
0.636122 337960
0.636437 338300
0.636752 338640
0.637068 338980
0.637383 339320
0.637698 339660
0.638013 340000
0.638328 340340
0.638644 340680
0.638959 341020
0.639274 341360
0.639589 341700
0.639904 342040
0.64022 342380
0.640535 342720
0.64085 343060
0.641165 343400
0.64148 343740
0.641796 344080
0.642111 344420
0.642426 344760
0.642741 345100
0.643056 345440
0.643372 345780
0.643687 346120
0.644002 346460
0.644317 346800
0.644632 347140
0.644948 347480
0.645263 347820
0.645578 348160
0.645893 348500
0.646208 348840
0.646524 349180
0.646839 349520
0.647154 349860
0.647469 350200
0.647784 350540
0.6481 350880
0.648415 351220
0.64873 351560
0.649045 351900
0.64936 352240
0.649676 352580
0.649991 352920
0.650306 353260
0.650621 353600
0.650936 353940
0.651252 354280
0.651567 354620
0.651882 354960
0.652197 355300
0.652512 355640
0.652828 355980
0.653143 356320
0.653458 356660
0.653773 357000
0.654088 357340
0.654404 357680
0.654719 358020
0.655034 358360
0.655349 358700
0.655664 359040
0.65598 359380
0.656295 359720
0.65661 360060
0.656925 360400
0.65724 360740
0.657556 361080
0.657871 361420
0.658186 361760
0.658501 362100
0.658816 362440
0.659132 362780
0.659447 363120
0.659762 363460
0.660077 363800
0.660392 364140
0.660708 364480
0.661023 364820
0.661338 365160
0.661653 365500
0.661968 365840
0.662284 366180
0.662599 366520
0.662914 366860
0.663229 367200
0.663544 367540
0.66386 367880
0.664175 368220
0.66449 368560
0.664805 368900
0.66512 369240
0.665436 369580
0.665751 369920
0.666066 370260
0.666381 370600
0.666696 370940
0.667012 371280
0.667327 371620
0.667642 371960
0.667957 372300
0.668272 372640
0.668588 372980
0.668903 373320
0.669218 373660
0.669533 374000
0.669848 374340
0.670164 374680
0.670479 375020
0.670794 375360
0.671109 375700
0.671424 376040
0.67174 376380
0.672055 376720
0.67237 377060
0.672685 377400
0.673 377740
0.673316 378080
0.673631 378420
0.673946 378760
0.674261 379100
0.674576 379440
0.674892 379780
0.675207 380120
0.675522 380460
0.675837 380800
0.676152 381140
0.676468 381480
0.676783 381820
0.677098 382160
0.677413 382500
0.677728 382840
0.678044 383180
0.678359 383520
0.678674 383860
0.678989 384200
0.679304 384540
0.67962 384880
0.679935 385220
0.68025 385560
0.680565 385900
0.68088 386240
0.681196 386580
0.681511 386920
0.681826 387260
0.682141 387600
0.682456 387940
0.682772 388280
0.683087 388620
0.683402 388960
0.683717 389300
0.684032 389640
0.684348 389980
0.684663 390320
0.684978 390660
0.685293 391000
0.685608 391340
0.685924 391680
0.686239 392020
0.686554 392360
0.686869 392700
0.687184 393040
0.6875 393380
0.687815 393720
0.68813 394060
0.688445 394400
0.68876 394740
0.689076 395080
0.689391 395420
0.689706 395760
0.690021 396100
0.690336 396440
0.690652 396780
0.690967 397120
0.691282 397460
0.691597 397800
0.691912 398140
0.692228 398480
0.692543 398820
0.692858 399160
0.693173 399500
0.693488 399840
0.693804 400180
0.694119 400520
0.694434 400860
0.694749 401200
0.695064 401540
0.69538 401880
0.695695 402220
0.69601 402560
0.696325 402900
0.69664 403240
0.696956 403580
0.697271 403920
0.697586 404260
0.697901 404600
0.698216 404940
0.698532 405280
0.698847 405620
0.699162 405960
0.699477 406300
0.699792 406640
0.700108 406980
0.700423 407320
0.700738 407660
0.701053 408000
0.701368 408340
0.701684 408680
0.701999 409020
0.702314 409360
0.702629 409700
0.702944 410040
0.70326 410380
0.703575 410720
0.70389 411060
0.704205 411400
0.70452 411740
0.704836 412080
0.705151 412420
0.705466 412760
0.705781 413100
0.706096 413440
0.706412 413780
0.706727 414120
0.707042 414460
0.707357 414800
0.707672 415140
0.707988 415480
0.708303 415820
0.708618 416160
0.708933 416500
0.709248 416840
0.709564 417180
0.709879 417520
0.710194 417860
0.710509 418200
0.710824 418540
0.71114 418880
0.711455 419220
0.71177 419560
0.712085 419900
0.7124 420240
0.712716 420580
0.713031 420920
0.713346 421260
0.713661 421600
0.713976 421940
0.714292 422280
0.714607 422620
0.714922 422960
0.715237 423300
0.715552 423640
0.715868 423980
0.716183 424320
0.716498 424660
0.716813 425000
0.717128 425340
0.717444 425680
0.717759 426020
0.718074 426360
0.718389 426700
0.718704 427040
0.71902 427380
0.719335 427720
0.71965 428060
0.719965 428400
0.72028 428740
0.720596 429080
0.720911 429420
0.721226 429760
0.721541 430100
0.721856 430440
0.722172 430780
0.722487 431120
0.722802 431460
0.723117 431800
0.723432 432140
0.723748 432480
0.724225 285260
1.03266 142460
1.3413 142800
1.35674 143140
1.36998 143480
1.38673 143820
1.40485 144160
1.42219 144500
1.43747 144840
1.45102 145180
1.46777 145520
1.48574 145860
1.50291 146200
1.51835 146540
1.53222 146880
1.54865 147220
1.56646 147560
1.58379 147900
1.59939 148240
1.61326 148580
1.62937 148920
1.64734 149260
1.65805 149600
1.66641 149940
1.6746 150280
1.68153 150620
1.68878 150960
1.69572 151300
1.70379 151640
1.71231 151980
1.72192 152320
1.73027 152660
1.73941 153000
1.74792 153340
1.75611 153680
1.76304 154020
1.77029 154360
1.77723 154700
1.78515 155040
1.79382 155380
1.80312 155720
1.81194 156060
1.82092 156400
1.82943 156740
1.83731 157080
1.84456 157420
1.85181 157760
1.85905 158100
1.86635 158440
1.87533 158780
1.88447 159120
1.8933 159460
1.90227 159800
1.91047 160140
1.9185 160480
1.92607 160820
1.93332 161160
1.94088 161500
1.94845 161840
1.95684 162180
1.96567 162520
1.97449 162860
1.98347 163200
1.99213 163540
1.9997 163880
2.00726 164220
2.01514 164560
2.02271 164900
2.03027 165240
2.03788 165580
2.04734 165920
2.056 166260
2.06467 166600
2.07349 166940
2.08137 167280
2.08893 167620
2.09681 167960
2.10438 168300
2.11226 168640
2.12014 168980
2.12853 169320
2.13751 169660
2.14618 170000
2.15484 170340
2.16272 170680
2.1706 171020
2.17848 171360
2.18636 171700
2.19424 172040
2.20244 172380
2.21032 172720
2.21902 173060
2.22738 173400
2.23588 173740
2.24408 174080
2.25227 174420
2.26015 174760
2.26835 175100
2.27654 175440
2.28474 175780
2.29262 176120
2.30081 176460
2.30901 176800
2.31724 177140
2.32543 177480
2.33363 177820
2.34214 178160
2.35033 178500
2.35853 178840
2.36672 179180
2.37523 179520
2.38627 179860
2.3973 180200
2.40865 180540
2.41968 180880
2.43102 181220
2.44206 181560
2.4534 181900
2.4679 182240
2.48492 182580
2.50194 182920
2.51897 183260
2.53567 183600
2.55742 183940
2.58201 184280
2.60628 184620
2.63149 184960
2.66018 185300
2.68854 185640
2.71849 185980
2.75284 186320
2.78752 186660
2.82219 187000
2.85686 187340
2.89342 187680
2.93692 188020
2.98042 188360
3.02392 188700
3.0712 189040
3.12951 189380
3.18814 189720
3.24676 190060
3.30539 190400
3.36433 190740
3.42327 191080
3.48222 191420
3.54147 191760
3.60073 192100
3.65999 192440
3.71956 192780
3.77914 193120
3.83871 193460
3.8986 193800
3.95848 194140
4.01837 194480
4.07858 194820
4.1476 195160
4.23807 195500
4.32884 195840
4.41962 196180
4.5104 196520
4.60149 196860
4.6929 197200
4.78431 197540
4.87572 197880
4.96744 198220
5.05948 198560
5.15152 198900
5.24355 199240
5.33591 199580
5.42858 199920
5.52125 200260
5.61391 200600
5.7069 200940
5.8002 201280
5.8935 201620
5.9868 201960
6.08041 202300
6.17434 202640
6.26827 202980
6.3622 203320
6.45644 203660
6.551 204000
6.64556 204340
6.74012 204680
6.835 205020
6.93019 205360
7.06446 205700
7.25516 206040
7.44617 206380
7.6375 206720
7.82914 207060
8.0211 207400
8.21337 207740
8.40596 208080
8.59886 208420
8.79208 208760
8.98561 209100
9.17946 209440
9.37362 209780
9.5681 210120
9.76289 210460
9.958 210800
10.1534 211140
10.3492 211480
10.5452 211820
10.7416 212160
10.9383 212500
11.1353 212840
11.3326 213180
11.5302 213520
11.7282 213860
11.9264 214200
12.125 214540
12.3239 214880
12.5231 215220
12.7226 215560
12.9225 215900
13.1226 216240
13.3231 216580
13.5239 216920
13.725 217260
13.9264 217600
14.1281 217940
14.3301 218280
14.5317 154700
14.6327 155040
14.7223 155380
14.7318 155720
14.7415 156060
14.751 156400
14.7608 156740
14.7705 157080
14.78 157420
14.7898 157760
14.8081 158100
14.8179 158440
14.8276 158780
14.8374 159120
14.8475 159460
14.8573 159800
14.867 160140
14.8844 160480
14.8942 160820
14.9043 161160
14.914 161500
14.9241 161840
14.9342 162180
14.944 162520
14.9541 162860
14.9703 163200
14.9804 163540
14.9905 163880
15.0006 164220
15.011 164560
15.0211 164900
15.0312 165240
15.0465 165580
15.0566 165920
15.067 166260
15.0771 166600
15.0875 166940
15.0979 167280
15.1079 167620
15.1183 167960
15.1326 168300
15.143 168640
15.1534 168980
15.1638 169320
15.1745 169660
15.1849 170000
15.1953 170340
15.2086 170680
15.219 171020
15.2297 171360
15.2401 171700
15.2508 172040
15.2615 172380
15.2719 172720
15.2826 173060
15.2948 173400
15.3055 173740
15.3162 174080
15.3269 174420
15.338 174760
15.3487 175100
15.3594 175440
15.3706 175780
15.3814 176120
15.3924 176460
15.4031 176800
15.4141 177140
15.4252 177480
15.4359 177820
15.4469 178160
15.4579 178500
15.469 178840
15.48 179180
15.491 179520
15.5024 179860
15.5134 180200
15.5245 180540
15.5358 180880
15.5468 181220
15.5582 181560
15.5692 181900
15.5806 182240
15.5919 182580
15.6029 182920
15.6203 183260
15.6445 183600
15.6691 183940
15.6934 184280
15.7218 184620
15.7504 184960
15.7788 185300
15.8132 185640
15.8478 185980
15.8822 186320
15.9169 186660
15.9515 187000
15.995 187340
16.0385 187680
16.082 188020
16.1255 188360
16.169 188700
16.2138 189040
16.2721 189380
16.3307 189720
16.3894 190060
16.448 190400
16.5069 190740
16.5659 191080
16.6248 191420
16.6841 191760
16.7433 192100
16.8026 192440
16.8622 192780
16.9217 193120
16.9813 193460
17.0412 193800
17.1011 194140
17.161 194480
17.2212 194820
17.2855 195160
17.3759 195500
17.4667 195840
17.5575 196180
17.6483 196520
17.7394 196860
17.8308 197200
17.9222 197540
18.0136 197880
18.1053 198220
18.1973 198560
18.2894 198900
18.3814 199240
18.4738 199580
18.5664 199920
18.6591 200260
18.7518 200600
18.8448 200940
18.9381 201280
19.0314 201620
19.1247 201960
19.2183 202300
19.3122 202640
19.4061 202980
19.5001 203320
19.5943 203660
19.6889 204000
19.7834 204340
19.878 204680
19.9729 205020
20.0681 205360
20.1878 205700
20.3785 206040
20.5695 206380
20.7609 206720
20.9525 207060
21.1445 207400
21.3367 207740
21.5293 208080
21.7222 208420
21.9154 208760
22.109 209100
22.3028 209440
22.497 209780
22.6915 210120
22.8863 210460
23.0814 210800
23.2768 211140
23.4725 211480
23.6686 211820
23.865 212160
24.0616 212500
24.2586 212840
24.456 213180
24.6536 213520
24.8515 213860
25.0498 214200
25.2484 214540
25.4473 214880
25.6465 215220
25.846 215560
26.0458 215900
26.246 216240
26.4464 216580
26.6472 216920
26.8483 217260
27.0497 217600
27.2515 217940
27.4535 218280
27.6551 154700
27.7561 155040
27.8457 155380
27.8551 155720
27.8649 156060
27.8744 156400
27.8841 156740
27.8939 157080
27.9034 157420
27.9131 157760
27.9299 158100
27.9371 158440
27.9444 158780
27.9519 159120
27.9592 159460
27.9668 159800
27.974 160140
27.9816 160480
27.9888 160820
27.9964 161160
28.0131 161500
28.0232 161840
28.0333 162180
28.0431 162520
28.0532 162860
28.0632 163200
28.0733 163540
28.0891 163880
28.0992 164220
28.1096 164560
28.1197 164900
28.1298 165240
28.1402 165580
28.1503 165920
28.1607 166260
28.1754 166600
28.1858 166940
28.1962 167280
28.2063 167620
28.2167 167960
28.2271 168300
28.2375 168640
28.2512 168980
28.2616 169320
28.2723 169660
28.2827 170000
28.2931 170340
28.3038 170680
28.3142 171020
28.325 171360
28.3376 171700
28.3483 172040
28.359 172380
28.3694 172720
28.3802 173060
28.3909 173400
28.4016 173740
28.4133 174080
28.424 174420
28.435 174760
28.4457 175100
28.4565 175440
28.4675 175780
28.4782 176120
28.4892 176460
28.5 176800
28.511 177140
28.522 177480
28.5327 177820
28.5438 178160
28.5548 178500
28.5658 178840
28.5769 179180
28.5879 179520
28.5992 179860
28.6103 180200
28.6213 180540
28.6327 180880
28.6437 181220
28.6576 181560
28.6746 181900
28.6913 182240
28.7083 182580
28.725 182920
28.7458 183260
28.7701 183600
28.7944 183940
28.8189 184280
28.8473 184620
28.876 184960
28.9047 185300
28.939 185640
28.9737 185980
29.0081 186320
29.0427 186660
29.078 187000
29.1212 187340
29.1647 187680
29.2082 188020
29.2517 188360
29.2955 188700
29.3406 189040
29.3992 189380
29.4575 189720
29.5162 190060
29.5751 190400
29.6337 190740
29.6927 191080
29.7519 191420
29.8109 191760
29.8701 192100
29.9297 192440
29.989 192780
30.0485 193120
30.1084 193460
30.168 193800
30.2279 194140
30.2881 194480
30.348 194820
30.4139 195160
30.5043 195500
30.5948 195840
30.6856 196180
30.7766 196520
30.8677 196860
30.9588 197200
31.0502 197540
31.142 197880
31.2337 198220
31.3254 198560
31.4175 198900
31.5098 199240
31.6022 199580
31.6945 199920
31.7872 200260
31.8802 200600
31.9731 200940
32.0661 201280
32.1594 201620
32.253 201960
32.3467 202300
32.4403 202640
32.5342 202980
32.6284 203320
32.7227 203660
32.8169 204000
32.9115 204340
33.0064 204680
33.1012 205020
33.1961 205360
33.32 205700
33.5107 206040
33.7017 206380
33.893 206720
34.0847 207060
34.2766 207400
34.4689 207740
34.6615 208080
34.8544 208420
35.0476 208760
35.2411 209100
35.435 209440
35.6292 209780
35.8236 210120
36.0184 210460
36.2135 210800
36.409 211140
36.6047 211480
36.8008 211820
36.9971 212160
37.1938 212500
37.3908 212840
37.5881 213180
37.7858 213520
37.9837 213860
38.182 214200
38.3805 214540
38.5794 214880
38.7786 215220
38.9782 215560
39.178 215900
39.3781 216240
39.5786 216580
39.7794 216920
39.9805 217260
40.1819 217600
40.3836 217940
40.5857 218280
40.7872 154700
40.8883 155040
40.9779 155380
40.9873 155720
40.9971 156060
41.0065 156400
41.0163 156740
41.0261 157080
41.0355 157420
41.0453 157760
41.0636 158100
41.0734 158440
41.0832 158780
41.0929 159120
41.103 159460
41.1128 159800
41.1226 160140
41.1399 160480
41.1497 160820
41.1598 161160
41.1696 161500
41.1796 161840
41.1897 162180
41.1995 162520
41.2096 162860
41.2259 163200
41.2359 163540
41.246 163880
41.2561 164220
41.2665 164560
41.2766 164900
41.2867 165240
41.302 165580
41.3121 165920
41.3225 166260
41.3326 166600
41.343 166940
41.3534 167280
41.3635 167620
41.3739 167960
41.3881 168300
41.3985 168640
41.4089 168980
41.4193 169320
41.43 169660
41.4404 170000
41.4508 170340
41.4641 170680
41.4745 171020
41.4852 171360
41.4956 171700
41.5063 172040
41.517 172380
41.5274 172720
41.5382 173060
41.5503 173400
41.561 173740
41.5718 174080
41.5825 174420
41.5935 174760
41.6042 175100
41.6149 175440
41.6262 175780
41.6369 176120
41.6479 176460
41.6586 176800
41.6697 177140
41.6807 177480
41.6914 177820
41.7024 178160
41.7135 178500
41.7245 178840
41.7355 179180
41.7466 179520
41.7579 179860
41.769 180200
41.78 180540
41.7913 180880
41.8024 181220
41.8137 181560
41.8247 181900
41.8361 182240
41.8474 182580
41.8585 182920
41.8758 183260
41.9001 183600
41.9247 183940
41.9489 184280
41.9773 184620
42.006 184960
42.0343 185300
42.0687 185640
42.1034 185980
42.1377 186320
42.1724 186660
42.2071 187000
42.2506 187340
42.2941 187680
42.3376 188020
42.3811 188360
42.4246 188700
42.4693 189040
42.5276 189380
42.5863 189720
42.6449 190060
42.7035 190400
42.7625 190740
42.8214 191080
42.8803 191420
42.9396 191760
42.9989 192100
43.0581 192440
43.1177 192780
43.1773 193120
43.2368 193460
43.2967 193800
43.3566 194140
43.4165 194480
43.4767 194820
43.541 195160
43.6315 195500
43.7222 195840
43.813 196180
43.9038 196520
43.9949 196860
44.0863 197200
44.1777 197540
44.2691 197880
44.3608 198220
44.4529 198560
44.5449 198900
44.637 199240
44.7293 199580
44.822 199920
44.9146 200260
45.0073 200600
45.1003 200940
45.1936 201280
45.2869 201620
45.3802 201960
45.4738 202300
45.5677 202640
45.6617 202980
45.7556 203320
45.8498 203660
45.9444 204000
46.039 204340
46.1335 204680
46.2284 205020
46.3236 205360
46.4434 205700
46.6341 206040
46.8251 206380
47.0164 206720
47.208 207060
47.4 207400
47.5923 207740
47.7849 208080
47.9778 208420
48.171 208760
48.3645 209100
48.5584 209440
48.7525 209780
48.947 210120
49.1418 210460
49.3369 210800
49.5323 211140
49.7281 211480
49.9241 211820
50.1205 212160
50.3172 212500
50.5142 212840
50.7115 213180
50.9091 213520
51.1071 213860
51.3053 214200
51.5039 214540
51.7028 214880
51.902 215220
52.1015 215560
52.3014 215900
52.5015 216240
52.702 216580
52.9028 216920
53.1039 217260
53.3053 217600
53.507 217940
53.709 218280
53.9106 154700
54.0116 155040
54.1012 155380
54.1107 155720
54.1204 156060
54.1299 156400
54.1397 156740
54.1494 157080
54.1589 157420
54.1687 157760
54.187 158100
54.1968 158440
54.2065 158780
54.2163 159120
54.2264 159460
54.2362 159800
54.2459 160140
54.2633 160480
54.2731 160820
54.2832 161160
54.2929 161500
54.303 161840
54.3131 162180
54.3229 162520
54.333 162860
54.3492 163200
54.3593 163540
54.3694 163880
54.3795 164220
54.3899 164560
54.4 164900
54.4101 165240
54.4254 165580
54.4355 165920
54.4459 166260
54.456 166600
54.4664 166940
54.4768 167280
54.4868 167620
54.4972 167960
54.5115 168300
54.5219 168640
54.5323 168980
54.5427 169320
54.5534 169660
54.5638 170000
54.5742 170340
54.5875 170680
54.5979 171020
54.6086 171360
54.619 171700
54.6297 172040
54.6404 172380
54.6508 172720
54.6615 173060
54.6737 173400
54.6844 173740
54.6951 174080
54.7058 174420
54.7169 174760
54.7276 175100
54.7383 175440
54.7495 175780
54.7603 176120
54.7713 176460
54.782 176800
54.793 177140
54.8041 177480
54.8148 177820
54.8258 178160
54.8368 178500
54.8479 178840
54.8589 179180
54.8699 179520
54.8813 179860
54.8923 180200
54.9034 180540
54.9147 180880
54.9257 181220
54.9371 181560
54.9481 181900
54.9595 182240
54.9708 182580
54.9818 182920
54.9992 183260
55.0234 183600
55.048 183940
55.0723 184280
55.1007 184620
55.1294 184960
55.1577 185300
55.1921 185640
55.2267 185980
55.2611 186320
55.2958 186660
55.3304 187000
55.3739 187340
55.4174 187680
55.4609 188020
55.5044 188360
55.5479 188700
55.5927 189040
55.651 189380
55.7096 189720
55.7683 190060
55.8269 190400
55.8858 190740
55.9448 191080
56.0037 191420
56.063 191760
56.1222 192100
56.1815 192440
56.2411 192780
56.3006 193120
56.3602 193460
56.4201 193800
56.48 194140
56.5399 194480
56.6001 194820
56.6644 195160
56.7548 195500
56.8456 195840
56.9364 196180
57.0272 196520
57.1183 196860
57.2097 197200
57.3011 197540
57.3925 197880
57.4842 198220
57.5762 198560
57.6683 198900
57.7603 199240
57.8527 199580
57.9453 199920
58.038 200260
58.1307 200600
58.2237 200940
58.317 201280
58.4103 201620
58.5036 201960
58.5972 202300
58.6911 202640
58.785 202980
58.879 203320
58.9732 203660
59.0678 204000
59.1623 204340
59.2569 204680
59.3518 205020
59.447 205360
59.5667 205700
59.7574 206040
59.9484 206380
60.1398 206720
60.3314 207060
60.5234 207400
60.7156 207740
60.9082 208080
61.1011 208420
61.2943 208760
61.4879 209100
61.6817 209440
61.8759 209780
62.0704 210120
62.2652 210460
62.4603 210800
62.6557 211140
62.8514 211480
63.0475 211820
63.2439 212160
63.4405 212500
63.6375 212840
63.8349 213180
64.0325 213520
64.2304 213860
64.4287 214200
64.6273 214540
64.8262 214880
65.0254 215220
65.2249 215560
65.4247 215900
65.6249 216240
65.8253 216580
66.0261 216920
66.2272 217260
66.4286 217600
66.6304 217940
66.8324 218280
67.034 154700
67.135 155040
67.2246 155380
67.234 155720
67.2438 156060
67.2533 156400
67.263 156740
67.2728 157080
67.2823 157420
67.292 157760
67.3104 158100
67.3201 158440
67.3299 158780
67.3397 159120
67.3498 159460
67.3595 159800
67.3693 160140
67.3867 160480
67.3964 160820
67.4065 161160
67.4163 161500
67.4264 161840
67.4365 162180
67.4462 162520
67.4563 162860
67.4726 163200
67.4827 163540
67.4928 163880
67.5029 164220
67.5133 164560
67.5233 164900
67.5334 165240
67.5487 165580
67.5588 165920
67.5692 166260
67.5793 166600
67.5897 166940
67.6001 167280
67.6102 167620
67.6206 167960
67.6348 168300
67.6452 168640
67.6556 168980
67.666 169320
67.6768 169660
67.6872 170000
67.6976 170340
67.7108 170680
67.7212 171020
67.7319 171360
67.7423 171700
67.7531 172040
67.7638 172380
67.7742 172720
67.7849 173060
67.7971 173400
67.8078 173740
67.8185 174080
67.8292 174420
67.8402 174760
67.851 175100
67.8617 175440
67.8729 175780
67.8836 176120
67.8947 176460
67.9054 176800
67.9164 177140
67.9274 177480
67.9382 177820
67.9492 178160
67.9602 178500
67.9712 178840
67.9823 179180
67.9933 179520
68.0047 179860
68.0157 180200
68.0267 180540
68.0381 180880
68.0491 181220
68.0604 181560
68.0715 181900
68.0828 182240
68.0942 182580
68.1052 182920
68.1225 183260
68.1468 183600
68.1714 183940
68.1957 184280
68.224 184620
68.2527 184960
68.2811 185300
68.3154 185640
68.3501 185980
68.3845 186320
68.4191 186660
68.4538 187000
68.4973 187340
68.5408 187680
68.5843 188020
68.6278 188360
68.6713 188700
68.7161 189040
68.7744 189380
68.833 189720
68.8916 190060
68.9503 190400
69.0092 190740
69.0681 191080
69.1271 191420
69.1863 191760
69.2456 192100
69.3049 192440
69.3644 192780
69.424 193120
69.4836 193460
69.5435 193800
69.6034 194140
69.6632 194480
69.7234 194820
69.7877 195160
69.8782 195500
69.969 195840
70.0598 196180
70.1505 196520
70.2416 196860
70.333 197200
70.4244 197540
70.5159 197880
70.6076 198220
70.6996 198560
70.7917 198900
70.8837 199240
70.976 199580
71.0687 199920
71.1614 200260
71.2541 200600
71.347 200940
71.4403 201280
71.5336 201620
71.6269 201960
71.7206 202300
71.8145 202640
71.9084 202980
72.0023 203320
72.0966 203660
72.1911 204000
72.2857 204340
72.3803 204680
72.4751 205020
72.5703 205360
72.6901 205700
72.8808 206040
73.0718 206380
73.2631 206720
73.4548 207060
73.6467 207400
73.839 207740
74.0316 208080
74.2245 208420
74.4177 208760
74.6113 209100
74.8051 209440
74.9993 209780
75.1937 210120
75.3885 210460
75.5836 210800
75.7791 211140
75.9748 211480
76.1709 211820
76.3672 212160
76.5639 212500
76.7609 212840
76.9582 213180
77.1559 213520
77.3538 213860
77.5521 214200
77.7506 214540
77.9495 214880
78.1487 215220
78.3483 215560
78.5481 215900
78.7483 216240
78.9487 216580
79.1495 216920
79.3506 217260
79.552 217600
79.7537 217940
79.9558 218280
80.1574 154700
80.2584 155040
80.348 155380
80.3574 155720
80.3672 156060
80.3766 156400
80.3864 156740
80.3962 157080
80.4056 157420
80.4154 157760
80.4322 158100
80.4394 158440
80.4467 158780
80.4542 159120
80.4615 159460
80.469 159800
80.4763 160140
80.4838 160480
80.4911 160820
80.4987 161160
80.5154 161500
80.5255 161840
80.5356 162180
80.5453 162520
80.5554 162860
80.5655 163200
80.5756 163540
80.5914 163880
80.6015 164220
80.6119 164560
80.622 164900
80.6321 165240
80.6425 165580
80.6525 165920
80.6629 166260
80.6776 166600
80.688 166940
80.6984 167280
80.7085 167620
80.7189 167960
80.7293 168300
80.7397 168640
80.7535 168980
80.7639 169320
80.7746 169660
80.785 170000
80.7954 170340
80.8061 170680
80.8165 171020
80.8272 171360
80.8399 171700
80.8506 172040
80.8613 172380
80.8717 172720
80.8824 173060
80.8931 173400
80.9039 173740
80.9156 174080
80.9263 174420
80.9373 174760
80.948 175100
80.9587 175440
80.9698 175780
80.9805 176120
80.9915 176460
81.0022 176800
81.0133 177140
81.0243 177480
81.035 177820
81.046 178160
81.0571 178500
81.0681 178840
81.0791 179180
81.0902 179520
81.1015 179860
81.1126 180200
81.1236 180540
81.1349 180880
81.146 181220
81.1598 181560
81.1769 181900
81.1936 182240
81.2106 182580
81.2273 182920
81.2481 183260
81.2724 183600
81.2966 183940
81.3212 184280
81.3496 184620
81.3783 184960
81.4069 185300
81.4413 185640
81.476 185980
81.5103 186320
81.545 186660
81.5803 187000
81.6235 187340
81.667 187680
81.7105 188020
81.754 188360
81.7978 188700
81.8429 189040
81.9015 189380
81.9598 189720
82.0184 190060
82.0774 190400
82.136 190740
82.1949 191080
82.2542 191420
82.3131 191760
82.3724 192100
82.432 192440
82.4912 192780
82.5508 193120
82.6107 193460
82.6703 193800
82.7302 194140
82.7904 194480
82.8502 194820
82.9161 195160
83.0066 195500
83.0971 195840
83.1878 196180
83.2789 196520
83.37 196860
83.4611 197200
83.5525 197540
83.6442 197880
83.736 198220
83.8277 198560
83.9197 198900
84.0121 199240
84.1044 199580
84.1968 199920
84.2895 200260
84.3824 200600
84.4754 200940
84.5684 201280
84.6617 201620
84.7553 201960
84.8489 202300
84.9425 202640
85.0365 202980
85.1307 203320
85.225 203660
85.3192 204000
85.4138 204340
85.5086 204680
85.6035 205020
85.6984 205360
85.8223 205700
86.013 206040
86.204 206380
86.3953 206720
86.5869 207060
86.7789 207400
86.9712 207740
87.1638 208080
87.3567 208420
87.5499 208760
87.7434 209100
87.9373 209440
88.1314 209780
88.3259 210120
88.5207 210460
88.7158 210800
88.9112 211140
89.107 211480
89.303 211820
89.4994 212160
89.6961 212500
89.8931 212840
90.0904 213180
90.288 213520
90.486 213860
90.6842 214200
90.8828 214540
91.0817 214880
91.2809 215220
91.4804 215560
91.6803 215900
91.8804 216240
92.0809 216580
92.2817 216920
92.4828 217260
92.6842 217600
92.8859 217940
93.0879 218280
93.2895 154700
93.3905 155040
93.4801 155380
93.4896 155720
93.4994 156060
93.5088 156400
93.5186 156740
93.5284 157080
93.5378 157420
93.5476 157760
93.5659 158100
93.5757 158440
93.5854 158780
93.5952 159120
93.6053 159460
93.6151 159800
93.6248 160140
93.6422 160480
93.652 160820
93.6621 161160
93.6718 161500
93.6819 161840
93.692 162180
93.7018 162520
93.7119 162860
93.7281 163200
93.7382 163540
93.7483 163880
93.7584 164220
93.7688 164560
93.7789 164900
93.789 165240
93.8043 165580
93.8144 165920
93.8248 166260
93.8349 166600
93.8453 166940
93.8557 167280
93.8657 167620
93.8761 167960
93.8904 168300
93.9008 168640
93.9112 168980
93.9216 169320
93.9323 169660
93.9427 170000
93.9531 170340
93.9664 170680
93.9768 171020
93.9875 171360
93.9979 171700
94.0086 172040
94.0193 172380
94.0297 172720
94.0404 173060
94.0526 173400
94.0633 173740
94.074 174080
94.0848 174420
94.0958 174760
94.1065 175100
94.1172 175440
94.1284 175780
94.1392 176120
94.1502 176460
94.1609 176800
94.1719 177140
94.183 177480
94.1937 177820
94.2047 178160
94.2157 178500
94.2268 178840
94.2378 179180
94.2488 179520
94.2602 179860
94.2712 180200
94.2823 180540
94.2936 180880
94.3046 181220
94.316 181560
94.327 181900
94.3384 182240
94.3497 182580
94.3607 182920
94.3781 183260
94.4023 183600
94.4269 183940
94.4512 184280
94.4796 184620
94.5083 184960
94.5366 185300
94.571 185640
94.6057 185980
94.64 186320
94.6747 186660
94.7094 187000
94.7528 187340
94.7963 187680
94.8398 188020
94.8833 188360
94.9268 188700
94.9716 189040
95.0299 189380
95.0885 189720
95.1472 190060
95.2058 190400
95.2647 190740
95.3237 191080
95.3826 191420
95.4419 191760
95.5011 192100
95.5604 192440
95.62 192780
95.6795 193120
95.7391 193460
95.799 193800
95.8589 194140
95.9188 194480
95.979 194820
96.0433 195160
96.1337 195500
96.2245 195840
96.3153 196180
96.4061 196520
96.4972 196860
96.5886 197200
96.68 197540
96.7714 197880
96.8631 198220
96.9552 198560
97.0472 198900
97.1392 199240
97.2316 199580
97.3243 199920
97.4169 200260
97.5096 200600
97.6026 200940
97.6959 201280
97.7892 201620
97.8825 201960
97.9761 202300
98.07 202640
98.1639 202980
98.2579 203320
98.3521 203660
98.4467 204000
98.5412 204340
98.6358 204680
98.7307 205020
98.8259 205360
98.9456 205700
99.1363 206040
99.3273 206380
99.5187 206720
99.7103 207060
99.9023 207400
100.095 207740
100.287 208080
100.48 208420
100.673 208760
100.867 209100
101.061 209440
101.255 209780
101.449 210120
101.644 210460
101.839 210800
102.035 211140
102.23 211480
102.426 211820
102.623 212160
102.819 212500
103.016 212840
103.214 213180
103.411 213520
103.609 213860
103.808 214200
104.006 214540
104.205 214880
104.404 215220
104.604 215560
104.804 215900
105.004 216240
105.204 216580
105.405 216920
105.606 217260
105.808 217600
106.009 217940
106.211 218280
106.413 154700
106.514 155040
106.603 155380
106.613 155720
106.623 156060
106.632 156400
106.642 156740
106.652 157080
106.661 157420
106.671 157760
106.689 158100
106.699 158440
106.709 158780
106.719 159120
106.729 159460
106.738 159800
106.748 160140
106.766 160480
106.775 160820
106.785 161160
106.795 161500
106.805 161840
106.815 162180
106.825 162520
106.835 162860
106.851 163200
106.862 163540
106.872 163880
106.882 164220
106.892 164560
106.902 164900
106.912 165240
106.928 165580
106.938 165920
106.948 166260
106.958 166600
106.969 166940
106.979 167280
106.989 167620
107 167960
107.014 168300
107.024 168640
107.035 168980
107.045 169320
107.056 169660
107.066 170000
107.076 170340
107.09 170680
107.1 171020
107.111 171360
107.121 171700
107.132 172040
107.143 172380
107.153 172720
107.164 173060
107.176 173400
107.187 173740
107.197 174080
107.208 174420
107.219 174760
107.23 175100
107.241 175440
107.252 175780
107.263 176120
107.274 176460
107.284 176800
107.295 177140
107.306 177480
107.317 177820
107.328 178160
107.339 178500
107.35 178840
107.361 179180
107.372 179520
107.384 179860
107.395 180200
107.406 180540
107.417 180880
107.428 181220
107.439 181560
107.45 181900
107.462 182240
107.473 182580
107.484 182920
107.501 183260
107.526 183600
107.55 183940
107.575 184280
107.603 184620
107.632 184960
107.66 185300
107.694 185640
107.729 185980
107.763 186320
107.798 186660
107.833 187000
107.876 187340
107.92 187680
107.963 188020
108.007 188360
108.05 188700
108.095 189040
108.153 189380
108.212 189720
108.271 190060
108.329 190400
108.388 190740
108.447 191080
108.506 191420
108.565 191760
108.625 192100
108.684 192440
108.743 192780
108.803 193120
108.862 193460
108.922 193800
108.982 194140
109.042 194480
109.102 194820
109.167 195160
109.257 195500
109.348 195840
109.439 196180
109.529 196520
109.621 196860
109.712 197200
109.803 197540
109.895 197880
109.986 198220
110.079 198560
110.171 198900
110.263 199240
110.355 199580
110.448 199920
110.54 200260
110.633 200600
110.726 200940
110.819 201280
110.913 201620
111.006 201960
111.099 202300
111.193 202640
111.287 202980
111.381 203320
111.475 203660
111.57 204000
111.665 204340
111.759 204680
111.854 205020
111.949 205360
112.069 205700
112.26 206040
112.451 206380
112.642 206720
112.834 207060
113.026 207400
113.218 207740
113.411 208080
113.603 208420
113.797 208760
113.99 209100
114.184 209440
114.378 209780
114.573 210120
114.767 210460
114.963 210800
115.158 211140
115.354 211480
115.55 211820
115.746 212160
115.943 212500
116.14 212840
116.337 213180
116.535 213520
116.733 213860
116.931 214200
117.13 214540
117.328 214880
117.528 215220
117.727 215560
117.927 215900
118.127 216240
118.328 216580
118.528 216920
118.73 217260
118.931 217600
119.133 217940
119.335 218280
119.536 154700
119.637 155040
119.727 155380
119.736 155720
119.746 156060
119.756 156400
119.765 156740
119.775 157080
119.785 157420
119.794 157760
119.813 158100
119.822 158440
119.832 158780
119.842 159120
119.852 159460
119.862 159800
119.872 160140
119.889 160480
119.899 160820
119.909 161160
119.919 161500
119.929 161840
119.939 162180
119.949 162520
119.959 162860
119.975 163200
119.985 163540
119.995 163880
120.005 164220
120.016 164560
120.026 164900
120.036 165240
120.051 165580
120.061 165920
120.072 166260
120.082 166600
120.092 166940
120.102 167280
120.112 167620
120.123 167960
120.137 168300
120.148 168640
120.158 168980
120.168 169320
120.179 169660
120.189 170000
120.2 170340
120.213 170680
120.224 171020
120.234 171360
120.245 171700
120.255 172040
120.266 172380
120.276 172720
120.287 173060
120.299 173400
120.31 173740
120.321 174080
120.331 174420
120.343 174760
120.353 175100
120.364 175440
120.375 175780
120.386 176120
120.397 176460
120.408 176800
120.419 177140
120.43 177480
120.44 177820
120.451 178160
120.462 178500
120.474 178840
120.485 179180
120.496 179520
120.507 179860
120.518 180200
120.529 180540
120.54 180880
120.551 181220
120.563 181560
120.574 181900
120.585 182240
120.596 182580
120.607 182920
120.625 183260
120.649 183600
120.674 183940
120.698 184280
120.726 184620
120.755 184960
120.783 185300
120.818 185640
120.852 185980
120.887 186320
120.921 186660
120.956 187000
121 187340
121.043 187680
121.087 188020
121.13 188360
121.174 188700
121.218 189040
121.277 189380
121.335 189720
121.394 190060
121.453 190400
121.511 190740
121.57 191080
121.629 191420
121.689 191760
121.748 192100
121.807 192440
121.867 192780
121.926 193120
121.986 193460
122.046 193800
122.106 194140
122.166 194480
122.226 194820
122.29 195160
122.38 195500
122.471 195840
122.562 196180
122.653 196520
122.744 196860
122.835 197200
122.927 197540
123.018 197880
123.11 198220
123.202 198560
123.294 198900
123.386 199240
123.478 199580
123.571 199920
123.664 200260
123.756 200600
123.849 200940
123.943 201280
124.036 201620
124.129 201960
124.223 202300
124.317 202640
124.411 202980
124.505 203320
124.599 203660
124.693 204000
124.788 204340
124.883 204680
124.977 205020
125.073 205360
125.192 205700
125.383 206040
125.574 206380
125.765 206720
125.957 207060
126.149 207400
126.341 207740
126.534 208080
126.727 208420
126.92 208760
127.114 209100
127.307 209440
127.502 209780
127.696 210120
127.891 210460
128.086 210800
128.281 211140
128.477 211480
128.673 211820
128.87 212160
129.066 212500
129.263 212840
129.461 213180
129.658 213520
129.856 213860
130.054 214200
130.253 214540
130.452 214880
130.651 215220
130.851 215560
131.05 215900
131.251 216240
131.451 216580
131.652 216920
131.853 217260
132.054 217600
132.256 217940
132.458 218280
132.66 154700
132.761 155040
132.85 155380
132.86 155720
132.869 156060
132.879 156400
132.889 156740
132.898 157080
132.908 157420
132.918 157760
132.936 158100
132.946 158440
132.956 158780
132.965 159120
132.975 159460
132.985 159800
132.995 160140
133.012 160480
133.022 160820
133.032 161160
133.042 161500
133.052 161840
133.062 162180
133.072 162520
133.082 162860
133.098 163200
133.108 163540
133.118 163880
133.128 164220
133.139 164560
133.149 164900
133.159 165240
133.174 165580
133.184 165920
133.195 166260
133.205 166600
133.215 166940
133.226 167280
133.236 167620
133.246 167960
133.26 168300
133.271 168640
133.281 168980
133.292 169320
133.302 169660
133.313 170000
133.323 170340
133.336 170680
133.347 171020
133.358 171360
133.368 171700
133.379 172040
133.389 172380
133.4 172720
133.411 173060
133.423 173400
133.433 173740
133.444 174080
133.455 174420
133.466 174760
133.477 175100
133.487 175440
133.499 175780
133.509 176120
133.52 176460
133.531 176800
133.542 177140
133.553 177480
133.564 177820
133.575 178160
133.586 178500
133.597 178840
133.608 179180
133.619 179520
133.63 179860
133.641 180200
133.652 180540
133.664 180880
133.675 181220
133.686 181560
133.697 181900
133.708 182240
133.72 182580
133.731 182920
133.748 183260
133.772 183600
133.797 183940
133.821 184280
133.85 184620
133.878 184960
133.907 185300
133.941 185640
133.976 185980
134.01 186320
134.045 186660
134.079 187000
134.123 187340
134.166 187680
134.21 188020
134.253 188360
134.297 188700
134.342 189040
134.4 189380
134.459 189720
134.517 190060
134.576 190400
134.635 190740
134.694 191080
134.753 191420
134.812 191760
134.871 192100
134.931 192440
134.99 192780
135.05 193120
135.109 193460
135.169 193800
135.229 194140
135.289 194480
135.349 194820
135.413 195160
135.504 195500
135.595 195840
135.685 196180
135.776 196520
135.867 196860
135.959 197200
136.05 197540
136.142 197880
136.233 198220
136.325 198560
136.417 198900
136.509 199240
136.602 199580
136.694 199920
136.787 200260
136.88 200600
136.973 200940
137.066 201280
137.159 201620
137.253 201960
137.346 202300
137.44 202640
137.534 202980
137.628 203320
137.722 203660
137.817 204000
137.911 204340
138.006 204680
138.101 205020
138.196 205360
138.316 205700
138.506 206040
138.697 206380
138.889 206720
139.08 207060
139.272 207400
139.465 207740
139.657 208080
139.85 208420
140.043 208760
140.237 209100
140.431 209440
140.625 209780
140.819 210120
141.014 210460
141.209 210800
141.405 211140
141.6 211480
141.797 211820
141.993 212160
142.19 212500
142.387 212840
142.584 213180
142.782 213520
142.979 213860
143.178 214200
143.376 214540
143.575 214880
143.774 215220
143.974 215560
144.174 215900
144.374 216240
144.574 216580
144.775 216920
144.976 217260
145.178 217600
145.379 217940
145.581 218280
145.783 154700
145.884 155040
145.974 155380
145.983 155720
145.993 156060
146.002 156400
146.012 156740
146.022 157080
146.031 157420
146.041 157760
146.058 158100
146.065 158440
146.072 158780
146.08 159120
146.087 159460
146.095 159800
146.102 160140
146.109 160480
146.117 160820
146.124 161160
146.141 161500
146.151 161840
146.161 162180
146.171 162520
146.181 162860
146.191 163200
146.201 163540
146.217 163880
146.227 164220
146.238 164560
146.248 164900
146.258 165240
146.268 165580
146.278 165920
146.289 166260
146.303 166600
146.314 166940
146.324 167280
146.334 167620
146.345 167960
146.355 168300
146.365 168640
146.379 168980
146.39 169320
146.4 169660
146.411 170000
146.421 170340
146.432 170680
146.442 171020
146.453 171360
146.466 171700
146.476 172040
146.487 172380
146.497 172720
146.508 173060
146.519 173400
146.529 173740
146.541 174080
146.552 174420
146.563 174760
146.574 175100
146.584 175440
146.595 175780
146.606 176120
146.617 176460
146.628 176800
146.639 177140
146.65 177480
146.661 177820
146.672 178160
146.683 178500
146.694 178840
146.705 179180
146.716 179520
146.727 179860
146.738 180200
146.749 180540
146.761 180880
146.772 181220
146.785 181560
146.802 181900
146.819 182240
146.836 182580
146.853 182920
146.874 183260
146.898 183600
146.922 183940
146.947 184280
146.975 184620
147.004 184960
147.033 185300
147.067 185640
147.102 185980
147.136 186320
147.171 186660
147.206 187000
147.249 187340
147.293 187680
147.336 188020
147.38 188360
147.423 188700
147.469 189040
147.527 189380
147.585 189720
147.644 190060
147.703 190400
147.762 190740
147.821 191080
147.88 191420
147.939 191760
147.998 192100
148.058 192440
148.117 192780
148.176 193120
148.236 193460
148.296 193800
148.356 194140
148.416 194480
148.476 194820
148.542 195160
148.632 195500
148.723 195840
148.813 196180
148.905 196520
148.996 196860
149.087 197200
149.178 197540
149.27 197880
149.362 198220
149.453 198560
149.545 198900
149.638 199240
149.73 199580
149.822 199920
149.915 200260
150.008 200600
150.101 200940
150.194 201280
150.287 201620
150.381 201960
150.475 202300
150.568 202640
150.662 202980
150.756 203320
150.851 203660
150.945 204000
151.039 204340
151.134 204680
151.229 205020
151.324 205360
151.448 205700
151.639 206040
151.83 206380
152.021 206720
152.213 207060
152.405 207400
152.597 207740
152.789 208080
152.982 208420
153.176 208760
153.369 209100
153.563 209440
153.757 209780
153.952 210120
154.146 210460
154.341 210800
154.537 211140
154.733 211480
154.929 211820
155.125 212160
155.322 212500
155.519 212840
155.716 213180
155.914 213520
156.112 213860
156.31 214200
156.508 214540
156.707 214880
156.907 215220
157.106 215560
157.306 215900
157.506 216240
157.707 216580
157.907 216920
158.108 217260
158.31 217600
158.512 217940
158.714 218280
158.915 154700
159.016 155040
159.106 155380
159.115 155720
159.125 156060
159.134 156400
159.144 156740
159.154 157080
159.163 157420
159.173 157760
159.192 158100
159.201 158440
159.211 158780
159.221 159120
159.231 159460
159.241 159800
159.25 160140
159.268 160480
159.278 160820
159.288 161160
159.297 161500
159.308 161840
159.318 162180
159.327 162520
159.338 162860
159.354 163200
159.364 163540
159.374 163880
159.384 164220
159.394 164560
159.405 164900
159.415 165240
159.43 165580
159.44 165920
159.45 166260
159.46 166600
159.471 166940
159.481 167280
159.491 167620
159.502 167960
159.516 168300
159.526 168640
159.537 168980
159.547 169320
159.558 169660
159.568 170000
159.579 170340
159.592 170680
159.602 171020
159.613 171360
159.624 171700
159.634 172040
159.645 172380
159.655 172720
159.666 173060
159.678 173400
159.689 173740
159.7 174080
159.71 174420
159.721 174760
159.732 175100
159.743 175440
159.754 175780
159.765 176120
159.776 176460
159.787 176800
159.798 177140
159.809 177480
159.819 177820
159.83 178160
159.841 178500
159.852 178840
159.863 179180
159.874 179520
159.886 179860
159.897 180200
159.908 180540
159.919 180880
159.93 181220
159.942 181560
159.953 181900
159.964 182240
159.975 182580
159.986 182920
160.004 183260
160.028 183600
160.053 183940
160.077 184280
160.105 184620
160.134 184960
160.162 185300
160.197 185640
160.231 185980
160.266 186320
160.3 186660
160.335 187000
160.378 187340
160.422 187680
160.465 188020
160.509 188360
160.552 188700
160.597 189040
160.656 189380
160.714 189720
160.773 190060
160.831 190400
160.89 190740
160.949 191080
161.008 191420
161.068 191760
161.127 192100
161.186 192440
161.246 192780
161.305 193120
161.365 193460
161.425 193800
161.485 194140
161.544 194480
161.605 194820
161.669 195160
161.759 195500
161.85 195840
161.941 196180
162.032 196520
162.123 196860
162.214 197200
162.306 197540
162.397 197880
162.489 198220
162.581 198560
162.673 198900
162.765 199240
162.857 199580
162.95 199920
163.043 200260
163.135 200600
163.228 200940
163.322 201280
163.415 201620
163.508 201960
163.602 202300
163.696 202640
163.79 202980
163.884 203320
163.978 203660
164.072 204000
164.167 204340
164.261 204680
164.356 205020
164.452 205360
164.571 205700
164.762 206040
164.953 206380
165.144 206720
165.336 207060
165.528 207400
165.72 207740
165.913 208080
166.106 208420
166.299 208760
166.492 209100
166.686 209440
166.88 209780
167.075 210120
167.27 210460
167.465 210800
167.66 211140
167.856 211480
168.052 211820
168.248 212160
168.445 212500
168.642 212840
168.839 213180
169.037 213520
169.235 213860
169.433 214200
169.632 214540
169.831 214880
170.03 215220
170.229 215560
170.429 215900
170.629 216240
170.83 216580
171.031 216920
171.232 217260
171.433 217600
171.635 217940
171.837 218280
172.039 154700
172.14 155040
172.229 155380
172.239 155720
172.248 156060
172.258 156400
172.268 156740
172.277 157080
172.287 157420
172.297 157760
172.315 158100
172.325 158440
172.334 158780
172.344 159120
172.354 159460
172.364 159800
172.374 160140
172.391 160480
172.401 160820
172.411 161160
172.421 161500
172.431 161840
172.441 162180
172.451 162520
172.461 162860
172.477 163200
172.487 163540
172.497 163880
172.507 164220
172.518 164560
172.528 164900
172.538 165240
172.553 165580
172.563 165920
172.574 166260
172.584 166600
172.594 166940
172.605 167280
172.615 167620
172.625 167960
172.639 168300
172.65 168640
172.66 168980
172.671 169320
172.681 169660
172.692 170000
172.702 170340
172.715 170680
172.726 171020
172.736 171360
172.747 171700
172.758 172040
172.768 172380
172.779 172720
172.789 173060
172.802 173400
172.812 173740
172.823 174080
172.834 174420
172.845 174760
172.856 175100
172.866 175440
172.877 175780
172.888 176120
172.899 176460
172.91 176800
172.921 177140
172.932 177480
172.943 177820
172.954 178160
172.965 178500
172.976 178840
172.987 179180
172.998 179520
173.009 179860
173.02 180200
173.031 180540
173.043 180880
173.054 181220
173.065 181560
173.076 181900
173.087 182240
173.099 182580
173.11 182920
173.127 183260
173.151 183600
173.176 183940
173.2 184280
173.229 184620
173.257 184960
173.286 185300
173.32 185640
173.355 185980
173.389 186320
173.424 186660
173.458 187000
173.502 187340
173.545 187680
173.589 188020
173.632 188360
173.676 188700
173.721 189040
173.779 189380
173.838 189720
173.896 190060
173.955 190400
174.014 190740
174.073 191080
174.132 191420
174.191 191760
174.25 192100
174.309 192440
174.369 192780
174.429 193120
174.488 193460
174.548 193800
174.608 194140
174.668 194480
174.728 194820
174.792 195160
174.883 195500
174.974 195840
175.064 196180
175.155 196520
175.246 196860
175.338 197200
175.429 197540
175.52 197880
175.612 198220
175.704 198560
175.796 198900
175.888 199240
175.981 199580
176.073 199920
176.166 200260
176.259 200600
176.352 200940
176.445 201280
176.538 201620
176.631 201960
176.725 202300
176.819 202640
176.913 202980
177.007 203320
177.101 203660
177.196 204000
177.29 204340
177.385 204680
177.48 205020
177.575 205360
177.695 205700
177.885 206040
178.076 206380
178.268 206720
178.459 207060
178.651 207400
178.844 207740
179.036 208080
179.229 208420
179.422 208760
179.616 209100
179.81 209440
180.004 209780
180.198 210120
180.393 210460
180.588 210800
180.784 211140
180.979 211480
181.175 211820
181.372 212160
181.568 212500
181.765 212840
181.963 213180
182.16 213520
182.358 213860
182.557 214200
182.755 214540
182.954 214880
183.153 215220
183.353 215560
183.553 215900
183.753 216240
183.953 216580
184.154 216920
184.355 217260
184.557 217600
184.758 217940
184.96 218280
185.162 154700
185.263 155040
185.353 155380
185.362 155720
185.372 156060
185.381 156400
185.391 156740
185.401 157080
185.41 157420
185.42 157760
185.438 158100
185.448 158440
185.458 158780
185.468 159120
185.478 159460
185.487 159800
185.497 160140
185.515 160480
185.524 160820
185.534 161160
185.544 161500
185.554 161840
185.564 162180
185.574 162520
185.584 162860
185.601 163200
185.611 163540
185.621 163880
185.631 164220
185.641 164560
185.651 164900
185.661 165240
185.677 165580
185.687 165920
185.697 166260
185.707 166600
185.718 166940
185.728 167280
185.738 167620
185.749 167960
185.763 168300
185.773 168640
185.784 168980
185.794 169320
185.805 169660
185.815 170000
185.825 170340
185.839 170680
185.849 171020
185.86 171360
185.87 171700
185.881 172040
185.892 172380
185.902 172720
185.913 173060
185.925 173400
185.936 173740
185.946 174080
185.957 174420
185.968 174760
185.979 175100
185.99 175440
186.001 175780
186.012 176120
186.023 176460
186.033 176800
186.044 177140
186.055 177480
186.066 177820
186.077 178160
186.088 178500
186.099 178840
186.11 179180
186.121 179520
186.133 179860
186.144 180200
186.155 180540
186.166 180880
186.177 181220
186.188 181560
186.199 181900
186.211 182240
186.222 182580
186.233 182920
186.25 183260
186.275 183600
186.299 183940
186.324 184280
186.352 184620
186.381 184960
186.409 185300
186.443 185640
186.478 185980
186.512 186320
186.547 186660
186.582 187000
186.625 187340
186.669 187680
186.712 188020
186.756 188360
186.799 188700
186.844 189040
186.902 189380
186.961 189720
187.02 190060
187.078 190400
187.137 190740
187.196 191080
187.255 191420
187.314 191760
187.374 192100
187.433 192440
187.492 192780
187.552 193120
187.611 193460
187.671 193800
187.731 194140
187.791 194480
187.851 194820
187.916 195160
188.006 195500
188.097 195840
188.188 196180
188.278 196520
188.37 196860
188.461 197200
188.552 197540
188.644 197880
188.735 198220
188.828 198560
188.92 198900
189.012 199240
189.104 199580
189.197 199920
189.289 200260
189.382 200600
189.475 200940
189.568 201280
189.662 201620
189.755 201960
189.848 202300
189.942 202640
190.036 202980
190.13 203320
190.225 203660
190.319 204000
190.414 204340
190.508 204680
190.603 205020
190.698 205360
190.818 205700
191.009 206040
191.2 206380
191.391 206720
191.583 207060
191.775 207400
191.967 207740
192.16 208080
192.352 208420
192.546 208760
192.739 209100
192.933 209440
193.127 209780
193.322 210120
193.516 210460
193.712 210800
193.907 211140
194.103 211480
194.299 211820
194.495 212160
194.692 212500
194.889 212840
195.086 213180
195.284 213520
195.482 213860
195.68 214200
195.879 214540
196.077 214880
196.277 215220
196.476 215560
196.676 215900
196.876 216240
197.077 216580
197.277 216920
197.479 217260
197.68 217600
197.882 217940
