0.160065 34000
0.320321 34340
0.320636 34680
0.320951 35020
0.321267 35360
0.321582 35700
0.321897 36040
0.322212 36380
0.322527 36720
0.322843 37060
0.323158 37400
0.323473 37740
0.323788 38080
0.324103 38420
0.324419 38760
0.324734 39100
0.325049 39440
0.325364 39780
0.325679 40120
0.325995 40460
0.32631 40800
0.326625 41140
0.32694 41480
0.327255 41820
0.327571 42160
0.327886 42500
0.328201 42840
0.328516 43180
0.328831 43520
0.329147 43860
0.329462 44200
0.329777 44540
0.330092 44880
0.330407 45220
0.330723 45560
0.331038 45900
0.331353 46240
0.331668 46580
0.331983 46920
0.332299 47260
0.332614 47600
0.332929 47940
0.333244 48280
0.333559 48620
0.333875 48960
0.33419 49300
0.334505 49640
0.33482 49980
0.335135 50320
0.335451 50660
0.335766 51000
0.480572 51340
0.480887 51680
0.481203 52020
0.481518 52360
0.481833 52700
0.482148 53040
0.482463 53380
0.482779 53720
0.483094 54060
0.483409 54400
0.483724 54740
0.484039 55080
0.484355 55420
0.48467 55760
0.484985 56100
0.4853 56440
0.485615 56780
0.485931 57120
0.486246 57460
0.486561 57800
0.486876 58140
0.487191 58480
0.487507 58820
0.487822 59160
0.488137 59500
0.488452 59840
0.488767 60180
0.489083 60520
0.489398 60860
0.489713 61200
0.490028 61540
0.490343 61880
0.490659 62220
0.490974 62560
0.491289 62900
0.491604 63240
0.491919 63580
0.492235 63920
0.49255 64260
0.492865 64600
0.49318 64940
0.493495 65280
0.493811 65620
0.494126 65960
0.494441 66300
0.494756 66640
0.495071 66980
0.495387 67320
0.495702 67660
0.496017 68000
0.496332 68340
0.496647 68680
0.496963 69020
0.497278 69360
0.497593 69700
0.497908 70040
0.498223 70380
0.498539 70720
0.498854 71060
0.499169 71400
0.499484 71740
0.499799 72080
0.500115 72420
0.50043 72760
0.500745 73100
0.50106 73440
0.501375 73780
0.501691 74120
0.502006 74460
0.502321 74800
0.502636 75140
0.502951 75480
0.503267 75820
0.503582 76160
0.503897 76500
0.640981 76840
0.641296 77180
0.641611 77520
0.641927 77860
0.642242 78200
0.642557 78540
0.642872 78880
0.643187 79220
0.643503 79560
0.643818 79900
0.644133 80240
0.644448 80580
0.644763 80920
0.645079 81260
0.645394 81600
0.645709 81940
0.646024 82280
0.646339 82620
0.646655 82960
0.64697 83300
0.647285 83640
0.6476 83980
0.647915 84320
0.648231 84660
0.648546 85000
0.648861 85340
0.649176 85680
0.649491 86020
0.649807 86360
0.650122 86700
0.650437 87040
0.650752 87380
0.651067 87720
0.651383 88060
0.651698 88400
0.652013 88740
0.652328 89080
0.652643 89420
0.652959 89760
0.653274 90100
0.653589 90440
0.653904 90780
0.654219 91120
0.654535 91460
0.65485 91800
0.655165 92140
0.65548 92480
0.655795 92820
0.656111 93160
0.656426 93500
0.656741 93840
0.657056 94180
0.657371 94520
0.657687 94860
0.658002 95200
0.658317 95540
0.658632 95880
0.658947 96220
0.659263 96560
0.659578 96900
0.659893 97240
0.660208 97580
0.660523 97920
0.660839 98260
0.661154 98600
0.661469 98940
0.661784 99280
0.662099 99620
0.662415 99960
0.66273 100300
0.663045 100640
0.66336 100980
0.663675 101320
0.663991 101660
0.664306 102000
0.664621 102340
0.664936 102680
0.665251 103020
0.665567 103360
0.665882 103700
0.666197 104040
0.666512 104380
0.666827 104720
0.667143 105060
0.667458 105400
0.667773 105740
0.668088 106080
0.668403 106420
0.668719 106760
0.669034 107100
0.669349 107440
0.669664 107780
0.669979 108120
0.670295 108460
0.67061 108800
0.670925 109140
0.67124 109480
0.671555 109820
0.671871 110160
0.672186 110500
0.672501 110840
0.672816 111180
0.673131 111520
0.673447 111860
0.673762 112200
0.674077 112540
0.674392 112880
0.674707 113220
0.675023 113560
0.675338 113900
0.675653 114240
0.675968 114580
0.801232 114920
0.801548 115260
0.801863 115600
0.802178 115940
0.802493 116280
0.802808 116620
0.803124 116960
0.803439 117300
0.803754 117640
0.804069 117980
0.804384 118320
0.8047 118660
0.805015 119000
0.80533 119340
0.805645 119680
0.80596 120020
0.806276 120360
0.806591 120700
0.806906 121040
0.807221 121380
0.807536 121720
0.807852 122060
0.808167 122400
0.808482 122740
0.808797 123080
0.809112 123420
0.809428 123760
0.809743 124100
0.810058 124440
0.810373 124780
0.810688 125120
0.811004 125460
0.811319 125800
0.811634 126140
0.811949 126480
0.812264 126820
0.81258 127160
0.812895 127500
0.81321 127840
0.813525 128180
0.81384 128520
0.814156 128860
0.814471 129200
0.814786 129540
0.815101 129880
0.815416 130220
0.815732 130560
0.816047 130900
0.816362 131240
0.816677 131580
0.816992 131920
0.817308 132260
0.817623 132600
0.817938 132940
0.818253 133280
0.818568 133620
0.818884 133960
0.819199 134300
0.819514 134640
0.819829 134980
0.820144 135320
0.82046 135660
0.820775 136000
0.82109 136340
0.821405 136680
0.82172 137020
0.822036 137360
0.822351 137700
0.822666 138040
0.822981 138380
0.823296 138720
0.823612 139060
0.823927 139400
0.824242 139740
0.824557 140080
0.824872 140420
0.825188 140760
0.825503 141100
0.825818 141440
0.826133 141780
0.826448 142120
0.826764 142460
0.827079 142800
0.827394 143140
0.827709 143480
0.828024 143820
0.82834 144160
0.828655 144500
0.82897 144840
0.829285 145180
0.8296 145520
0.829916 145860
0.830231 146200
0.830546 146540
0.830861 146880
0.831176 147220
0.831492 147560
0.831807 147900
0.832122 148240
0.832437 148580
0.832752 148920
0.833068 149260
0.833383 149600
0.833698 149940
0.834013 150280
0.834328 150620
0.834644 150960
0.834959 151300
0.835274 151640
0.835589 151980
0.835904 152320
0.83622 152660
0.836535 153000
0.83685 153340
0.837165 153680
0.83748 154020
0.837796 154360
0.838111 154700
0.838426 155040
0.838741 155380
0.839056 155720
0.839372 156060
0.839687 156400
0.840002 156740
0.840317 157080
0.840632 157420
0.840948 157760
0.841263 158100
0.841578 158440
0.841893 158780
0.842208 159120
0.842524 159460
0.842839 159800
0.843154 160140
0.843469 160480
0.843784 160820
0.8441 161160
0.844415 161500
0.84473 161840
0.845045 162180
0.84536 162520
0.845676 162860
0.845991 163200
0.846306 163540
0.846621 163880
0.846936 164220
0.847252 164560
0.847567 164900
0.847882 165240
0.848197 165580
0.848512 165920
0.848828 166260
0.849143 166600
0.849458 166940
0.849773 167280
0.850088 167620
0.850404 167960
0.850719 168300
0.851034 168640
0.851349 168980
0.851664 169320
0.85198 169660
0.852295 170000
0.85261 170340
0.852925 170680
0.85324 171020
0.853556 171360
0.853871 171700
0.961484 172040
0.961799 172380
0.962114 172720
0.962429 173060
0.962744 173400
0.96306 173740
0.963375 174080
0.96369 174420
0.964005 174760
0.96432 175100
0.964636 175440
0.964951 175780
0.965266 176120
0.965581 176460
0.965896 176800
0.966212 177140
0.966527 177480
0.966842 177820
0.967157 178160
0.967472 178500
0.967788 178840
0.968103 179180
0.968418 179520
0.968733 179860
0.969048 180200
0.969364 180540
0.969679 180880
0.969994 181220
0.970309 181560
0.970624 181900
0.97094 182240
0.971255 182580
0.97157 182920
0.971885 183260
0.9722 183600
0.972516 183940
0.972831 184280
0.973146 184620
0.973461 184960
0.973776 185300
0.974092 185640
0.974407 185980
0.974722 186320
0.975037 186660
0.975352 187000
0.975668 187340
0.975983 187680
0.976298 188020
0.976613 188360
0.976928 188700
0.977244 189040
0.977559 189380
0.977874 189720
0.978189 190060
0.978504 190400
0.97882 190740
0.979135 191080
0.97945 191420
0.979765 191760
0.98008 192100
0.980396 192440
0.980711 192780
0.981026 193120
0.981341 193460
0.981656 193800
0.981972 194140
0.982287 194480
0.982602 194820
0.982917 195160
0.983232 195500
0.983548 195840
0.983863 196180
0.984178 196520
0.984493 196860
0.984808 197200
0.985124 197540
0.985439 197880
0.985754 198220
0.986069 198560
0.986384 198900
0.9867 199240
0.987015 199580
0.98733 199920
0.987645 200260
0.98796 200600
0.988276 200940
0.988591 201280
0.988906 201620
0.989221 201960
0.989536 202300
0.989852 202640
0.990167 202980
0.990482 203320
0.990797 203660
0.991112 204000
0.991428 204340
0.991743 204680
0.992058 205020
0.992373 205360
0.992688 205700
0.993004 206040
0.993319 206380
0.993634 206720
0.993949 207060
0.994264 207400
0.99458 207740
0.994895 208080
0.99521 208420
0.995525 208760
0.99584 209100
0.996156 209440
0.996471 209780
0.996786 210120
0.997101 210460
0.997416 210800
0.997732 211140
0.998047 211480
0.998362 211820
0.998677 212160
0.998992 212500
0.999308 212840
0.999623 213180
0.999938 213520
1.00025 213860
1.00057 214200
1.00088 214540
1.0012 214880
1.00151 215220
1.00183 215560
1.00214 215900
1.00246 216240
1.00277 216580
1.00309 216920
1.00341 217260
1.00372 217600
1.00404 217940
1.00435 218280
1.00467 218620
1.00498 218960
1.0053 219300
1.00561 219640
1.00593 219980
1.00624 220320
1.00656 220660
1.00687 221000
1.00719 221340
1.0075 221680
1.00782 222020
1.00813 222360
1.00845 222700
1.00876 223040
1.00908 223380
1.00939 223720
1.00971 224060
1.01002 224400
1.01034 224740
1.01065 225080
1.01097 225420
1.01129 225760
1.0116 226100
1.01192 226440
1.01223 226780
1.01255 227120
1.01286 227460
1.01318 227800
1.01349 228140
1.01381 228480
1.01412 228820
1.01444 229160
1.01475 229500
1.01507 229840
1.01538 230180
1.0157 230520
1.01601 230860
1.01633 231200
1.01664 231540
1.01696 231880
1.01727 232220
1.01759 232560
1.0179 232900
1.01822 233240
1.01853 233580
1.01885 233920
1.01917 234260
1.01948 234600
1.0198 234940
1.02011 235280
1.02043 235620
1.02074 235960
1.02106 236300
1.02137 236640
1.02169 236980
1.022 237320
1.02232 237660
1.02263 238000
1.02295 238340
1.02326 238680
1.02358 239020
1.02389 239360
1.02421 239700
1.02452 240040
1.02484 240380
1.02515 240720
1.02547 241060
1.02578 241400
1.0261 241740
1.02641 242080
1.02673 242420
1.02705 242760
1.02736 243100
1.02768 243440
1.02799 243780
1.02831 244120
1.02862 244460
1.02894 244800
1.02925 245140
1.02957 245480
1.02988 245820
1.0302 246160
1.03051 246500
1.03083 246840
1.03114 247180
1.03146 247520
1.03177 247860
1.03209 248200
1.0324 248540
1.03272 248880
1.03303 249220
1.03335 249560
1.03366 249900
1.03398 250240
1.03429 250580
1.03461 250920
1.03493 251260
1.03524 251600
1.03556 251940
1.03587 252280
1.03619 252620
1.0365 252960
1.03682 253300
1.03713 253640
1.03745 253980
1.03776 254320
1.03808 254660
1.03839 255000
1.03871 255340
1.03902 255680
1.03934 256020
1.03965 256360
1.03997 256700
1.04028 257040
1.0406 257380
1.12173 257720
1.12205 258060
1.12237 258400
1.12268 258740
1.123 259080
1.12331 259420
1.12363 259760
1.12394 260100
1.12426 260440
1.12457 260780
1.12489 261120
1.1252 261460
1.12552 261800
1.12583 262140
1.12615 262480
1.12646 262820
1.12678 263160
1.12709 263500
1.12741 263840
1.12772 264180
1.12804 264520
1.12835 264860
1.12867 265200
1.12898 265540
1.1293 265880
1.12961 266220
1.12993 266560
1.13025 266900
1.13056 267240
1.13088 267580
1.13119 267920
1.13151 268260
1.13182 268600
1.13214 268940
1.13245 269280
1.13277 269620
1.13308 269960
1.1334 270300
1.13371 270640
1.13403 270980
1.13434 271320
1.13466 271660
1.13497 272000
1.13529 272340
1.1356 272680
1.13592 273020
1.13623 273360
1.13655 273700
1.13686 274040
1.13718 274380
1.13749 274720
1.13781 275060
1.13813 275400
1.13844 275740
1.13876 276080
1.13907 276420
1.13939 276760
1.1397 277100
1.14002 277440
1.14033 277780
1.14065 278120
1.14096 278460
1.14128 278800
1.14159 279140
1.14191 279480
1.14222 279820
1.14254 280160
1.14285 280500
1.14317 280840
1.14348 281180
1.1438 281520
1.14411 281860
1.14443 282200
1.14474 282540
1.14506 282880
1.14537 283220
1.14569 283560
1.14601 283900
1.14632 284240
1.14664 284580
1.14695 284920
1.14727 285260
1.14758 285600
1.1479 285940
1.14821 286280
1.14853 286620
1.14884 286960
1.14916 287300
1.14947 287640
1.14979 287980
1.1501 288320
1.15042 288660
1.15073 289000
1.15105 289340
1.15136 289680
1.15168 290020
1.15199 290360
1.15231 290700
1.15262 291040
1.15294 291380
1.15325 291720
1.15357 292060
1.15389 292400
1.1542 292740
1.15452 293080
1.15483 293420
1.15515 293760
1.15546 294100
1.15578 294440
1.15609 294780
1.15641 295120
1.15672 295460
1.15704 295800
1.15735 296140
1.15767 296480
1.15798 296820
1.1583 297160
1.15861 297500
1.15893 297840
1.15924 298180
1.15956 298520
1.15987 298860
1.16019 299200
1.1605 299540
1.16082 299880
1.16113 300220
1.16145 300560
1.16177 300900
1.16208 301240
1.1624 301580
1.16271 301920
1.16303 302260
1.16334 302600
1.16366 302940
1.16397 303280
1.16429 303620
1.1646 303960
1.16492 304300
1.16523 304640
1.16555 304980
1.16586 305320
1.16618 305660
1.16649 306000
1.16681 306340
1.16712 306680
1.16744 307020
1.16775 307360
1.16807 307700
1.16838 308040
1.1687 308380
1.16901 308720
1.16933 309060
1.16965 309400
1.16996 309740
1.17028 310080
1.17059 310420
1.17091 310760
1.17122 311100
1.17154 311440
1.17185 311780
1.17217 312120
1.17248 312460
1.1728 312800
1.17311 313140
1.17343 313480
1.17374 313820
1.17406 314160
1.17437 314500
1.17469 314840
1.175 315180
1.17532 315520
1.17563 315860
1.17595 316200
1.17626 316540
1.17658 316880
1.17689 317220
1.17721 317560
1.17753 317900
1.17784 318240
1.17816 318580
1.17847 318920
1.17879 319260
1.1791 319600
1.17942 319940
1.17973 320280
1.18005 320620
1.18036 320960
1.18068 321300
1.18099 321640
1.18131 321980
1.18162 322320
1.18194 322660
1.18225 323000
1.18257 323340
1.18288 323680
1.1832 324020
1.18351 324360
1.18383 324700
1.18414 325040
1.18446 325380
1.18477 325720
1.18509 326060
1.18541 326400
1.18572 326740
1.18604 327080
1.18635 327420
1.18667 327760
1.18698 328100
1.1873 328440
1.18761 328780
1.18793 329120
1.18824 329460
1.18856 329800
1.18887 330140
1.18919 330480
1.1895 330820
1.18982 331160
1.19013 331500
1.19045 331840
1.19076 332180
1.19108 332520
1.19139 332860
1.19171 333200
1.19202 333540
1.19234 333880
1.19265 334220
1.19297 334560
1.19329 334900
1.1936 335240
1.19392 335580
1.19423 335920
1.19455 336260
1.19486 336600
1.19518 336940
1.19549 337280
1.19581 337620
1.19612 337960
1.19644 338300
1.19675 338640
1.19707 338980
1.19738 339320
1.1977 339660
1.19801 340000
1.19833 340340
1.19864 340680
1.19896 341020
1.19927 341360
1.19959 341700
1.1999 342040
1.20022 342380
1.20053 342720
1.20085 343060
1.20117 343400
1.20148 343740
1.2018 344080
1.20211 344420
1.20243 344760
1.20274 345100
1.20306 345440
1.20337 345780
1.20369 346120
1.204 346460
1.20432 346800
1.20463 347140
1.20495 347480
1.20526 347820
1.20558 348160
1.20589 348500
1.20621 348840
1.20652 349180
1.20684 349520
1.20715 349860
1.20747 350200
1.20778 350540
1.2081 350880
1.20841 351220
1.20873 351560
1.20905 351900
1.20936 352240
1.20968 352580
1.20999 352920
1.21031 353260
1.21062 353600
1.21094 353940
1.21125 354280
1.21157 354620
1.21188 354960
1.2122 355300
1.21251 355640
1.21283 355980
1.21314 356320
1.21346 356660
1.21377 357000
1.21409 357340
1.2144 357680
1.21472 358020
1.21503 358360
1.21535 358700
1.21566 359040
1.21598 359380
1.21629 359720
1.21661 360060
1.21693 360400
1.21724 360740
1.21756 361080
1.21787 361420
1.21819 361760
1.2185 362100
1.21882 362440
1.21913 362780
1.21945 363120
1.21976 363460
1.22008 363800
1.22039 364140
1.22071 364480
1.22102 364820
1.22134 365160
1.22165 365500
1.22197 365840
1.22228 366180
1.2226 366520
1.22291 366860
1.22323 367200
1.22354 367540
1.22386 367880
1.22417 368220
1.22449 368560
1.22481 368900
1.22512 369240
1.22544 369580
1.22575 369920
1.22607 370260
1.22638 370600
1.2267 370940
1.22701 371280
1.22733 371620
1.22764 371960
1.22796 372300
1.22827 372640
1.22859 372980
1.2289 373320
1.22922 373660
1.22953 374000
1.22985 374340
1.23016 374680
1.23048 375020
1.23079 375360
1.23111 375700
1.23142 376040
1.23174 376380
1.23205 376720
1.23237 377060
1.23269 377400
1.233 377740
1.23332 378080
1.23363 378420
1.23395 378760
1.23426 379100
1.23458 379440
1.23489 379780
1.23521 380120
1.23552 380460
1.23584 380800
1.23615 381140
1.23647 381480
1.23678 381820
1.2371 382160
1.23741 382500
1.23773 382840
1.23804 383180
1.23836 383520
1.23867 383860
1.23899 384200
1.2393 384540
1.23962 384880
1.23993 385220
1.24025 385560
1.24057 385900
1.28199 386240
1.2823 386580
1.28262 386920
1.28293 387260
1.28325 387600
1.28356 387940
1.28388 388280
1.28419 388620
1.28451 388960
1.28482 389300
1.28514 389640
1.28545 389980
1.28577 390320
1.28608 390660
1.2864 391000
1.28671 391340
1.28703 391680
1.28734 392020
1.28766 392360
1.28797 392700
1.28829 393040
1.28861 393380
1.28892 393720
1.28924 394060
1.28955 394400
1.28987 394740
1.29018 395080
1.2905 395420
1.29081 395760
1.29113 396100
1.29144 396440
1.29176 396780
1.29207 397120
1.29239 397460
1.2927 397800
1.29302 398140
1.29333 398480
1.29365 398820
1.29396 399160
1.29428 399500
1.29459 399840
1.29491 400180
1.29522 400520
1.29554 400860
1.29585 401200
1.29617 401540
1.29649 401880
1.2968 402220
1.29712 402560
1.29743 402900
1.29775 403240
1.29806 403580
1.29838 403920
1.29869 404260
1.29901 404600
1.29932 404940
1.29964 405280
1.29995 405620
1.30027 405960
1.30058 406300
1.3009 406640
1.30121 406980
1.30153 407320
1.30184 407660
1.30216 408000
1.30247 408340
1.30279 408680
1.3031 409020
1.30342 409360
1.30373 409700
1.30405 410040
1.30437 410380
1.30468 410720
1.305 411060
1.30531 411400
1.30563 411740
1.30594 412080
1.30626 412420
1.30657 412760
1.30689 413100
1.3072 413440
1.30752 413780
1.30783 414120
1.30815 414460
1.30846 414800
1.30878 415140
1.30909 415480
1.30941 415820
1.30972 416160
1.31004 416500
1.31035 416840
1.31067 417180
1.31098 417520
1.3113 417860
1.31161 418200
1.31193 418540
1.31225 418880
1.31256 419220
1.31288 419560
1.31319 419900
1.31351 420240
1.31382 420580
1.31414 420920
1.31445 421260
1.31477 421600
1.31508 421940
1.3154 422280
1.31571 422620
1.31603 422960
1.31634 423300
1.31666 423640
1.31697 423980
1.31729 424320
1.3176 424660
1.31792 425000
1.31823 425340
1.31855 425680
1.31886 426020
1.31918 426360
1.31949 426700
1.31981 427040
1.32013 427380
1.32044 427720
1.32076 428060
1.32107 428400
1.32139 428740
1.3217 429080
1.32202 429420
1.32233 429760
1.32265 430100
1.32296 430440
1.32328 430780
1.32359 431120
1.32391 431460
1.32422 431800
1.32454 432140
1.32485 432480
1.32517 432820
1.32548 433160
1.3258 433500
1.32611 433840
1.32643 434180
1.32674 434520
1.32706 434860
1.32737 435200
1.32769 435540
1.32801 435880
1.32832 436220
1.32864 436560
1.32895 436900
1.32927 437240
1.32958 437580
1.3299 437920
1.33021 438260
1.33053 438600
1.33084 438940
1.33116 439280
1.33147 439620
1.33179 439960
1.3321 440300
1.33242 440640
1.33273 440980
1.33305 441320
1.33336 441660
1.33368 442000
1.33399 442340
1.33431 442680
1.33462 443020
1.33494 443360
1.33525 443700
1.33557 444040
1.33589 444380
1.3362 444720
1.33652 445060
1.33683 445400
1.33715 445740
1.33746 446080
1.33778 446420
1.33809 446760
1.33841 447100
1.33872 447440
1.33904 447780
1.33935 448120
1.33967 448460
1.33998 448800
1.3403 449140
1.34061 449480
1.34093 449820
1.34124 450160
1.34156 450500
1.34187 450840
1.34219 451180
1.3425 451520
1.34282 451860
1.34313 452200
1.34345 452540
1.34377 452880
1.34408 453220
1.3444 453560
1.34471 453900
1.34503 454240
1.34534 454580
1.34566 454920
1.34597 455260
1.34629 455600
1.3466 455940
1.34692 456280
1.34723 456620
1.34755 456960
1.34786 457300
1.34818 457640
1.34849 457980
1.34881 458320
1.34912 458660
1.34944 459000
1.34975 459340
1.35007 459680
1.35038 460020
1.3507 460360
1.35101 460700
1.35133 461040
1.35165 461380
1.35196 461720
1.35228 462060
1.35259 462400
1.35291 462740
1.35322 463080
1.35354 463420
1.35385 463760
1.35417 464100
1.35448 464440
1.3548 464780
1.35511 465120
1.35543 465460
1.35574 465800
1.35606 466140
1.35637 466480
1.35669 466820
1.357 467160
1.35732 467500
1.35763 467840
1.35795 468180
1.35826 468520
1.35858 468860
1.35889 469200
1.35921 469540
1.35953 469880
1.35984 470220
1.36016 470560
1.36047 470900
1.36079 471240
1.3611 471580
1.36142 471920
1.36173 472260
1.36205 472600
1.36236 472940
1.36268 473280
1.36299 473620
1.36331 473960
1.36362 474300
1.36394 474640
1.36425 474980
1.36457 475320
1.36488 475660
1.3652 476000
1.36551 476340
1.36583 476680
1.36614 477020
1.36646 477360
1.36677 477700
1.36709 478040
1.36741 478380
1.36772 478720
1.36804 479060
1.36835 479400
1.36867 479740
1.36898 480080
1.3693 480420
1.36961 480760
1.36993 481100
1.37024 481440
1.37056 481780
1.37087 482120
1.37119 482460
1.3715 482800
1.37182 483140
1.37213 483480
1.37245 483820
1.37276 484160
1.37308 484500
1.37339 484840
1.37371 485180
1.37402 485520
1.37434 485860
1.37465 486200
1.37497 486540
1.37529 486880
1.3756 487220
1.37592 487560
1.37623 487900
1.37655 488240
1.37686 488580
1.37718 488920
1.37749 489260
1.37781 489600
1.37812 489940
1.37844 490280
1.37875 490620
1.37907 490960
1.37938 491300
1.3797 491640
1.38001 491980
1.38033 492320
1.38064 492660
1.38096 493000
1.38127 493340
1.38159 493680
1.3819 494020
1.38222 494360
1.38253 494700
1.38285 495040
1.38317 495380
1.38348 495720
1.3838 496060
1.38411 496400
1.38443 496740
1.38474 497080
1.38506 497420
1.38537 497760
1.38569 498100
1.386 498440
1.38632 498780
1.38663 499120
1.38695 499460
1.38726 499800
1.38758 500140
1.38789 500480
1.38821 500820
1.38852 501160
1.38884 501500
1.38915 501840
1.38947 502180
1.38978 502520
1.3901 502860
1.39041 503200
1.39073 503540
1.39105 503880
1.39136 504220
1.39168 504560
1.39199 504900
1.39231 505240
1.39262 505580
1.39294 505920
1.39325 506260
1.39357 506600
1.39388 506940
1.3942 507280
1.39451 507620
1.39483 507960
1.39514 508300
1.39546 508640
1.39577 508980
1.39609 509320
1.3964 509660
1.39672 510000
1.39703 510340
1.39735 510680
1.39766 511020
1.39798 511360
1.39829 511700
1.39861 512040
1.39893 512380
1.39924 512720
1.39956 513060
1.39987 513400
1.40019 513740
1.4005 514080
1.40082 514420
1.40113 514760
1.40145 515100
1.40176 515440
1.40208 515780
1.40239 516120
1.40271 516460
1.40302 516800
1.40334 517140
1.40365 517480
1.40397 517820
1.40428 518160
1.4046 518500
1.40491 518840
1.40523 519180
1.40554 519520
1.40586 519860
1.40617 520200
1.40649 520540
1.40681 520880
1.40712 521220
1.40744 521560
1.40775 521900
1.40807 522240
1.40838 522580
1.4087 522920
1.40901 523260
1.40933 523600
1.40964 523940
1.40996 524280
1.41027 524620
1.41059 524960
1.4109 525300
1.41122 525640
1.41153 525980
1.41185 526320
1.41216 526660
1.41248 527000
1.41279 527340
1.41311 527680
1.41342 528020
1.41374 528360
1.41405 528700
1.41437 529040
1.41469 529380
1.415 529720
1.41532 530060
1.41563 530400
1.41595 530740
1.41626 531080
1.41658 531420
1.41689 531760
1.41721 532100
1.41752 532440
1.41784 532780
1.41815 533120
1.41847 533460
1.41878 533800
1.4191 534140
1.41941 534480
1.41973 534820
1.42004 535160
1.42036 535500
1.42067 535840
1.42099 536180
1.4213 536520
1.42162 536860
1.42193 537200
1.42225 537540
1.42257 537880
1.42288 538220
1.4232 538560
1.42351 538900
1.42383 539240
1.42414 539580
1.42446 539920
1.42477 540260
1.42509 540600
1.4254 540940
1.42572 541280
1.42603 541620
1.42635 541960
1.42666 542300
1.42698 542640
1.42729 542980
1.42761 543320
1.42792 543660
1.42824 544000
1.42855 544340
1.42887 544680
1.42918 545020
1.4295 545360
1.42981 545700
1.43013 546040
1.43045 546380
1.43076 546720
1.43108 547060
1.43139 547400
1.43171 547740
1.43202 548080
1.43234 548420
1.43265 548760
1.43297 549100
1.43328 549440
1.4336 549780
1.43391 550120
1.43423 550460
1.43454 550800
1.43486 551140
1.43517 551480
1.43549 551820
1.4358 552160
1.43612 552500
1.43643 552840
1.43675 553180
1.43706 553520
1.43738 553860
1.43769 554200
1.43801 554540
1.43833 554880
1.43864 555220
1.43896 555560
1.43927 555900
1.43959 556240
1.4399 556580
1.44022 556920
1.44053 557260
1.44085 557600
1.44116 557940
1.44148 558280
1.44179 558620
1.44211 558960
1.44242 559300
1.44274 559640
1.44305 559980
1.44337 560320
1.44368 560660
1.444 561000
1.44448 362100
2.08716 362440
2.19938 362780
2.31127 363120
2.42348 363460
2.53601 363800
2.64822 364140
2.76075 364480
2.87359 364820
2.98611 365160
3.09896 365500
3.21211 365840
3.32495 366180
3.43811 366520
3.55158 366860
3.66474 367200
3.77821 367540
3.90776 367880
4.07828 368220
4.24912 368560
4.41996 368900
4.5908 369240
4.76195 369580
4.93342 369920
5.10489 370260
5.27636 370600
5.44814 370940
5.62024 371280
5.79234 371620
5.96444 371960
6.13685 372300
6.30958 372640
6.48231 372980
6.65504 373320
6.82809 373660
7.00145 374000
7.17481 374340
7.34817 374680
7.52184 375020
7.69583 375360
7.86982 375700
8.04381 376040
8.21812 376380
8.39274 376720
8.56736 377060
8.74198 377400
8.91692 377740
9.09217 378080
9.26742 378420
9.44267 378760
9.61824 379100
9.79412 379440
9.97 379780
10.1459 380120
10.3845 380460
10.7372 380800
11.0902 381140
11.4436 381480
11.7972 381820
12.1512 382160
12.5055 382500
12.8601 382840
13.215 383180
13.5702 383520
13.9258 383860
14.2816 384200
14.6378 384540
14.9943 384880
15.3511 385220
15.7082 385560
16.0657 385900
16.4234 386240
16.7815 386580
17.1399 386920
17.4986 387260
17.8576 387600
18.2169 387940
18.5765 388280
18.9365 388620
19.2968 388960
19.6574 389300
20.0183 389640
20.3795 389980
20.741 390320
21.1029 390660
21.465 391000
21.7467 279820
21.9279 280160
22.2273 280500
22.5483 280840
22.6111 281180
22.624 281520
22.637 281860
22.6502 282200
22.6631 282540
22.6764 282880
22.6893 283220
22.7025 283560
22.7158 283900
22.729 284240
22.7722 284580
22.7854 284920
22.7986 285260
22.8119 285600
22.8251 285940
22.8384 286280
22.8516 286620
22.8648 286960
22.8784 287300
22.9206 287640
22.9382 287980
22.9562 288320
22.9739 288660
22.9918 289000
23.0098 289340
23.0274 289680
23.0454 290020
23.0906 290360
23.1086 290700
23.1265 291040
23.1445 291380
23.1625 291720
23.1804 292060
23.1987 292400
23.2427 292740
23.2606 293080
23.2789 293420
23.2969 293760
23.3152 294100
23.3334 294440
23.3514 294780
23.3697 295120
23.4128 295460
23.4311 295800
23.4494 296140
23.4677 296480
23.486 296820
23.5043 297160
23.5229 297500
23.5647 297840
23.583 298180
23.6016 298520
23.6199 298860
23.6385 299200
23.6571 299540
23.6754 299880
23.694 300220
23.7351 300560
23.7537 300900
23.7723 301240
23.7909 301580
23.8095 301920
23.8281 302260
23.847 302600
23.8868 302940
23.9054 303280
23.9243 303620
23.9429 303960
23.9618 304300
23.9808 304640
23.9994 304980
24.0183 305320
24.0573 305660
24.0762 306000
24.0951 306340
24.1141 306680
24.133 307020
24.1519 307360
24.1711 307700
24.2089 308040
24.2278 308380
24.247 308720
24.266 309060
24.2852 309400
24.3044 309740
24.3233 310080
24.3425 310420
24.3796 310760
24.3988 311100
24.418 311440
24.4372 311780
24.4565 312120
24.4757 312460
24.4952 312800
24.531 313140
24.5502 313480
24.5698 313820
24.589 314160
24.6085 314500
24.6281 314840
24.6473 315180
24.6668 315520
24.7018 315860
24.7213 316200
24.7409 316540
24.7604 316880
24.78 317220
24.7995 317560
24.8194 317900
24.8531 318240
24.8726 318580
24.8925 318920
24.912 319260
24.9319 319600
24.9517 319940
24.9713 320280
24.9911 320620
25.024 320960
25.0439 321300
25.0637 321640
25.0836 321980
25.1035 322320
25.1233 322660
25.1435 323000
25.1751 323340
25.195 323680
25.2152 324020
25.235 324360
25.2552 324700
25.2754 325040
25.2952 325380
25.3261 325720
25.3463 326060
25.3664 326400
25.3866 326740
25.4068 327080
25.427 327420
25.4471 327760
25.4676 328100
25.4974 328440
25.5175 328780
25.538 329120
25.5582 329460
25.5787 329800
25.5992 330140
25.6194 330480
25.6482 330820
25.6687 331160
25.6891 331500
25.7096 331840
25.7301 332180
25.7506 332520
25.7711 332860
25.7919 333200
25.8196 333540
25.8401 333880
25.8609 334220
25.8814 334560
25.9022 334900
25.923 335240
25.9435 335580
25.9703 335920
25.9911 336260
26.0119 336600
26.0327 336940
26.0535 337280
26.0743 337620
26.0951 337960
26.1162 338300
26.1418 338640
26.1627 338980
26.1838 339320
26.2046 339660
26.2257 340000
26.2468 340340
26.2676 340680
26.2923 341020
26.3134 341360
26.3346 341700
26.3557 342040
26.3768 342380
26.3979 342720
26.419 343060
26.4405 343400
26.4641 343740
26.4852 344080
26.5066 344420
26.5278 344760
26.5492 345100
26.5706 345440
26.5917 345780
26.6144 346120
26.6358 346460
26.6573 346800
26.6787 347140
26.7001 347480
26.7216 347820
26.743 348160
26.7648 348500
26.7863 348840
26.8078 349180
26.8295 349520
26.8509 349860
26.8727 350200
26.8944 350540
26.9159 350880
26.9376 351220
26.9594 351560
26.9811 351900
27.0029 352240
27.0246 352580
27.0464 352920
27.0681 353260
27.0917 353600
27.1245 353940
27.1573 354280
27.1901 354620
27.2232 354960
27.2585 355300
27.3055 355640
27.3527 355980
27.3997 356320
27.4523 356660
27.5075 357000
27.5627 357340
27.6178 357680
27.6733 358020
27.7285 358360
27.7918 358700
27.8583 359040
27.9248 359380
27.9913 359720
28.0582 360060
28.137 360400
28.2205 360740
28.304 361080
28.3879 361420
28.4714 361760
28.5552 362100
28.6394 362440
28.7232 362780
28.8074 363120
28.8915 363460
28.9965 363800
29.109 364140
29.2216 364480
29.3341 364820
29.4469 365160
29.5598 365500
29.6726 365840
29.7858 366180
29.8989 366520
30.0121 366860
30.1255 367200
30.239 367540
30.396 367880
30.5665 368220
30.737 368560
30.9079 368900
31.079 369240
31.2502 369580
31.4213 369920
31.5928 370260
31.7646 370600
31.9364 370940
32.1082 371280
32.2803 371620
32.4527 371960
32.6251 372300
32.7975 372640
32.9702 372980
33.1433 373320
33.3163 373660
33.4894 374000
33.6627 374340
33.8364 374680
34.0101 375020
34.1837 375360
34.3577 375700
34.532 376040
34.7064 376380
34.8807 376720
35.0553 377060
35.2302 377400
35.4051 377740
35.5801 378080
35.7553 378420
35.9309 378760
36.1065 379100
36.282 379440
36.4579 379780
36.6341 380120
36.8103 380460
37.1318 380800
37.4848 381140
37.8382 381480
38.1918 381820
38.5458 382160
38.9001 382500
39.2547 382840
39.6096 383180
39.9648 383520
40.3204 383860
40.6762 384200
41.0324 384540
41.3889 384880
41.7457 385220
42.1028 385560
42.4603 385900
42.818 386240
43.1761 386580
43.5345 386920
43.8932 387260
44.2522 387600
44.6115 387940
44.9712 388280
45.3311 388620
45.6914 388960
46.052 389300
46.4129 389640
46.7741 389980
47.1356 390320
47.4975 390660
47.8596 391000
48.1413 279820
48.3225 280160
48.6219 280500
48.9429 280840
49.0057 281180
49.0187 281520
49.0316 281860
49.0448 282200
49.0577 282540
49.071 282880
49.0839 283220
49.0971 283560
49.1104 283900
49.1236 284240
49.1668 284580
49.18 284920
49.1933 285260
49.2065 285600
49.2197 285940
49.233 286280
49.2462 286620
49.2594 286960
49.273 287300
49.3152 287640
49.3329 287980
49.3508 288320
49.3685 288660
49.3864 289000
49.4044 289340
49.4221 289680
49.44 290020
49.4852 290360
49.5032 290700
49.5212 291040
49.5391 291380
49.5571 291720
49.5751 292060
49.5933 292400
49.6373 292740
49.6553 293080
49.6735 293420
49.6915 293760
49.7098 294100
49.7281 294440
49.746 294780
49.7643 295120
49.8075 295460
49.8257 295800
49.844 296140
49.8623 296480
49.8806 296820
49.8989 297160
49.9175 297500
49.9594 297840
49.9776 298180
49.9962 298520
50.0145 298860
50.0331 299200
50.0517 299540
50.07 299880
50.0886 300220
50.1297 300560
50.1483 300900
50.1669 301240
50.1855 301580
50.2041 301920
50.2227 302260
50.2416 302600
50.2814 302940
50.3 303280
50.319 303620
50.3375 303960
50.3565 304300
50.3754 304640
50.394 304980
50.4129 305320
50.4519 305660
50.4709 306000
50.4898 306340
50.5087 306680
50.5276 307020
50.5465 307360
50.5657 307700
50.6035 308040
50.6224 308380
50.6417 308720
50.6606 309060
50.6798 309400
50.699 309740
50.7179 310080
50.7372 310420
50.7742 310760
50.7934 311100
50.8126 311440
50.8319 311780
50.8511 312120
50.8703 312460
50.8899 312800
50.9256 313140
50.9448 313480
50.9644 313820
50.9836 314160
51.0031 314500
51.0227 314840
51.0419 315180
51.0615 315520
51.0964 315860
51.116 316200
51.1355 316540
51.155 316880
51.1746 317220
51.1941 317560
51.214 317900
51.2477 318240
51.2672 318580
51.2871 318920
51.3066 319260
51.3265 319600
51.3463 319940
51.3659 320280
51.3857 320620
51.4186 320960
51.4385 321300
51.4584 321640
51.4782 321980
51.4981 322320
51.5179 322660
51.5381 323000
51.5698 323340
51.5896 323680
51.6098 324020
51.6296 324360
51.6498 324700
51.67 325040
51.6898 325380
51.7207 325720
51.7409 326060
51.7611 326400
51.7812 326740
51.8014 327080
51.8216 327420
51.8417 327760
51.8622 328100
51.892 328440
51.9122 328780
51.9327 329120
51.9528 329460
51.9733 329800
51.9938 330140
52.014 330480
52.0428 330820
52.0633 331160
52.0838 331500
52.1043 331840
52.1247 332180
52.1452 332520
52.1657 332860
52.1865 333200
52.2142 333540
52.2347 333880
52.2555 334220
52.276 334560
52.2968 334900
52.3176 335240
52.3381 335580
52.3649 335920
52.3857 336260
52.4065 336600
52.4273 336940
52.4481 337280
52.4689 337620
52.4897 337960
52.5108 338300
52.5365 338640
52.5573 338980
52.5784 339320
52.5992 339660
52.6203 340000
52.6414 340340
52.6622 340680
52.6869 341020
52.7081 341360
52.7292 341700
52.7503 342040
52.7714 342380
52.7925 342720
52.8137 343060
52.8351 343400
52.8587 343740
52.8798 344080
52.9013 344420
52.9224 344760
52.9438 345100
52.9652 345440
52.9864 345780
53.009 346120
53.0305 346460
53.0519 346800
53.0733 347140
53.0948 347480
53.1162 347820
53.1376 348160
53.1594 348500
53.1809 348840
53.2024 349180
53.2241 349520
53.2456 349860
53.2673 350200
53.2891 350540
53.3105 350880
53.3322 351220
53.354 351560
53.3757 351900
53.3975 352240
53.4192 352580
53.441 352920
53.4627 353260
53.4864 353600
53.5191 353940
53.5519 354280
53.5847 354620
53.6178 354960
53.6531 355300
53.7001 355640
53.7474 355980
53.7943 356320
53.847 356660
53.9021 357000
53.9573 357340
54.0124 357680
54.0679 358020
54.1231 358360
54.1864 358700
54.2529 359040
54.3194 359380
54.3859 359720
54.4528 360060
54.5316 360400
54.6151 360740
54.6986 361080
54.7825 361420
54.866 361760
54.9498 362100
55.034 362440
55.1178 362780
55.202 363120
55.2862 363460
55.3911 363800
55.5036 364140
55.6162 364480
55.7287 364820
55.8415 365160
55.9544 365500
56.0672 365840
56.1804 366180
56.2935 366520
56.4067 366860
56.5202 367200
56.6336 367540
56.7906 367880
56.9611 368220
57.1317 368560
57.3025 368900
57.4736 369240
57.6448 369580
57.816 369920
57.9874 370260
58.1592 370600
58.331 370940
58.5028 371280
58.6749 371620
58.8473 371960
59.0197 372300
59.1921 372640
59.3648 372980
59.5379 373320
59.7109 373660
59.884 374000
60.0573 374340
60.231 374680
60.4047 375020
60.5784 375360
60.7524 375700
60.9267 376040
61.101 376380
61.2753 376720
61.4499 377060
61.6248 377400
61.7998 377740
61.9747 378080
62.15 378420
62.3255 378760
62.5011 379100
62.6767 379440
62.8525 379780
63.0287 380120
63.2049 380460
63.5264 380800
63.8795 381140
64.2328 381480
64.5864 381820
64.9404 382160
65.2947 382500
65.6493 382840
66.0042 383180
66.3594 383520
66.715 383860
67.0709 384200
67.427 384540
67.7835 384880
68.1403 385220
68.4975 385560
68.8549 385900
69.2126 386240
69.5707 386580
69.9291 386920
70.2878 387260
70.6468 387600
71.0061 387940
71.3658 388280
71.7257 388620
72.086 388960
72.4466 389300
72.8075 389640
73.1687 389980
73.5302 390320
73.8921 390660
74.2543 391000
74.5359 279820
74.7171 280160
75.0165 280500
75.3375 280840
75.4004 281180
75.4133 281520
75.4262 281860
75.4394 282200
75.4524 282540
75.4656 282880
75.4785 283220
75.4918 283560
75.505 283900
75.5182 284240
75.5614 284580
75.5746 284920
75.5879 285260
75.6011 285600
75.6143 285940
75.6276 286280
75.6408 286620
75.6541 286960
75.6676 287300
75.7098 287640
75.7275 287980
75.7454 288320
75.7631 288660
75.7811 289000
75.799 289340
75.8167 289680
75.8346 290020
75.8798 290360
75.8978 290700
75.9158 291040
75.9337 291380
75.9517 291720
75.9697 292060
75.988 292400
76.0319 292740
76.0499 293080
76.0682 293420
76.0861 293760
76.1044 294100
76.1227 294440
76.1406 294780
76.1589 295120
76.2021 295460
76.2204 295800
76.2386 296140
76.2569 296480
76.2752 296820
76.2935 297160
76.3121 297500
76.354 297840
76.3723 298180
76.3909 298520
76.4091 298860
76.4277 299200
76.4463 299540
76.4646 299880
76.4832 300220
76.5243 300560
76.5429 300900
76.5615 301240
76.5801 301580
76.5987 301920
76.6173 302260
76.6362 302600
76.6761 302940
76.6947 303280
76.7136 303620
76.7322 303960
76.7511 304300
76.77 304640
76.7886 304980
76.8075 305320
76.8466 305660
76.8655 306000
76.8844 306340
76.9033 306680
76.9222 307020
76.9411 307360
76.9603 307700
76.9981 308040
77.0171 308380
77.0363 308720
77.0552 309060
77.0744 309400
77.0936 309740
77.1126 310080
77.1318 310420
77.1688 310760
77.188 311100
77.2072 311440
77.2265 311780
77.2457 312120
77.2649 312460
77.2845 312800
77.3202 313140
77.3394 313480
77.359 313820
77.3782 314160
77.3978 314500
77.4173 314840
77.4365 315180
77.4561 315520
77.491 315860
77.5106 316200
77.5301 316540
77.5497 316880
77.5692 317220
77.5887 317560
77.6086 317900
77.6423 318240
77.6618 318580
77.6817 318920
77.7012 319260
77.7211 319600
77.741 319940
77.7605 320280
77.7804 320620
77.8133 320960
77.8331 321300
77.853 321640
77.8728 321980
77.8927 322320
77.9126 322660
77.9327 323000
77.9644 323340
77.9842 323680
78.0044 324020
78.0243 324360
78.0444 324700
78.0646 325040
78.0845 325380
78.1153 325720
78.1355 326060
78.1557 326400
78.1758 326740
78.196 327080
78.2162 327420
78.2364 327760
78.2569 328100
78.2866 328440
78.3068 328780
78.3273 329120
78.3474 329460
78.3679 329800
78.3884 330140
78.4086 330480
78.4374 330820
78.4579 331160
78.4784 331500
78.4989 331840
78.5194 332180
78.5398 332520
78.5603 332860
78.5811 333200
78.6088 333540
78.6293 333880
78.6501 334220
78.6706 334560
78.6914 334900
78.7122 335240
78.7327 335580
78.7595 335920
78.7803 336260
78.8011 336600
78.8219 336940
78.8427 337280
78.8635 337620
78.8843 337960
78.9054 338300
78.9311 338640
78.9519 338980
78.973 339320
78.9938 339660
79.0149 340000
79.036 340340
79.0568 340680
79.0816 341020
79.1027 341360
79.1238 341700
79.1449 342040
79.166 342380
79.1872 342720
79.2083 343060
79.2297 343400
79.2533 343740
79.2744 344080
79.2959 344420
79.317 344760
79.3384 345100
79.3599 345440
79.381 345780
79.4036 346120
79.4251 346460
79.4465 346800
79.4679 347140
79.4894 347480
79.5108 347820
79.5322 348160
79.554 348500
79.5756 348840
79.597 349180
79.6187 349520
79.6402 349860
79.6619 350200
79.6837 350540
79.7051 350880
79.7269 351220
79.7486 351560
79.7703 351900
79.7921 352240
79.8138 352580
79.8356 352920
79.8573 353260
79.881 353600
79.9138 353940
79.9465 354280
79.9793 354620
80.0124 354960
80.0477 355300
80.0947 355640
80.142 355980
80.1889 356320
80.2416 356660
80.2967 357000
80.3519 357340
80.4071 357680
80.4625 358020
80.5177 358360
80.581 358700
80.6476 359040
80.7141 359380
80.7806 359720
80.8474 360060
80.9262 360400
81.0097 360740
81.0932 361080
81.1771 361420
81.2606 361760
81.3445 362100
81.4286 362440
81.5125 362780
81.5966 363120
81.6808 363460
81.7857 363800
81.8983 364140
82.0108 364480
82.1233 364820
82.2362 365160
82.349 365500
82.4618 365840
82.575 366180
82.6882 366520
82.8013 366860
82.9148 367200
83.0283 367540
83.1852 367880
83.3557 368220
83.5263 368560
83.6971 368900
83.8683 369240
84.0394 369580
84.2106 369920
84.382 370260
84.5538 370600
84.7256 370940
84.8974 371280
85.0695 371620
85.2419 371960
85.4143 372300
85.5867 372640
85.7595 372980
85.9325 373320
86.1056 373660
86.2786 374000
86.452 374340
86.6256 374680
86.7993 375020
86.973 375360
87.147 375700
87.3213 376040
87.4956 376380
87.6699 376720
87.8445 377060
88.0194 377400
88.1944 377740
88.3693 378080
88.5446 378420
88.7201 378760
88.8957 379100
89.0713 379440
89.2472 379780
89.4233 380120
89.5995 380460
89.921 380800
90.2741 381140
90.6274 381480
90.9811 381820
91.335 382160
91.6893 382500
92.0439 382840
92.3988 383180
92.7541 383520
93.1096 383860
93.4655 384200
93.8216 384540
94.1781 384880
94.5349 385220
94.8921 385560
95.2495 385900
95.6073 386240
95.9653 386580
96.3237 386920
96.6824 387260
97.0414 387600
97.4007 387940
97.7604 388280
98.1203 388620
98.4806 388960
98.8412 389300
99.2021 389640
99.5633 389980
99.9249 390320
100.287 390660
100.649 391000
100.931 279820
101.112 280160
101.411 280500
101.732 280840
101.795 281180
101.808 281520
101.821 281860
101.834 282200
101.847 282540
101.86 282880
101.873 283220
101.886 283560
101.9 283900
101.913 284240
101.956 284580
101.969 284920
101.982 285260
101.996 285600
102.009 285940
102.022 286280
102.035 286620
102.049 286960
102.062 287300
102.104 287640
102.122 287980
102.14 288320
102.158 288660
102.176 289000
102.194 289340
102.211 289680
102.229 290020
102.274 290360
102.292 290700
102.31 291040
102.328 291380
102.346 291720
102.364 292060
102.383 292400
102.427 292740
102.444 293080
102.463 293420
102.481 293760
102.499 294100
102.517 294440
102.535 294780
102.554 295120
102.597 295460
102.615 295800
102.633 296140
102.652 296480
102.67 296820
102.688 297160
102.707 297500
102.749 297840
102.767 298180
102.785 298520
102.804 298860
102.822 299200
102.841 299540
102.859 299880
102.878 300220
102.919 300560
102.938 300900
102.956 301240
102.975 301580
102.993 301920
103.012 302260
103.031 302600
103.071 302940
103.089 303280
103.108 303620
103.127 303960
103.146 304300
103.165 304640
103.183 304980
103.202 305320
103.241 305660
103.26 306000
103.279 306340
103.298 306680
103.317 307020
103.336 307360
103.355 307700
103.393 308040
103.412 308380
103.431 308720
103.45 309060
103.469 309400
103.488 309740
103.507 310080
103.526 310420
103.563 310760
103.583 311100
103.602 311440
103.621 311780
103.64 312120
103.66 312460
103.679 312800
103.715 313140
103.734 313480
103.754 313820
103.773 314160
103.792 314500
103.812 314840
103.831 315180
103.851 315520
103.886 315860
103.905 316200
103.925 316540
103.944 316880
103.964 317220
103.983 317560
104.003 317900
104.037 318240
104.056 318580
104.076 318920
104.096 319260
104.116 319600
104.136 319940
104.155 320280
104.175 320620
104.208 320960
104.228 321300
104.248 321640
104.267 321980
104.287 322320
104.307 322660
104.327 323000
104.359 323340
104.379 323680
104.399 324020
104.419 324360
104.439 324700
104.459 325040
104.479 325380
104.51 325720
104.53 326060
104.55 326400
104.57 326740
104.591 327080
104.611 327420
104.631 327760
104.651 328100
104.681 328440
104.701 328780
104.722 329120
104.742 329460
104.763 329800
104.783 330140
104.803 330480
104.832 330820
104.853 331160
104.873 331500
104.893 331840
104.914 332180
104.934 332520
104.955 332860
104.976 333200
105.003 333540
105.024 333880
105.045 334220
105.065 334560
105.086 334900
105.107 335240
105.127 335580
105.154 335920
105.175 336260
105.196 336600
105.217 336940
105.237 337280
105.258 337620
105.279 337960
105.3 338300
105.326 338640
105.347 338980
105.368 339320
105.388 339660
105.41 340000
105.431 340340
105.451 340680
105.476 341020
105.497 341360
105.518 341700
105.54 342040
105.561 342380
105.582 342720
105.603 343060
105.624 343400
105.648 343740
105.669 344080
105.69 344420
105.712 344760
105.733 345100
105.754 345440
105.776 345780
105.798 346120
105.82 346460
105.841 346800
105.863 347140
105.884 347480
105.905 347820
105.927 348160
105.949 348500
105.97 348840
105.992 349180
106.013 349520
106.035 349860
106.057 350200
106.078 350540
106.1 350880
106.121 351220
106.143 351560
106.165 351900
106.187 352240
106.208 352580
106.23 352920
106.252 353260
106.276 353600
106.308 353940
106.341 354280
106.374 354620
106.407 354960
106.442 355300
106.489 355640
106.537 355980
106.584 356320
106.636 356660
106.691 357000
106.747 357340
106.802 357680
106.857 358020
106.912 358360
106.976 358700
107.042 359040
107.109 359380
107.175 359720
107.242 360060
107.321 360400
107.404 360740
107.488 361080
107.572 361420
107.655 361760
107.739 362100
107.823 362440
107.907 362780
107.991 363120
108.075 363460
108.18 363800
108.293 364140
108.405 364480
108.518 364820
108.631 365160
108.744 365500
108.856 365840
108.97 366180
109.083 366520
109.196 366860
109.309 367200
109.423 367540
109.58 367880
109.75 368220
109.921 368560
110.092 368900
110.263 369240
110.434 369580
110.605 369920
110.777 370260
110.948 370600
111.12 370940
111.292 371280
111.464 371620
111.637 371960
111.809 372300
111.981 372640
112.154 372980
112.327 373320
112.5 373660
112.673 374000
112.847 374340
113.02 374680
113.194 375020
113.368 375360
113.542 375700
113.716 376040
113.89 376380
114.065 376720
114.239 377060
114.414 377400
114.589 377740
114.764 378080
114.939 378420
115.115 378760
115.29 379100
115.466 379440
115.642 379780
115.818 380120
115.994 380460
116.316 380800
116.669 381140
117.022 381480
117.376 381820
117.73 382160
118.084 382500
118.439 382840
118.793 383180
119.149 383520
119.504 383860
119.86 384200
120.216 384540
120.573 384880
120.93 385220
121.287 385560
121.644 385900
122.002 386240
122.36 386580
122.718 386920
123.077 387260
123.436 387600
123.795 387940
124.155 388280
124.515 388620
124.875 388960
125.236 389300
125.597 389640
125.958 389980
126.319 390320
126.681 390660
127.043 391000
127.325 279820
127.506 280160
127.806 280500
128.127 280840
128.19 281180
128.203 281520
128.215 281860
128.229 282200
128.242 282540
128.255 282880
128.268 283220
128.281 283560
128.294 283900
128.307 284240
128.351 284580
128.364 284920
128.377 285260
128.39 285600
128.404 285940
128.417 286280
128.43 286620
128.443 286960
128.457 287300
128.499 287640
128.517 287980
128.535 288320
128.552 288660
128.57 289000
128.588 289340
128.606 289680
128.624 290020
128.669 290360
128.687 290700
128.705 291040
128.723 291380
128.741 291720
128.759 292060
128.777 292400
128.821 292740
128.839 293080
128.857 293420
128.875 293760
128.894 294100
128.912 294440
128.93 294780
128.948 295120
128.991 295460
129.01 295800
129.028 296140
129.046 296480
129.064 296820
129.083 297160
129.101 297500
129.143 297840
129.161 298180
129.18 298520
129.198 298860
129.217 299200
129.236 299540
129.254 299880
129.272 300220
129.314 300560
129.332 300900
129.351 301240
129.369 301580
129.388 301920
129.407 302260
129.425 302600
129.465 302940
129.484 303280
129.503 303620
129.521 303960
129.54 304300
129.559 304640
129.578 304980
129.597 305320
129.636 305660
129.655 306000
129.674 306340
129.693 306680
129.711 307020
129.73 307360
129.75 307700
129.787 308040
129.806 308380
129.826 308720
129.844 309060
129.864 309400
129.883 309740
129.902 310080
129.921 310420
129.958 310760
129.977 311100
129.996 311440
130.016 311780
130.035 312120
130.054 312460
130.074 312800
130.109 313140
130.129 313480
130.148 313820
130.167 314160
130.187 314500
130.207 314840
130.226 315180
130.245 315520
130.28 315860
130.3 316200
130.319 316540
130.339 316880
130.358 317220
130.378 317560
130.398 317900
130.432 318240
130.451 318580
130.471 318920
130.49 319260
130.51 319600
130.53 319940
130.55 320280
130.57 320620
130.602 320960
130.622 321300
130.642 321640
130.662 321980
130.682 322320
130.702 322660
130.722 323000
130.754 323340
130.773 323680
130.794 324020
130.813 324360
130.834 324700
130.854 325040
130.874 325380
130.905 325720
130.925 326060
130.945 326400
130.965 326740
130.985 327080
131.005 327420
131.026 327760
131.046 328100
131.076 328440
131.096 328780
131.117 329120
131.137 329460
131.157 329800
131.178 330140
131.198 330480
131.227 330820
131.247 331160
131.268 331500
131.288 331840
131.309 332180
131.329 332520
131.35 332860
131.37 333200
131.398 333540
131.419 333880
131.439 334220
131.46 334560
131.481 334900
131.501 335240
131.522 335580
131.549 335920
131.57 336260
131.59 336600
131.611 336940
131.632 337280
131.653 337620
131.674 337960
131.695 338300
131.72 338640
131.741 338980
131.762 339320
131.783 339660
131.804 340000
131.825 340340
131.846 340680
131.871 341020
131.892 341360
131.913 341700
131.934 342040
131.955 342380
131.976 342720
131.998 343060
132.019 343400
132.043 343740
132.064 344080
132.085 344420
132.106 344760
132.128 345100
132.149 345440
132.17 345780
132.193 346120
132.214 346460
132.236 346800
132.257 347140
132.279 347480
132.3 347820
132.321 348160
132.343 348500
132.365 348840
132.386 349180
132.408 349520
132.429 349860
132.451 350200
132.473 350540
132.494 350880
132.516 351220
132.538 351560
132.56 351900
132.581 352240
132.603 352580
132.625 352920
132.647 353260
132.67 353600
132.703 353940
132.736 354280
132.769 354620
132.802 354960
132.837 355300
132.884 355640
132.931 355980
132.978 356320
133.031 356660
133.086 357000
133.141 357340
133.196 357680
133.252 358020
133.307 358360
133.37 358700
133.437 359040
133.503 359380
133.57 359720
133.637 360060
133.715 360400
133.799 360740
133.882 361080
133.966 361420
134.05 361760
134.134 362100
134.218 362440
134.302 362780
134.386 363120
134.47 363460
134.575 363800
134.687 364140
134.8 364480
134.913 364820
135.025 365160
135.138 365500
135.251 365840
135.364 366180
135.477 366520
135.591 366860
135.704 367200
135.817 367540
135.974 367880
136.145 368220
136.316 368560
136.486 368900
136.657 369240
136.829 369580
137 369920
137.171 370260
137.343 370600
137.515 370940
137.687 371280
137.859 371620
138.031 371960
138.204 372300
138.376 372640
138.549 372980
138.722 373320
138.895 373660
139.068 374000
139.241 374340
139.415 374680
139.589 375020
139.762 375360
139.936 375700
140.111 376040
140.285 376380
140.459 376720
140.634 377060
140.809 377400
140.984 377740
141.159 378080
141.334 378420
141.509 378760
141.685 379100
141.861 379440
142.036 379780
142.213 380120
142.389 380460
142.71 380800
143.063 381140
143.417 381480
143.77 381820
144.124 382160
144.479 382500
144.833 382840
145.188 383180
145.543 383520
145.899 383860
146.255 384200
146.611 384540
146.967 384880
147.324 385220
147.681 385560
148.039 385900
148.396 386240
148.755 386580
149.113 386920
149.472 387260
149.831 387600
150.19 387940
150.55 388280
150.91 388620
151.27 388960
151.63 389300
151.991 389640
152.353 389980
152.714 390320
153.076 390660
153.438 391000
153.72 279820
153.901 280160
154.2 280500
154.521 280840
154.584 281180
154.597 281520
154.61 281860
154.623 282200
154.636 282540
154.649 282880
154.662 283220
154.676 283560
154.689 283900
154.702 284240
154.745 284580
154.758 284920
154.772 285260
154.785 285600
154.798 285940
154.811 286280
154.825 286620
154.838 286960
154.851 287300
154.894 287640
154.911 287980
154.929 288320
154.947 288660
154.965 289000
154.983 289340
155.001 289680
155.018 290020
155.064 290360
155.082 290700
155.1 291040
155.118 291380
155.136 291720
155.154 292060
155.172 292400
155.216 292740
155.234 293080
155.252 293420
155.27 293760
155.288 294100
155.307 294440
155.324 294780
155.343 295120
155.386 295460
155.404 295800
155.422 296140
155.441 296480
155.459 296820
155.477 297160
155.496 297500
155.538 297840
155.556 298180
155.575 298520
155.593 298860
155.612 299200
155.63 299540
155.648 299880
155.667 300220
155.708 300560
155.727 300900
155.745 301240
155.764 301580
155.783 301920
155.801 302260
155.82 302600
155.86 302940
155.879 303280
155.897 303620
155.916 303960
155.935 304300
155.954 304640
155.972 304980
155.991 305320
156.03 305660
156.049 306000
156.068 306340
156.087 306680
156.106 307020
156.125 307360
156.144 307700
156.182 308040
156.201 308380
156.22 308720
156.239 309060
156.258 309400
156.277 309740
156.296 310080
156.316 310420
156.353 310760
156.372 311100
156.391 311440
156.41 311780
156.43 312120
156.449 312460
156.468 312800
156.504 313140
156.523 313480
156.543 313820
156.562 314160
156.582 314500
156.601 314840
156.62 315180
156.64 315520
156.675 315860
156.694 316200
156.714 316540
156.734 316880
156.753 317220
156.773 317560
156.792 317900
156.826 318240
156.846 318580
156.866 318920
156.885 319260
156.905 319600
156.925 319940
156.944 320280
156.964 320620
156.997 320960
157.017 321300
157.037 321640
157.057 321980
157.077 322320
157.096 322660
157.117 323000
157.148 323340
157.168 323680
157.188 324020
157.208 324360
157.228 324700
157.248 325040
157.268 325380
157.299 325720
157.319 326060
157.34 326400
157.36 326740
157.38 327080
157.4 327420
157.42 327760
157.441 328100
157.47 328440
157.491 328780
157.511 329120
157.531 329460
157.552 329800
157.572 330140
157.592 330480
157.621 330820
157.642 331160
157.662 331500
157.683 331840
157.703 332180
157.724 332520
157.744 332860
157.765 333200
157.793 333540
157.813 333880
157.834 334220
157.854 334560
157.875 334900
157.896 335240
157.917 335580
157.943 335920
157.964 336260
157.985 336600
158.006 336940
158.027 337280
158.047 337620
158.068 337960
158.089 338300
158.115 338640
158.136 338980
158.157 339320
158.178 339660
158.199 340000
158.22 340340
158.241 340680
158.265 341020
158.287 341360
158.308 341700
158.329 342040
158.35 342380
158.371 342720
158.392 343060
158.414 343400
158.437 343740
158.458 344080
158.48 344420
158.501 344760
158.522 345100
158.544 345440
158.565 345780
158.587 346120
158.609 346460
158.63 346800
158.652 347140
158.673 347480
158.695 347820
158.716 348160
158.738 348500
158.759 348840
158.781 349180
158.803 349520
158.824 349860
158.846 350200
158.868 350540
158.889 350880
158.911 351220
158.932 351560
158.954 351900
158.976 352240
158.998 352580
159.019 352920
159.041 353260
159.065 353600
159.098 353940
159.13 354280
159.163 354620
159.196 354960
159.232 355300
159.279 355640
159.326 355980
159.373 356320
159.425 356660
159.481 357000
159.536 357340
159.591 357680
159.646 358020
159.702 358360
159.765 358700
159.831 359040
159.898 359380
159.964 359720
160.031 360060
160.11 360400
160.194 360740
160.277 361080
160.361 361420
160.444 361760
160.528 362100
160.612 362440
160.696 362780
160.78 363120
160.865 363460
160.97 363800
161.082 364140
161.195 364480
161.307 364820
161.42 365160
161.533 365500
161.646 365840
161.759 366180
161.872 366520
161.985 366860
162.099 367200
162.212 367540
162.369 367880
162.54 368220
162.71 368560
162.881 368900
163.052 369240
163.223 369580
163.394 369920
163.566 370260
163.738 370600
163.909 370940
164.081 371280
164.253 371620
164.426 371960
164.598 372300
164.771 372640
164.943 372980
165.116 373320
165.289 373660
165.462 374000
165.636 374340
165.809 374680
165.983 375020
166.157 375360
166.331 375700
166.505 376040
166.679 376380
166.854 376720
167.028 377060
167.203 377400
167.378 377740
167.553 378080
167.728 378420
167.904 378760
168.08 379100
168.255 379440
168.431 379780
168.607 380120
168.783 380460
169.105 380800
169.458 381140
169.811 381480
170.165 381820
170.519 382160
170.873 382500
171.228 382840
171.583 383180
171.938 383520
172.293 383860
172.649 384200
173.006 384540
173.362 384880
173.719 385220
174.076 385560
174.433 385900
174.791 386240
175.149 386580
175.508 386920
175.866 387260
176.225 387600
176.585 387940
176.944 388280
177.304 388620
177.664 388960
178.025 389300
178.386 389640
178.747 389980
179.109 390320
179.471 390660
179.833 391000
180.114 279820
180.296 280160
180.595 280500
180.916 280840
180.979 281180
180.992 281520
181.005 281860
181.018 282200
181.031 282540
181.044 282880
181.057 283220
181.07 283560
181.083 283900
181.097 284240
181.14 284580
181.153 284920
181.166 285260
181.18 285600
181.193 285940
181.206 286280
181.219 286620
181.233 286960
181.246 287300
181.288 287640
181.306 287980
181.324 288320
181.342 288660
181.36 289000
181.377 289340
181.395 289680
181.413 290020
181.458 290360
181.476 290700
181.494 291040
181.512 291380
181.53 291720
181.548 292060
181.566 292400
181.61 292740
181.628 293080
181.647 293420
181.665 293760
181.683 294100
181.701 294440
181.719 294780
181.737 295120
181.781 295460
181.799 295800
181.817 296140
181.835 296480
181.854 296820
181.872 297160
181.891 297500
181.932 297840
181.951 298180
181.969 298520
181.988 298860
182.006 299200
182.025 299540
182.043 299880
182.062 300220
182.103 300560
182.121 300900
182.14 301240
182.159 301580
182.177 301920
182.196 302260
182.215 302600
182.255 302940
182.273 303280
182.292 303620
182.311 303960
182.33 304300
182.348 304640
182.367 304980
182.386 305320
182.425 305660
182.444 306000
182.463 306340
182.482 306680
182.501 307020
182.52 307360
182.539 307700
182.577 308040
182.596 308380
182.615 308720
182.634 309060
182.653 309400
182.672 309740
182.691 310080
182.71 310420
182.747 310760
182.766 311100
182.786 311440
182.805 311780
182.824 312120
182.843 312460
182.863 312800
182.899 313140
182.918 313480
182.937 313820
182.957 314160
182.976 314500
182.996 314840
183.015 315180
183.035 315520
183.069 315860
183.089 316200
183.109 316540
183.128 316880
183.148 317220
183.167 317560
183.187 317900
183.221 318240
183.24 318580
183.26 318920
183.28 319260
183.3 319600
183.319 319940
183.339 320280
183.359 320620
183.392 320960
183.412 321300
183.431 321640
183.451 321980
183.471 322320
183.491 322660
183.511 323000
183.543 323340
183.563 323680
183.583 324020
183.603 324360
183.623 324700
183.643 325040
183.663 325380
183.694 325720
183.714 326060
183.734 326400
183.754 326740
183.774 327080
183.795 327420
183.815 327760
183.835 328100
183.865 328440
183.885 328780
183.906 329120
183.926 329460
183.946 329800
183.967 330140
183.987 330480
184.016 330820
184.036 331160
184.057 331500
184.077 331840
184.098 332180
184.118 332520
184.139 332860
184.16 333200
184.187 333540
184.208 333880
184.229 334220
184.249 334560
184.27 334900
184.291 335240
184.311 335580
184.338 335920
184.359 336260
184.38 336600
184.4 336940
184.421 337280
184.442 337620
184.463 337960
184.484 338300
184.51 338640
184.53 338980
184.551 339320
184.572 339660
184.593 340000
184.615 340340
184.635 340680
184.66 341020
184.681 341360
184.702 341700
184.723 342040
184.745 342380
184.766 342720
184.787 343060
184.808 343400
184.832 343740
184.853 344080
184.874 344420
184.895 344760
184.917 345100
184.938 345440
184.959 345780
184.982 346120
185.004 346460
185.025 346800
185.046 347140
185.068 347480
185.089 347820
185.111 348160
185.132 348500
185.154 348840
185.175 349180
185.197 349520
185.219 349860
185.24 350200
185.262 350540
185.284 350880
185.305 351220
185.327 351560
185.349 351900
185.371 352240
185.392 352580
185.414 352920
185.436 353260
185.459 353600
185.492 353940
185.525 354280
185.558 354620
185.591 354960
185.626 355300
185.673 355640
185.72 355980
185.767 356320
185.82 356660
185.875 357000
185.93 357340
185.986 357680
186.041 358020
186.096 358360
186.16 358700
186.226 359040
186.293 359380
186.359 359720
186.426 360060
186.505 360400
186.588 360740
186.672 361080
186.756 361420
186.839 361760
186.923 362100
187.007 362440
187.091 362780
187.175 363120
187.259 363460
187.364 363800
187.477 364140
187.589 364480
187.702 364820
187.815 365160
187.927 365500
188.04 365840
188.153 366180
188.267 366520
188.38 366860
188.493 367200
188.607 367540
188.764 367880
188.934 368220
189.105 368560
189.276 368900
189.447 369240
189.618 369580
189.789 369920
189.961 370260
190.132 370600
190.304 370940
190.476 371280
190.648 371620
190.82 371960
190.993 372300
191.165 372640
191.338 372980
191.511 373320
191.684 373660
191.857 374000
192.03 374340
192.204 374680
192.378 375020
192.551 375360
192.725 375700
192.9 376040
193.074 376380
193.248 376720
193.423 377060
193.598 377400
193.773 377740
193.948 378080
194.123 378420
194.299 378760
194.474 379100
194.65 379440
194.826 379780
195.002 380120
195.178 380460
195.5 380800
195.853 381140
196.206 381480
196.56 381820
196.914 382160
197.268 382500
197.622 382840
197.977 383180
