0.001 0
0.101 0
0.201 0
0.301 903654
0.401 698653
0.501 1.35186e+06
0.601 2.14522e+06
0.701 1.8392e+06
0.801 2.75056e+06
0.901 2.82264e+06
1.001 3.57051e+06
1.101 4.17758e+06
1.201 4.68809e+06
1.301 5.6428e+06
1.401 6.47092e+06
1.501 7.19051e+06
1.601 7.82021e+06
1.701 8.37427e+06
1.801 8.86832e+06
1.901 8.80244e+06
2.001 8.36254e+06
2.101 7.96451e+06
2.201 8.11798e+06
2.301 1.00135e+07
2.401 1.03679e+07
2.501 1.01459e+07
2.601 9.75582e+06
2.701 1.073e+07
2.801 1.03469e+07
2.901 9.99115e+06
3.001 1.13024e+07
3.101 1.12519e+07
3.201 1.12624e+07
3.301 1.13291e+07
3.401 1.14366e+07
3.501 1.14308e+07
3.601 1.15387e+07
3.701 1.15833e+07
3.801 1.15927e+07
3.901 1.17174e+07
4.001 1.17121e+07
4.101 1.17621e+07
4.201 1.18357e+07
4.301 1.18255e+07
4.401 1.19109e+07
4.501 1.19369e+07
4.601 1.19429e+07
4.701 1.20395e+07
4.801 1.20284e+07
4.901 1.20693e+07
5.001 1.21228e+07
5.101 1.21118e+07
5.201 1.21838e+07
5.301 1.21987e+07
5.401 1.2205e+07
5.501 1.22798e+07
5.601 1.22689e+07
5.701 1.23046e+07
5.801 1.23448e+07
5.901 1.23343e+07
6.001 1.23971e+07
6.101 1.24052e+07
6.201 1.24122e+07
6.301 1.2472e+07
6.401 1.2462e+07
6.501 1.24946e+07
6.601 1.25254e+07
6.701 1.25158e+07
6.801 1.25726e+07
6.901 1.25756e+07
7.001 1.25829e+07
7.101 1.26324e+07
7.201 1.26236e+07
7.301 1.26541e+07
7.401 1.26779e+07
7.501 1.26695e+07
7.601 1.27215e+07
7.701 1.27212e+07
7.801 1.2729e+07
7.901 1.27707e+07
8.001 1.2763e+07
8.101 1.27922e+07
8.201 1.28106e+07
8.301 1.28034e+07
8.401 1.28521e+07
8.501 1.2849e+07
8.601 1.28581e+07
8.701 1.28932e+07
8.801 1.28867e+07
8.901 1.29152e+07
9.001 1.29291e+07
9.101 1.29231e+07
9.201 1.29689e+07
9.301 1.29639e+07
9.401 1.29745e+07
9.501 1.3004e+07
9.601 1.29983e+07
9.701 1.30261e+07
9.801 1.30366e+07
9.901 1.30316e+07
10.001 1.3074e+07
10.101 1.3069e+07
10.201 1.30809e+07
10.301 1.31054e+07
10.401 1.31008e+07
10.501 1.31281e+07
10.601 1.31358e+07
10.701 1.31336e+07
10.801 1.31704e+07
10.901 1.31663e+07
11.001 1.31789e+07
11.101 1.31999e+07
11.201 1.31962e+07
11.301 1.32233e+07
11.401 1.32288e+07
11.501 1.32285e+07
11.601 1.32607e+07
11.701 1.32576e+07
11.801 1.32711e+07
11.901 1.32887e+07
12.001 1.32861e+07
12.101 1.33127e+07
12.201 1.33164e+07
12.301 1.33179e+07
12.401 1.33462e+07
12.501 1.33439e+07
12.601 1.33587e+07
12.701 1.33732e+07
12.801 1.33714e+07
12.901 1.33982e+07
13.001 1.34e+07
13.101 1.34032e+07
13.201 1.3428e+07
13.301 1.34266e+07
13.401 1.34415e+07
13.501 1.34541e+07
13.601 1.3453e+07
13.701 1.34797e+07
13.801 1.34802e+07
13.901 1.34846e+07
14.001 1.35066e+07
14.101 1.35059e+07
14.201 1.35209e+07
14.301 1.35321e+07
14.401 1.35318e+07
14.501 1.35576e+07
14.601 1.35575e+07
14.701 1.35632e+07
14.801 1.35825e+07
14.901 1.35827e+07
15.001 1.35984e+07
15.101 1.36076e+07
15.201 1.36079e+07
15.301 1.36318e+07
15.401 1.36325e+07
15.501 1.36393e+07
15.601 1.36565e+07
15.701 1.36573e+07
15.801 1.36732e+07
15.901 1.36811e+07
16.001 1.36821e+07
16.101 1.37044e+07
16.201 1.37056e+07
16.301 1.37131e+07
16.401 1.37285e+07
16.501 1.37301e+07
16.601 1.37465e+07
16.701 1.37528e+07
16.801 1.37543e+07
16.901 1.37751e+07
17.001 1.37769e+07
17.101 1.37851e+07
17.201 1.37991e+07
17.301 1.38011e+07
17.401 1.38181e+07
17.501 1.3823e+07
17.601 1.38252e+07
17.701 1.38446e+07
17.801 1.38469e+07
17.901 1.3856e+07
18.001 1.38684e+07
18.101 1.38709e+07
18.201 1.38883e+07
18.301 1.3892e+07
18.401 1.38949e+07
18.501 1.3913e+07
18.601 1.39159e+07
18.701 1.39257e+07
18.801 1.39365e+07
18.901 1.39396e+07
19.001 1.3957e+07
19.101 1.39601e+07
19.201 1.39634e+07
19.301 1.39804e+07
19.401 1.39837e+07
19.501 1.39944e+07
19.601 1.40038e+07
19.701 1.40074e+07
19.801 1.40238e+07
19.901 1.40274e+07
20.001 1.40314e+07
20.101 1.40471e+07
20.201 1.40509e+07
20.301 1.40622e+07
20.401 1.40705e+07
20.501 1.40745e+07
20.601 1.40898e+07
20.701 1.40939e+07
20.801 1.40991e+07
20.901 1.41131e+07
21.001 1.41173e+07
21.101 1.41295e+07
21.201 1.41364e+07
21.301 1.41408e+07
21.401 1.41553e+07
21.501 1.41598e+07
21.601 1.41659e+07
21.701 1.41786e+07
21.801 1.41832e+07
21.901 1.4196e+07
22.001 1.42018e+07
22.101 1.42066e+07
22.201 1.42203e+07
22.301 1.42251e+07
22.401 1.42323e+07
22.501 1.42435e+07
22.601 1.42484e+07
22.701 1.42616e+07
22.801 1.42667e+07
22.901 1.42719e+07
23.001 1.42848e+07
23.101 1.429e+07
23.201 1.42978e+07
23.301 1.4308e+07
23.401 1.43133e+07
23.501 1.43258e+07
23.601 1.43313e+07
23.701 1.43368e+07
23.801 1.4349e+07
23.901 1.43545e+07
24.001 1.43632e+07
24.101 1.43722e+07
24.201 1.43779e+07
24.301 1.43897e+07
24.401 1.43955e+07
24.501 1.44013e+07
24.601 1.44129e+07
24.701 1.44188e+07
24.801 1.44279e+07
24.901 1.44362e+07
25.001 1.44422e+07
25.101 1.44534e+07
25.201 1.44595e+07
25.301 1.44656e+07
25.401 1.44766e+07
25.501 1.44828e+07
25.601 1.44926e+07
25.701 1.44999e+07
25.801 1.45063e+07
25.901 1.45169e+07
26.001 1.45233e+07
26.101 1.45298e+07
26.201 1.45401e+07
26.301 1.45467e+07
26.401 1.45568e+07
26.501 1.45635e+07
26.601 1.45702e+07
26.701 1.45803e+07
26.801 1.45869e+07
26.901 1.45937e+07
27.001 1.46035e+07
27.101 1.46104e+07
27.201 1.46202e+07
27.301 1.4627e+07
27.401 1.4634e+07
27.501 1.46436e+07
27.601 1.46504e+07
27.701 1.46575e+07
27.801 1.46668e+07
27.901 1.46739e+07
28.001 1.46832e+07
28.101 1.46903e+07
28.201 1.46975e+07
28.301 1.47066e+07
28.401 1.47138e+07
28.501 1.47212e+07
28.601 1.473e+07
28.701 1.47374e+07
28.801 1.47462e+07
28.901 1.47536e+07
29.001 1.47611e+07
29.101 1.47697e+07
29.201 1.47772e+07
29.301 1.47849e+07
29.401 1.47933e+07
29.501 1.48009e+07
29.601 1.48093e+07
29.701 1.48169e+07
29.801 1.48247e+07
29.901 1.48329e+07
30.001 1.48406e+07
30.101 1.48487e+07
30.201 1.48566e+07
30.301 1.48644e+07
30.401 1.48724e+07
30.501 1.48801e+07
30.601 1.4888e+07
30.701 1.48956e+07
30.801 1.49033e+07
30.901 1.49109e+07
31.001 1.49185e+07
31.101 1.4926e+07
31.201 1.49335e+07
31.301 1.49409e+07
31.401 1.49483e+07
31.501 1.49556e+07
31.601 1.4963e+07
31.701 1.49702e+07
31.801 1.49774e+07
31.901 1.49845e+07
32.001 1.49917e+07
32.101 1.49987e+07
32.201 1.50057e+07
32.301 1.50127e+07
32.401 1.50196e+07
32.501 1.50265e+07
32.601 1.50334e+07
32.701 1.50401e+07
32.801 1.50469e+07
32.901 1.50537e+07
33.001 1.50603e+07
33.101 1.5067e+07
33.201 1.50736e+07
33.301 1.50802e+07
33.401 1.50867e+07
33.501 1.50932e+07
33.601 1.50996e+07
33.701 1.5106e+07
33.801 1.51124e+07
33.901 1.51187e+07
34.001 1.5125e+07
34.101 1.51313e+07
34.201 1.51375e+07
34.301 1.51437e+07
34.401 1.51498e+07
34.501 1.5156e+07
34.601 1.5162e+07
34.701 1.51681e+07
34.801 1.5174e+07
34.901 1.518e+07
35.001 1.51859e+07
35.101 1.51919e+07
35.201 1.51977e+07
35.301 1.52036e+07
35.401 1.52094e+07
35.501 1.52152e+07
35.601 1.5221e+07
35.701 1.52266e+07
35.801 1.52323e+07
35.901 1.52379e+07
36.001 1.52436e+07
36.101 1.52491e+07
36.201 1.52547e+07
36.301 1.52602e+07
36.401 1.52657e+07
36.501 1.52712e+07
36.601 1.52766e+07
36.701 1.5282e+07
36.801 1.52874e+07
36.901 1.52927e+07
37.001 1.5298e+07
37.101 1.53033e+07
37.201 1.53086e+07
37.301 1.53138e+07
37.401 1.5319e+07
37.501 1.53241e+07
37.601 1.53293e+07
37.701 1.53344e+07
37.801 1.53395e+07
37.901 1.53446e+07
38.001 1.53496e+07
38.101 1.53546e+07
38.201 1.53596e+07
38.301 1.53645e+07
38.401 1.53695e+07
38.501 1.53745e+07
38.601 1.53793e+07
38.701 1.53842e+07
38.801 1.5389e+07
38.901 1.53938e+07
39.001 1.53986e+07
39.101 1.54034e+07
39.201 1.54081e+07
39.301 1.54128e+07
39.401 1.54175e+07
39.501 1.54221e+07
39.601 1.54267e+07
39.701 1.54314e+07
39.801 1.5436e+07
39.901 1.54406e+07
40.001 1.54451e+07
40.101 1.54496e+07
40.201 1.54541e+07
40.301 1.54586e+07
40.401 1.5463e+07
40.501 1.54675e+07
40.601 1.54719e+07
40.701 1.54763e+07
40.801 1.54806e+07
40.901 1.5485e+07
41.001 1.54893e+07
41.101 1.54936e+07
41.201 1.54979e+07
41.301 1.55022e+07
41.401 1.55065e+07
41.501 1.55106e+07
41.601 1.55149e+07
41.701 1.5519e+07
41.801 1.55232e+07
41.901 1.55273e+07
42.001 1.55315e+07
42.101 1.55355e+07
42.201 1.55397e+07
42.301 1.55437e+07
42.401 1.55478e+07
42.501 1.55518e+07
42.601 1.55558e+07
42.701 1.55598e+07
42.801 1.55638e+07
42.901 1.55677e+07
43.001 1.55716e+07
43.101 1.55755e+07
43.201 1.55794e+07
43.301 1.55833e+07
43.401 1.55872e+07
43.501 1.5591e+07
43.601 1.55948e+07
43.701 1.55986e+07
43.801 1.56024e+07
43.901 1.56062e+07
44.001 1.561e+07
44.101 1.56137e+07
44.201 1.56174e+07
44.301 1.56212e+07
44.401 1.56248e+07
44.501 1.56285e+07
44.601 1.56321e+07
44.701 1.56358e+07
44.801 1.56394e+07
44.901 1.5643e+07
45.001 1.56466e+07
45.101 1.56502e+07
45.201 1.56537e+07
45.301 1.56573e+07
45.401 1.56608e+07
45.501 1.56643e+07
45.601 1.56678e+07
45.701 1.56713e+07
45.801 1.56748e+07
45.901 1.56782e+07
46.001 1.56816e+07
46.101 1.56851e+07
46.201 1.56885e+07
46.301 1.56919e+07
46.401 1.56952e+07
46.501 1.56986e+07
46.601 1.57019e+07
46.701 1.57053e+07
46.801 1.57086e+07
46.901 1.57119e+07
47.001 1.57152e+07
47.101 1.57185e+07
47.201 1.57218e+07
47.301 1.5725e+07
47.401 1.57283e+07
47.501 1.57315e+07
47.601 1.57347e+07
47.701 1.57379e+07
47.801 1.57411e+07
47.901 1.57442e+07
48.001 1.57474e+07
48.101 1.57505e+07
48.201 1.57537e+07
48.301 1.57568e+07
48.401 1.57599e+07
48.501 1.57629e+07
48.601 1.5766e+07
48.701 1.57691e+07
48.801 1.57722e+07
48.901 1.57752e+07
49.001 1.57782e+07
49.101 1.57812e+07
49.201 1.57842e+07
49.301 1.57872e+07
49.401 1.57902e+07
49.501 1.57932e+07
49.601 1.57961e+07
49.701 1.57991e+07
49.801 1.5802e+07
49.901 1.5805e+07
50.001 1.58078e+07
50.101 1.58108e+07
50.201 1.58136e+07
50.301 1.58165e+07
50.401 1.58193e+07
50.501 1.58222e+07
50.601 1.5825e+07
50.701 1.58279e+07
50.801 1.58307e+07
50.901 1.58335e+07
51.001 1.58363e+07
51.101 1.58391e+07
51.201 1.58418e+07
51.301 1.58446e+07
51.401 1.58473e+07
51.501 1.58501e+07
51.601 1.58528e+07
51.701 1.58556e+07
51.801 1.58582e+07
51.901 1.5861e+07
52.001 1.58636e+07
52.101 1.58663e+07
52.201 1.5869e+07
52.301 1.58717e+07
52.401 1.58743e+07
52.501 1.58769e+07
52.601 1.58796e+07
52.701 1.58822e+07
52.801 1.58848e+07
52.901 1.58874e+07
53.001 1.589e+07
53.101 1.58925e+07
53.201 1.58951e+07
53.301 1.58977e+07
53.401 1.59002e+07
53.501 1.59028e+07
53.601 1.59053e+07
53.701 1.59078e+07
53.801 1.59103e+07
53.901 1.59128e+07
54.001 1.59153e+07
54.101 1.59178e+07
54.201 1.59203e+07
54.301 1.59227e+07
54.401 1.59252e+07
54.501 1.59276e+07
54.601 1.59301e+07
54.701 1.59325e+07
54.801 1.59349e+07
54.901 1.59373e+07
55.001 1.59398e+07
55.101 1.59421e+07
55.201 1.59445e+07
55.301 1.59469e+07
55.401 1.59493e+07
55.501 1.59517e+07
55.601 1.5954e+07
55.701 1.59563e+07
55.801 1.59587e+07
55.901 1.5961e+07
56.001 1.59633e+07
56.101 1.59656e+07
56.201 1.59679e+07
56.301 1.59702e+07
56.401 1.59725e+07
56.501 1.59748e+07
56.601 1.5977e+07
56.701 1.59793e+07
56.801 1.59815e+07
56.901 1.59838e+07
57.001 1.5986e+07
57.101 1.59883e+07
57.201 1.59905e+07
57.301 1.59927e+07
57.401 1.59949e+07
57.501 1.59971e+07
57.601 1.59993e+07
57.701 1.60015e+07
57.801 1.60036e+07
57.901 1.60058e+07
58.001 1.6008e+07
58.101 1.60101e+07
58.201 1.60123e+07
58.301 1.60144e+07
58.401 1.60166e+07
58.501 1.60187e+07
58.601 1.60208e+07
58.701 1.60229e+07
58.801 1.6025e+07
58.901 1.60271e+07
59.001 1.60292e+07
59.101 1.60313e+07
59.201 1.60333e+07
59.301 1.60354e+07
59.401 1.60375e+07
59.501 1.60395e+07
59.601 1.60416e+07
59.701 1.60436e+07
59.801 1.60456e+07
59.901 1.60476e+07
60.001 1.60497e+07
60.101 1.60517e+07
60.201 1.60537e+07
60.301 1.60557e+07
60.401 1.60577e+07
60.501 1.60596e+07
60.601 1.60616e+07
60.701 1.60636e+07
60.801 1.60656e+07
60.901 1.60675e+07
61.001 1.60695e+07
61.101 1.60715e+07
61.201 1.60734e+07
61.301 1.60753e+07
61.401 1.60772e+07
61.501 1.60792e+07
61.601 1.60811e+07
61.701 1.6083e+07
61.801 1.60849e+07
61.901 1.60868e+07
62.001 1.60887e+07
62.101 1.60906e+07
62.201 1.60924e+07
62.301 1.60943e+07
62.401 1.60962e+07
62.501 1.60981e+07
62.601 1.60999e+07
62.701 1.61018e+07
62.801 1.61036e+07
62.901 1.61054e+07
63.001 1.61072e+07
63.101 1.61091e+07
63.201 1.61109e+07
63.301 1.61127e+07
63.401 1.61145e+07
63.501 1.61163e+07
63.601 1.61181e+07
63.701 1.61199e+07
63.801 1.61217e+07
63.901 1.61235e+07
64.001 1.61253e+07
64.101 1.6127e+07
64.201 1.61288e+07
64.301 1.61305e+07
64.401 1.61323e+07
64.501 1.6134e+07
64.601 1.61358e+07
64.701 1.61375e+07
64.801 1.61393e+07
64.901 1.6141e+07
65.001 1.61427e+07
65.101 1.61444e+07
65.201 1.61461e+07
65.301 1.61478e+07
65.401 1.61495e+07
65.501 1.61512e+07
65.601 1.61529e+07
65.701 1.61546e+07
65.801 1.61563e+07
65.901 1.61579e+07
66.001 1.61596e+07
66.101 1.61612e+07
66.201 1.61629e+07
66.301 1.61646e+07
66.401 1.61662e+07
66.501 1.61678e+07
66.601 1.61695e+07
66.701 1.61712e+07
66.801 1.61728e+07
66.901 1.61744e+07
67.001 1.6176e+07
67.101 1.61776e+07
67.201 1.61792e+07
67.301 1.61808e+07
67.401 1.61824e+07
67.501 1.6184e+07
67.601 1.61856e+07
67.701 1.61872e+07
67.801 1.61888e+07
67.901 1.61904e+07
68.001 1.61919e+07
68.101 1.61935e+07
68.201 1.6195e+07
68.301 1.61966e+07
68.401 1.61982e+07
68.501 1.61997e+07
68.601 1.62012e+07
68.701 1.62028e+07
68.801 1.62043e+07
68.901 1.62059e+07
69.001 1.62074e+07
69.101 1.62089e+07
69.201 1.62104e+07
69.301 1.62119e+07
69.401 1.62135e+07
69.501 1.6215e+07
69.601 1.62165e+07
69.701 1.6218e+07
69.801 1.62195e+07
69.901 1.62209e+07
70.001 1.62224e+07
70.101 1.62239e+07
70.201 1.62254e+07
70.301 1.62268e+07
70.401 1.62283e+07
70.501 1.62298e+07
70.601 1.62312e+07
70.701 1.62327e+07
70.801 1.62341e+07
70.901 1.62356e+07
71.001 1.6237e+07
71.101 1.62384e+07
71.201 1.62399e+07
71.301 1.62413e+07
71.401 1.62427e+07
71.501 1.62441e+07
71.601 1.62456e+07
71.701 1.6247e+07
71.801 1.62484e+07
71.901 1.62498e+07
72.001 1.62512e+07
72.101 1.62526e+07
72.201 1.6254e+07
72.301 1.62554e+07
72.401 1.62568e+07
72.501 1.62582e+07
72.601 1.62595e+07
72.701 1.62609e+07
72.801 1.62623e+07
72.901 1.62637e+07
73.001 1.6265e+07
73.101 1.62664e+07
73.201 1.62677e+07
73.301 1.62691e+07
73.401 1.62704e+07
73.501 1.62718e+07
73.601 1.62731e+07
73.701 1.62745e+07
73.801 1.62758e+07
73.901 1.62771e+07
74.001 1.62784e+07
74.101 1.62798e+07
74.201 1.62811e+07
74.301 1.62824e+07
74.401 1.62837e+07
74.501 1.6285e+07
74.601 1.62863e+07
74.701 1.62876e+07
74.801 1.62889e+07
74.901 1.62902e+07
75.001 1.62915e+07
75.101 1.62928e+07
75.201 1.62941e+07
75.301 1.62954e+07
75.401 1.62967e+07
75.501 1.62979e+07
75.601 1.62992e+07
75.701 1.63005e+07
75.801 1.63017e+07
75.901 1.6303e+07
76.001 1.63043e+07
76.101 1.63055e+07
76.201 1.63068e+07
76.301 1.6308e+07
76.401 1.63092e+07
76.501 1.63105e+07
76.601 1.63117e+07
76.701 1.63129e+07
76.801 1.63142e+07
76.901 1.63154e+07
77.001 1.63166e+07
77.101 1.63178e+07
77.201 1.63191e+07
77.301 1.63203e+07
77.401 1.63215e+07
77.501 1.63227e+07
77.601 1.63239e+07
77.701 1.63251e+07
77.801 1.63263e+07
77.901 1.63275e+07
78.001 1.63287e+07
78.101 1.63299e+07
78.201 1.63311e+07
78.301 1.63323e+07
78.401 1.63335e+07
78.501 1.63347e+07
78.601 1.63358e+07
78.701 1.6337e+07
78.801 1.63382e+07
78.901 1.63393e+07
79.001 1.63405e+07
79.101 1.63417e+07
79.201 1.63428e+07
79.301 1.6344e+07
79.401 1.63451e+07
79.501 1.63463e+07
79.601 1.63474e+07
79.701 1.63486e+07
79.801 1.63497e+07
79.901 1.63508e+07
80.001 1.6352e+07
80.101 1.63531e+07
80.201 1.63542e+07
80.301 1.63554e+07
80.401 1.63565e+07
80.501 1.63576e+07
80.601 1.63587e+07
80.701 1.63598e+07
80.801 1.6361e+07
80.901 1.63621e+07
81.001 1.63632e+07
81.101 1.63643e+07
81.201 1.63654e+07
81.301 1.63665e+07
81.401 1.63676e+07
81.501 1.63687e+07
81.601 1.63698e+07
81.701 1.63708e+07
81.801 1.63719e+07
81.901 1.6373e+07
82.001 1.63741e+07
82.101 1.63752e+07
82.201 1.63763e+07
82.301 1.63773e+07
82.401 1.63784e+07
82.501 1.63794e+07
82.601 1.63805e+07
82.701 1.63816e+07
82.801 1.63826e+07
82.901 1.63837e+07
83.001 1.63848e+07
83.101 1.63858e+07
83.201 1.63869e+07
83.301 1.63879e+07
83.401 1.63889e+07
83.501 1.639e+07
83.601 1.6391e+07
83.701 1.63921e+07
83.801 1.63931e+07
83.901 1.63941e+07
84.001 1.63952e+07
84.101 1.63962e+07
84.201 1.63972e+07
84.301 1.63982e+07
84.401 1.63992e+07
84.501 1.64003e+07
84.601 1.64013e+07
84.701 1.64023e+07
84.801 1.64033e+07
84.901 1.64043e+07
85.001 1.64053e+07
85.101 1.64063e+07
85.201 1.64073e+07
85.301 1.64083e+07
85.401 1.64093e+07
85.501 1.64103e+07
85.601 1.64113e+07
85.701 1.64123e+07
85.801 1.64133e+07
85.901 1.64143e+07
86.001 1.64152e+07
86.101 1.64162e+07
86.201 1.64172e+07
86.301 1.64182e+07
86.401 1.64192e+07
86.501 1.64201e+07
86.601 1.64211e+07
86.701 1.64221e+07
86.801 1.6423e+07
86.901 1.6424e+07
87.001 1.6425e+07
87.101 1.64259e+07
87.201 1.64269e+07
87.301 1.64278e+07
87.401 1.64288e+07
87.501 1.64297e+07
87.601 1.64307e+07
87.701 1.64316e+07
87.801 1.64325e+07
87.901 1.64335e+07
88.001 1.64344e+07
88.101 1.64353e+07
88.201 1.64363e+07
88.301 1.64372e+07
88.401 1.64382e+07
88.501 1.64391e+07
88.601 1.644e+07
88.701 1.64409e+07
88.801 1.64418e+07
88.901 1.64428e+07
89.001 1.64437e+07
89.101 1.64446e+07
89.201 1.64455e+07
89.301 1.64464e+07
89.401 1.64473e+07
89.501 1.64482e+07
89.601 1.64491e+07
89.701 1.64501e+07
89.801 1.64509e+07
89.901 1.64519e+07
90.001 1.64527e+07
90.101 1.64536e+07
90.201 1.64545e+07
90.301 1.64554e+07
90.401 1.64563e+07
90.501 1.64572e+07
90.601 1.64581e+07
90.701 1.6459e+07
90.801 1.64598e+07
90.901 1.64607e+07
91.001 1.64616e+07
91.101 1.64625e+07
91.201 1.64633e+07
91.301 1.64642e+07
91.401 1.64651e+07
91.501 1.6466e+07
91.601 1.64668e+07
91.701 1.64677e+07
91.801 1.64685e+07
91.901 1.64694e+07
92.001 1.64703e+07
92.101 1.64711e+07
92.201 1.6472e+07
92.301 1.64728e+07
92.401 1.64737e+07
92.501 1.64745e+07
92.601 1.64754e+07
92.701 1.64762e+07
92.801 1.64771e+07
92.901 1.64779e+07
93.001 1.64788e+07
93.101 1.64796e+07
93.201 1.64804e+07
93.301 1.64812e+07
93.401 1.64821e+07
93.501 1.64829e+07
93.601 1.64838e+07
93.701 1.64846e+07
93.801 1.64854e+07
93.901 1.64862e+07
94.001 1.6487e+07
94.101 1.64879e+07
94.201 1.64887e+07
94.301 1.64895e+07
94.401 1.64903e+07
94.501 1.64911e+07
94.601 1.64919e+07
94.701 1.64928e+07
94.801 1.64936e+07
94.901 1.64944e+07
95.001 1.64952e+07
95.101 1.6496e+07
95.201 1.64968e+07
95.301 1.64976e+07
95.401 1.64984e+07
95.501 1.64992e+07
95.601 1.65e+07
95.701 1.65008e+07
95.801 1.65015e+07
95.901 1.65023e+07
96.001 1.65031e+07
96.101 1.65039e+07
96.201 1.65047e+07
96.301 1.65055e+07
96.401 1.65063e+07
96.501 1.6507e+07
96.601 1.65078e+07
96.701 1.65086e+07
96.801 1.65094e+07
96.901 1.65101e+07
97.001 1.65109e+07
97.101 1.65117e+07
97.201 1.65124e+07
97.301 1.65132e+07
97.401 1.6514e+07
97.501 1.65148e+07
97.601 1.65155e+07
97.701 1.65163e+07
97.801 1.6517e+07
97.901 1.65178e+07
98.001 1.65186e+07
98.101 1.65193e+07
98.201 1.65201e+07
98.301 1.65208e+07
98.401 1.65216e+07
98.501 1.65223e+07
98.601 1.65231e+07
98.701 1.65238e+07
98.801 1.65245e+07
98.901 1.65253e+07
99.001 1.6526e+07
99.101 1.65268e+07
99.201 1.65275e+07
99.301 1.65282e+07
99.401 1.6529e+07
99.501 1.65297e+07
99.601 1.65304e+07
99.701 1.65312e+07
99.801 1.65319e+07
99.901 1.65326e+07
100.001 1.65334e+07
100.101 1.65341e+07
100.201 1.65348e+07
100.301 1.65355e+07
100.401 1.65362e+07
100.501 1.6537e+07
100.601 1.65377e+07
100.701 1.65384e+07
100.801 1.65391e+07
100.901 1.65398e+07
101.001 1.65405e+07
101.101 1.65413e+07
101.201 1.6542e+07
101.301 1.65427e+07
101.401 1.65434e+07
101.501 1.65441e+07
101.601 1.65448e+07
101.701 1.65455e+07
101.801 1.65462e+07
101.901 1.65469e+07
102.001 1.65476e+07
102.101 1.65483e+07
102.201 1.6549e+07
102.301 1.65497e+07
102.401 1.65503e+07
102.501 1.65511e+07
102.601 1.65517e+07
102.701 1.65524e+07
102.801 1.65531e+07
102.901 1.65538e+07
103.001 1.65545e+07
103.101 1.65552e+07
103.201 1.65559e+07
103.301 1.65565e+07
103.401 1.65572e+07
103.501 1.65579e+07
103.601 1.65586e+07
103.701 1.65592e+07
103.801 1.65599e+07
103.901 1.65606e+07
104.001 1.65613e+07
104.101 1.65619e+07
104.201 1.65626e+07
104.301 1.65633e+07
104.401 1.65639e+07
104.501 1.65646e+07
104.601 1.65653e+07
104.701 1.65659e+07
104.801 1.65666e+07
104.901 1.65672e+07
105.001 1.65679e+07
105.101 1.65686e+07
105.201 1.65692e+07
105.301 1.65699e+07
105.401 1.65705e+07
105.501 1.65712e+07
105.601 1.65718e+07
105.701 1.65725e+07
105.801 1.65731e+07
105.901 1.65738e+07
106.001 1.65744e+07
106.101 1.65751e+07
106.201 1.65757e+07
106.301 1.65764e+07
106.401 1.6577e+07
106.501 1.65776e+07
106.601 1.65783e+07
106.701 1.65789e+07
106.801 1.65795e+07
106.901 1.65802e+07
107.001 1.65808e+07
107.101 1.65815e+07
107.201 1.65821e+07
107.301 1.65827e+07
107.401 1.65833e+07
107.501 1.6584e+07
107.601 1.65846e+07
107.701 1.65852e+07
107.801 1.65858e+07
107.901 1.65865e+07
108.001 1.65871e+07
108.101 1.65877e+07
108.201 1.65883e+07
108.301 1.6589e+07
108.401 1.65896e+07
108.501 1.65902e+07
108.601 1.65908e+07
108.701 1.65914e+07
108.801 1.6592e+07
108.901 1.65926e+07
109.001 1.65933e+07
109.101 1.65939e+07
109.201 1.65945e+07
109.301 1.65951e+07
109.401 1.65957e+07
109.501 1.65963e+07
109.601 1.65969e+07
109.701 1.65975e+07
109.801 1.65981e+07
109.901 1.65987e+07
110.001 1.65993e+07
110.101 1.65999e+07
110.201 1.66005e+07
110.301 1.66011e+07
110.401 1.66017e+07
110.501 1.66023e+07
110.601 1.66029e+07
110.701 1.66035e+07
110.801 1.66041e+07
110.901 1.66047e+07
111.001 1.66053e+07
111.101 1.66058e+07
111.201 1.66064e+07
111.301 1.6607e+07
111.401 1.66076e+07
111.501 1.66082e+07
111.601 1.66088e+07
111.701 1.66094e+07
111.801 1.66099e+07
111.901 1.66105e+07
112.001 1.66111e+07
112.101 1.66117e+07
112.201 1.66122e+07
112.301 1.66128e+07
112.401 1.66134e+07
112.501 1.6614e+07
112.601 1.66145e+07
112.701 1.66151e+07
112.801 1.66157e+07
112.901 1.66163e+07
113.001 1.66168e+07
113.101 1.66174e+07
113.201 1.66179e+07
113.301 1.66185e+07
113.401 1.66191e+07
113.501 1.66197e+07
113.601 1.66202e+07
113.701 1.66208e+07
113.801 1.66213e+07
113.901 1.66219e+07
114.001 1.66224e+07
114.101 1.6623e+07
114.201 1.66236e+07
114.301 1.66241e+07
114.401 1.66247e+07
114.501 1.66252e+07
114.601 1.66258e+07
114.701 1.66263e+07
114.801 1.66269e+07
114.901 1.66274e+07
115.001 1.6628e+07
115.101 1.66285e+07
115.201 1.66291e+07
115.301 1.66296e+07
115.401 1.66302e+07
115.501 1.66307e+07
115.601 1.66313e+07
115.701 1.66318e+07
115.801 1.66324e+07
115.901 1.66329e+07
116.001 1.66334e+07
116.101 1.6634e+07
116.201 1.66345e+07
116.301 1.6635e+07
116.401 1.66356e+07
116.501 1.66361e+07
116.601 1.66366e+07
116.701 1.66372e+07
116.801 1.66377e+07
116.901 1.66382e+07
117.001 1.66388e+07
117.101 1.66393e+07
117.201 1.66398e+07
117.301 1.66404e+07
117.401 1.66409e+07
117.501 1.66414e+07
117.601 1.66419e+07
117.701 1.66425e+07
117.801 1.6643e+07
117.901 1.66435e+07
118.001 1.6644e+07
118.101 1.66446e+07
118.201 1.66451e+07
118.301 1.66456e+07
118.401 1.66461e+07
118.501 1.66466e+07
118.601 1.66471e+07
118.701 1.66477e+07
118.801 1.66482e+07
118.901 1.66487e+07
119.001 1.66492e+07
119.101 1.66497e+07
119.201 1.66502e+07
119.301 1.66507e+07
119.401 1.66512e+07
119.501 1.66517e+07
119.601 1.66522e+07
119.701 1.66528e+07
119.801 1.66533e+07
119.901 1.66538e+07
120.001 1.66543e+07
120.101 1.66548e+07
120.201 1.66553e+07
120.301 1.66558e+07
120.401 1.66563e+07
120.501 1.66568e+07
120.601 1.66573e+07
120.701 1.66578e+07
120.801 1.66583e+07
120.901 1.66588e+07
121.001 1.66593e+07
121.101 1.66598e+07
121.201 1.66603e+07
121.301 1.66607e+07
121.401 1.66613e+07
121.501 1.66617e+07
121.601 1.66622e+07
121.701 1.66627e+07
121.801 1.66632e+07
121.901 1.66637e+07
122.001 1.66642e+07
122.101 1.66647e+07
122.201 1.66652e+07
122.301 1.66656e+07
122.401 1.66661e+07
122.501 1.66666e+07
122.601 1.66671e+07
122.701 1.66676e+07
122.801 1.66681e+07
122.901 1.66686e+07
123.001 1.6669e+07
123.101 1.66695e+07
123.201 1.667e+07
123.301 1.66705e+07
123.401 1.66709e+07
123.501 1.66714e+07
123.601 1.66719e+07
123.701 1.66724e+07
123.801 1.66728e+07
123.901 1.66733e+07
124.001 1.66738e+07
124.101 1.66743e+07
124.201 1.66747e+07
124.301 1.66752e+07
124.401 1.66757e+07
124.501 1.66761e+07
124.601 1.66766e+07
124.701 1.66771e+07
124.801 1.66775e+07
124.901 1.6678e+07
125.001 1.66784e+07
125.101 1.66789e+07
125.201 1.66794e+07
125.301 1.66798e+07
125.401 1.66803e+07
125.501 1.66808e+07
125.601 1.66812e+07
125.701 1.66817e+07
125.801 1.66822e+07
125.901 1.66826e+07
126.001 1.66831e+07
126.101 1.66835e+07
126.201 1.6684e+07
126.301 1.66844e+07
126.401 1.66849e+07
126.501 1.66853e+07
126.601 1.66858e+07
126.701 1.66862e+07
126.801 1.66867e+07
126.901 1.66871e+07
127.001 1.66876e+07
127.101 1.6688e+07
127.201 1.66885e+07
127.301 1.66889e+07
127.401 1.66894e+07
127.501 1.66898e+07
127.601 1.66903e+07
127.701 1.66907e+07
127.801 1.66912e+07
127.901 1.66916e+07
128.001 1.66921e+07
128.101 1.66925e+07
128.201 1.66929e+07
128.301 1.66934e+07
128.401 1.66938e+07
128.501 1.66943e+07
128.601 1.66947e+07
128.701 1.66952e+07
128.801 1.66956e+07
128.901 1.6696e+07
129.001 1.66965e+07
129.101 1.66969e+07
129.201 1.66973e+07
129.301 1.66978e+07
129.401 1.66982e+07
129.501 1.66986e+07
129.601 1.66991e+07
129.701 1.66995e+07
129.801 1.66999e+07
129.901 1.67004e+07
130.001 1.67008e+07
130.101 1.67012e+07
130.201 1.67016e+07
130.301 1.67021e+07
130.401 1.67025e+07
130.501 1.67029e+07
130.601 1.67033e+07
130.701 1.67038e+07
130.801 1.67042e+07
130.901 1.67046e+07
131.001 1.6705e+07
131.101 1.67055e+07
131.201 1.67059e+07
131.301 1.67063e+07
131.401 1.67067e+07
131.501 1.67071e+07
131.601 1.67076e+07
131.701 1.6708e+07
131.801 1.67084e+07
131.901 1.67088e+07
132.001 1.67092e+07
132.101 1.67097e+07
132.201 1.67101e+07
132.301 1.67105e+07
132.401 1.67109e+07
132.501 1.67113e+07
132.601 1.67117e+07
132.701 1.67121e+07
132.801 1.67126e+07
132.901 1.6713e+07
133.001 1.67134e+07
133.101 1.67138e+07
133.201 1.67142e+07
133.301 1.67146e+07
133.401 1.6715e+07
133.501 1.67154e+07
133.601 1.67158e+07
133.701 1.67162e+07
133.801 1.67166e+07
133.901 1.6717e+07
134.001 1.67174e+07
134.101 1.67179e+07
134.201 1.67182e+07
134.301 1.67187e+07
134.401 1.67191e+07
134.501 1.67195e+07
134.601 1.67199e+07
134.701 1.67203e+07
134.801 1.67207e+07
134.901 1.67211e+07
135.001 1.67214e+07
135.101 1.67219e+07
135.201 1.67222e+07
135.301 1.67226e+07
135.401 1.6723e+07
135.501 1.67234e+07
135.601 1.67238e+07
135.701 1.67242e+07
135.801 1.67246e+07
135.901 1.6725e+07
136.001 1.67254e+07
136.101 1.67258e+07
136.201 1.67262e+07
136.301 1.67266e+07
136.401 1.6727e+07
136.501 1.67274e+07
136.601 1.67277e+07
136.701 1.67281e+07
136.801 1.67285e+07
136.901 1.67289e+07
137.001 1.67293e+07
137.101 1.67297e+07
137.201 1.67301e+07
137.301 1.67305e+07
137.401 1.67308e+07
137.501 1.67312e+07
137.601 1.67316e+07
137.701 1.6732e+07
137.801 1.67324e+07
137.901 1.67328e+07
138.001 1.67331e+07
138.101 1.67335e+07
138.201 1.67339e+07
138.301 1.67343e+07
138.401 1.67347e+07
138.501 1.6735e+07
138.601 1.67354e+07
138.701 1.67358e+07
138.801 1.67362e+07
138.901 1.67365e+07
139.001 1.67369e+07
139.101 1.67373e+07
139.201 1.67377e+07
139.301 1.6738e+07
139.401 1.67384e+07
139.501 1.67388e+07
139.601 1.67392e+07
139.701 1.67395e+07
139.801 1.67399e+07
139.901 1.67403e+07
140.001 1.67406e+07
140.101 1.6741e+07
140.201 1.67414e+07
140.301 1.67418e+07
140.401 1.67421e+07
140.501 1.67425e+07
140.601 1.67429e+07
140.701 1.67432e+07
140.801 1.67436e+07
140.901 1.6744e+07
141.001 1.67443e+07
141.101 1.67447e+07
141.201 1.6745e+07
141.301 1.67454e+07
141.401 1.67458e+07
141.501 1.67461e+07
141.601 1.67465e+07
141.701 1.67469e+07
141.801 1.67472e+07
141.901 1.67476e+07
142.001 1.67479e+07
142.101 1.67483e+07
142.201 1.67487e+07
142.301 1.6749e+07
142.401 1.67494e+07
142.501 1.67497e+07
142.601 1.67501e+07
142.701 1.67505e+07
142.801 1.67508e+07
142.901 1.67512e+07
143.001 1.67515e+07
143.101 1.67519e+07
143.201 1.67522e+07
143.301 1.67526e+07
143.401 1.67529e+07
143.501 1.67533e+07
143.601 1.67536e+07
143.701 1.6754e+07
143.801 1.67543e+07
143.901 1.67547e+07
144.001 1.6755e+07
144.101 1.67554e+07
144.201 1.67557e+07
144.301 1.67561e+07
144.401 1.67564e+07
144.501 1.67568e+07
144.601 1.67571e+07
144.701 1.67575e+07
144.801 1.67578e+07
144.901 1.67582e+07
145.001 1.67585e+07
145.101 1.67589e+07
145.201 1.67592e+07
145.301 1.67595e+07
145.401 1.67599e+07
145.501 1.67602e+07
145.601 1.67606e+07
145.701 1.67609e+07
145.801 1.67613e+07
145.901 1.67616e+07
146.001 1.67619e+07
146.101 1.67623e+07
146.201 1.67626e+07
146.301 1.6763e+07
146.401 1.67633e+07
146.501 1.67636e+07
146.601 1.6764e+07
146.701 1.67643e+07
146.801 1.67646e+07
146.901 1.6765e+07
147.001 1.67653e+07
147.101 1.67657e+07
147.201 1.6766e+07
147.301 1.67663e+07
147.401 1.67667e+07
147.501 1.6767e+07
147.601 1.67673e+07
147.701 1.67677e+07
147.801 1.6768e+07
147.901 1.67683e+07
148.001 1.67686e+07
148.101 1.6769e+07
148.201 1.67693e+07
148.301 1.67696e+07
148.401 1.67601e+07
148.501 1.67489e+07
148.601 1.67376e+07
148.701 1.67637e+07
148.801 1.67524e+07
148.901 1.67716e+07
149.001 1.67719e+07
149.101 1.67722e+07
149.201 1.67725e+07
149.301 1.67729e+07
149.401 1.67732e+07
149.501 1.67735e+07
149.601 1.67738e+07
149.701 1.67741e+07
149.801 1.67745e+07
149.901 1.67748e+07
150.001 1.67751e+07
150.101 1.67754e+07
150.201 1.67758e+07
150.301 1.67761e+07
150.401 1.67764e+07
150.501 1.67767e+07
150.601 1.67771e+07
150.701 1.67774e+07
150.801 1.67777e+07
150.901 1.6778e+07
151.001 1.67783e+07
151.101 1.67787e+07
151.201 1.6779e+07
151.301 1.67793e+07
151.401 1.67796e+07
151.501 1.67799e+07
151.601 1.67802e+07
151.701 1.67806e+07
151.801 1.67809e+07
151.901 1.67812e+07
152.001 1.67815e+07
152.101 1.67818e+07
152.201 1.67821e+07
152.301 1.67824e+07
152.401 1.67827e+07
152.501 1.67831e+07
152.601 1.67834e+07
152.701 1.67837e+07
152.801 1.6784e+07
152.901 1.67843e+07
153.001 1.67846e+07
153.101 1.67849e+07
153.201 1.67852e+07
153.301 1.67855e+07
153.401 1.67858e+07
153.501 1.67862e+07
153.601 1.67865e+07
153.701 1.67868e+07
153.801 1.67871e+07
153.901 1.67874e+07
154.001 1.67877e+07
154.101 1.6788e+07
154.201 1.67883e+07
154.301 1.67886e+07
154.401 1.67889e+07
154.501 1.67892e+07
154.601 1.67895e+07
154.701 1.67898e+07
154.801 1.67901e+07
154.901 1.67904e+07
155.001 1.67907e+07
155.101 1.6791e+07
155.201 1.67913e+07
155.301 1.67916e+07
155.401 1.67919e+07
155.501 1.67922e+07
155.601 1.67925e+07
155.701 1.67928e+07
155.801 1.67931e+07
155.901 1.67934e+07
156.001 1.67937e+07
156.101 1.6794e+07
156.201 1.67943e+07
156.301 1.67946e+07
156.401 1.67949e+07
156.501 1.67952e+07
156.601 1.67955e+07
156.701 1.67958e+07
156.801 1.67961e+07
156.901 1.67964e+07
157.001 1.67967e+07
157.101 1.6797e+07
157.201 1.67973e+07
157.301 1.67976e+07
157.401 1.67979e+07
157.501 1.67982e+07
157.601 1.67984e+07
157.701 1.67987e+07
157.801 1.6799e+07
157.901 1.67993e+07
158.001 1.67996e+07
158.101 1.67999e+07
158.201 1.68002e+07
158.301 1.68005e+07
158.401 1.68008e+07
158.501 1.68011e+07
158.601 1.68013e+07
158.701 1.68016e+07
158.801 1.68019e+07
158.901 1.68022e+07
159.001 1.68025e+07
159.101 1.68028e+07
159.201 1.68031e+07
159.301 1.68034e+07
159.401 1.68036e+07
159.501 1.68039e+07
159.601 1.68042e+07
159.701 1.68045e+07
159.801 1.68048e+07
159.901 1.68051e+07
160.001 1.68054e+07
160.101 1.68056e+07
160.201 1.68059e+07
160.301 1.68062e+07
160.401 1.68065e+07
160.501 1.68068e+07
160.601 1.68071e+07
160.701 1.68073e+07
160.801 1.68076e+07
160.901 1.68079e+07
161.001 1.68082e+07
161.101 1.68084e+07
161.201 1.68087e+07
161.301 1.6809e+07
161.401 1.68093e+07
161.501 1.68096e+07
161.601 1.68098e+07
161.701 1.68101e+07
161.801 1.68104e+07
161.901 1.68107e+07
162.001 1.6811e+07
162.101 1.68112e+07
162.201 1.68115e+07
162.301 1.68118e+07
162.401 1.68121e+07
162.501 1.68123e+07
162.601 1.68126e+07
162.701 1.68129e+07
162.801 1.68132e+07
162.901 1.68134e+07
163.001 1.68137e+07
163.101 1.6814e+07
163.201 1.68142e+07
163.301 1.68145e+07
163.401 1.68148e+07
163.501 1.68151e+07
163.601 1.68153e+07
163.701 1.68156e+07
163.801 1.68159e+07
163.901 1.68162e+07
164.001 1.68164e+07
164.101 1.68167e+07
164.201 1.6817e+07
164.301 1.68172e+07
164.401 1.68175e+07
164.501 1.68178e+07
164.601 1.6818e+07
164.701 1.68183e+07
164.801 1.68186e+07
164.901 1.68188e+07
165.001 1.68191e+07
165.101 1.68194e+07
165.201 1.68196e+07
165.301 1.68199e+07
165.401 1.68202e+07
165.501 1.68204e+07
165.601 1.68207e+07
165.701 1.6821e+07
165.801 1.68212e+07
165.901 1.68215e+07
166.001 1.68218e+07
166.101 1.6822e+07
166.201 1.68223e+07
166.301 1.68225e+07
166.401 1.68228e+07
166.501 1.68231e+07
166.601 1.68233e+07
166.701 1.68236e+07
166.801 1.68238e+07
166.901 1.68241e+07
167.001 1.68244e+07
167.101 1.68246e+07
167.201 1.68249e+07
167.301 1.68251e+07
167.401 1.68254e+07
167.501 1.68257e+07
167.601 1.68259e+07
167.701 1.68262e+07
167.801 1.68264e+07
167.901 1.68267e+07
168.001 1.6827e+07
168.101 1.68272e+07
168.201 1.68275e+07
168.301 1.68277e+07
168.401 1.6828e+07
168.501 1.68282e+07
168.601 1.68285e+07
168.701 1.68288e+07
168.801 1.6829e+07
168.901 1.68293e+07
169.001 1.68295e+07
169.101 1.68298e+07
169.201 1.683e+07
169.301 1.68303e+07
169.401 1.68305e+07
169.501 1.68308e+07
169.601 1.6831e+07
169.701 1.68313e+07
169.801 1.68315e+07
169.901 1.68318e+07
170.001 1.6832e+07
170.101 1.68323e+07
170.201 1.68325e+07
170.301 1.68328e+07
170.401 1.6833e+07
170.501 1.68333e+07
170.601 1.68335e+07
170.701 1.68338e+07
170.801 1.6834e+07
170.901 1.68343e+07
171.001 1.68345e+07
171.101 1.68348e+07
171.201 1.6835e+07
171.301 1.68353e+07
171.401 1.68355e+07
171.501 1.68358e+07
171.601 1.6836e+07
171.701 1.68363e+07
171.801 1.68365e+07
171.901 1.68367e+07
172.001 1.6837e+07
172.101 1.68372e+07
172.201 1.68375e+07
172.301 1.68377e+07
172.401 1.6838e+07
172.501 1.68382e+07
172.601 1.68385e+07
172.701 1.68387e+07
172.801 1.6839e+07
172.901 1.68392e+07
173.001 1.68394e+07
173.101 1.68397e+07
173.201 1.68399e+07
173.301 1.68402e+07
173.401 1.68404e+07
173.501 1.68407e+07
173.601 1.68409e+07
173.701 1.68411e+07
173.801 1.68414e+07
173.901 1.68416e+07
174.001 1.68418e+07
174.101 1.68421e+07
174.201 1.68423e+07
174.301 1.68426e+07
174.401 1.68428e+07
174.501 1.6843e+07
174.601 1.68433e+07
174.701 1.68435e+07
174.801 1.68438e+07
174.901 1.6844e+07
175.001 1.68442e+07
175.101 1.68445e+07
175.201 1.68447e+07
175.301 1.68449e+07
175.401 1.68452e+07
175.501 1.68454e+07
175.601 1.68456e+07
175.701 1.68459e+07
175.801 1.68461e+07
175.901 1.68464e+07
176.001 1.68466e+07
176.101 1.68468e+07
176.201 1.6847e+07
176.301 1.68473e+07
176.401 1.68475e+07
176.501 1.68478e+07
176.601 1.6848e+07
176.701 1.68482e+07
176.801 1.68485e+07
176.901 1.68487e+07
177.001 1.68489e+07
177.101 1.68491e+07
177.201 1.68494e+07
177.301 1.68496e+07
177.401 1.68498e+07
177.501 1.68501e+07
177.601 1.68503e+07
177.701 1.68505e+07
177.801 1.68508e+07
177.901 1.6851e+07
178.001 1.68512e+07
178.101 1.68514e+07
178.201 1.68517e+07
178.301 1.68519e+07
178.401 1.68521e+07
178.501 1.68524e+07
178.601 1.68526e+07
178.701 1.68528e+07
178.801 1.6853e+07
178.901 1.68533e+07
179.001 1.68535e+07
179.101 1.68537e+07
179.201 1.68539e+07
179.301 1.68542e+07
179.401 1.68544e+07
179.501 1.68546e+07
179.601 1.68548e+07
179.701 1.68551e+07
179.801 1.68553e+07
179.901 1.68555e+07
180.001 1.68557e+07
180.101 1.6856e+07
180.201 1.68562e+07
180.301 1.68564e+07
180.401 1.68566e+07
180.501 1.68569e+07
180.601 1.68571e+07
180.701 1.68573e+07
180.801 1.68575e+07
180.901 1.68578e+07
181.001 1.6858e+07
181.101 1.68582e+07
181.201 1.68584e+07
181.301 1.68586e+07
181.401 1.68589e+07
181.501 1.68591e+07
181.601 1.68593e+07
181.701 1.68595e+07
181.801 1.68597e+07
181.901 1.686e+07
182.001 1.68602e+07
182.101 1.68604e+07
182.201 1.68606e+07
182.301 1.68608e+07
182.401 1.68611e+07
182.501 1.68613e+07
182.601 1.68615e+07
182.701 1.68617e+07
182.801 1.68619e+07
182.901 1.68621e+07
183.001 1.68624e+07
183.101 1.68626e+07
183.201 1.68628e+07
183.301 1.6863e+07
183.401 1.68632e+07
183.501 1.68634e+07
183.601 1.68637e+07
183.701 1.68639e+07
183.801 1.68641e+07
183.901 1.68643e+07
184.001 1.68645e+07
184.101 1.68647e+07
184.201 1.68649e+07
184.301 1.68651e+07
184.401 1.68654e+07
184.501 1.68656e+07
184.601 1.68658e+07
184.701 1.6866e+07
184.801 1.68662e+07
184.901 1.68664e+07
185.001 1.68666e+07
185.101 1.68669e+07
185.201 1.68671e+07
185.301 1.68673e+07
185.401 1.68675e+07
185.501 1.68677e+07
185.601 1.68679e+07
185.701 1.68681e+07
185.801 1.68683e+07
185.901 1.68685e+07
186.001 1.68687e+07
186.101 1.6869e+07
186.201 1.68692e+07
186.301 1.68694e+07
186.401 1.68696e+07
186.501 1.68698e+07
186.601 1.687e+07
186.701 1.68702e+07
186.801 1.68704e+07
186.901 1.68706e+07
187.001 1.68708e+07
187.101 1.6871e+07
187.201 1.68712e+07
187.301 1.68715e+07
187.401 1.68717e+07
187.501 1.68719e+07
187.601 1.68721e+07
187.701 1.68723e+07
187.801 1.68725e+07
187.901 1.68727e+07
188.001 1.68729e+07
188.101 1.68731e+07
188.201 1.68733e+07
188.301 1.68735e+07
188.401 1.68737e+07
188.501 1.68739e+07
188.601 1.68741e+07
188.701 1.68743e+07
188.801 1.68745e+07
188.901 1.68747e+07
189.001 1.68749e+07
189.101 1.68751e+07
189.201 1.68754e+07
189.301 1.68755e+07
189.401 1.68758e+07
189.501 1.6876e+07
189.601 1.68762e+07
189.701 1.68764e+07
189.801 1.68766e+07
189.901 1.68768e+07
190.001 1.6877e+07
190.101 1.68772e+07
190.201 1.68774e+07
190.301 1.68776e+07
190.401 1.68778e+07
190.501 1.6878e+07
190.601 1.68782e+07
190.701 1.68784e+07
190.801 1.68786e+07
190.901 1.68788e+07
191.001 1.6879e+07
191.101 1.68792e+07
191.201 1.68794e+07
191.301 1.68796e+07
191.401 1.68798e+07
191.501 1.688e+07
191.601 1.68802e+07
191.701 1.68804e+07
191.801 1.68805e+07
191.901 1.68808e+07
192.001 1.68809e+07
192.101 1.68811e+07
192.201 1.68813e+07
192.301 1.68815e+07
192.401 1.68817e+07
192.501 1.68819e+07
192.601 1.68821e+07
192.701 1.68823e+07
192.801 1.68825e+07
192.901 1.68827e+07
193.001 1.68829e+07
193.101 1.68831e+07
193.201 1.68833e+07
193.301 1.68835e+07
193.401 1.68837e+07
193.501 1.68839e+07
193.601 1.68841e+07
193.701 1.68843e+07
193.801 1.68845e+07
193.901 1.68846e+07
194.001 1.68848e+07
194.101 1.6885e+07
194.201 1.68852e+07
194.301 1.68854e+07
194.401 1.68856e+07
194.501 1.68858e+07
194.601 1.6886e+07
194.701 1.68862e+07
194.801 1.68864e+07
194.901 1.68866e+07
195.001 1.68868e+07
195.101 1.68869e+07
195.201 1.68871e+07
195.301 1.68873e+07
195.401 1.68875e+07
195.501 1.68877e+07
195.601 1.68879e+07
195.701 1.68881e+07
195.801 1.68883e+07
195.901 1.68885e+07
196.001 1.68887e+07
196.101 1.68889e+07
196.201 1.6889e+07
196.301 1.68892e+07
196.401 1.68894e+07
196.501 1.68896e+07
196.601 1.68898e+07
196.701 1.689e+07
196.801 1.68902e+07
196.901 1.68904e+07
197.001 1.68905e+07
197.101 1.68907e+07
197.201 1.68909e+07
197.301 1.68911e+07
197.401 1.68913e+07
197.501 1.68915e+07
197.601 1.68917e+07
197.701 1.68918e+07
197.801 1.6892e+07
197.901 1.68922e+07
198.001 1.68916e+07
198.101 1.68831e+07
198.201 1.68746e+07
198.301 1.68661e+07
198.401 1.68576e+07
198.501 1.68491e+07
198.601 1.68406e+07
198.701 1.68321e+07
198.801 1.68236e+07
198.901 1.68152e+07
199.001 1.68067e+07
199.101 1.67983e+07
199.201 1.67899e+07
199.301 1.67814e+07
199.401 1.6773e+07
199.501 1.67646e+07
199.601 1.67562e+07
199.701 1.67478e+07
199.801 1.67394e+07
199.901 1.67311e+07
200.001 1.67227e+07
