0.001 0
0.101 0
0.201 1.39383e+06
0.301 3.41581e+06
0.401 4.93127e+06
0.501 6.44982e+06
0.601 8.22789e+06
0.701 9.51418e+06
0.801 1.04827e+07
0.901 9.44302e+06
1.001 9.44527e+06
1.101 1.16409e+07
1.201 1.08551e+07
1.301 1.11852e+07
1.401 1.13887e+07
1.501 1.16864e+07
1.601 1.16496e+07
1.701 1.16891e+07
1.801 1.17288e+07
1.901 1.16999e+07
2.001 1.16738e+07
2.101 1.17008e+07
2.201 1.17463e+07
2.301 1.17252e+07
2.401 1.17036e+07
2.501 1.1725e+07
2.601 1.1772e+07
2.701 1.17531e+07
2.801 1.17394e+07
2.901 1.17548e+07
3.001 1.17981e+07
3.101 1.17878e+07
3.201 1.17782e+07
3.301 1.17872e+07
3.401 1.18269e+07
3.501 1.18255e+07
3.601 1.18159e+07
3.701 1.18222e+07
3.801 1.18582e+07
3.901 1.18624e+07
4.001 1.18556e+07
4.101 1.18596e+07
4.201 1.18926e+07
4.301 1.1902e+07
4.401 1.18973e+07
4.501 1.18983e+07
4.601 1.19293e+07
4.701 1.19417e+07
4.801 1.19389e+07
4.901 1.19378e+07
5.001 1.19667e+07
5.101 1.19827e+07
5.201 1.19803e+07
5.301 1.19796e+07
5.401 1.20061e+07
5.501 1.20242e+07
5.601 1.20227e+07
5.701 1.20227e+07
5.801 1.20461e+07
5.901 1.20669e+07
6.001 1.20657e+07
6.101 1.20668e+07
6.201 1.20871e+07
6.301 1.21103e+07
6.401 1.21098e+07
6.501 1.21113e+07
6.601 1.21285e+07
6.701 1.21521e+07
6.801 1.21538e+07
6.901 1.21547e+07
7.001 1.2171e+07
7.101 1.21938e+07
7.201 1.21983e+07
7.301 1.21996e+07
7.401 1.22137e+07
7.501 1.22358e+07
7.601 1.2243e+07
7.701 1.22451e+07
7.801 1.22573e+07
7.901 1.22784e+07
8.001 1.22878e+07
8.101 1.22909e+07
8.201 1.23012e+07
8.301 1.23218e+07
8.401 1.23337e+07
8.501 1.23368e+07
8.601 1.23455e+07
8.701 1.23655e+07
8.801 1.23792e+07
8.901 1.23829e+07
9.001 1.239e+07
9.101 1.24096e+07
9.201 1.24255e+07
9.301 1.24291e+07
9.401 1.24352e+07
9.501 1.24543e+07
9.601 1.2471e+07
9.701 1.24754e+07
9.801 1.24808e+07
9.901 1.24997e+07
10.001 1.25178e+07
10.101 1.25221e+07
10.201 1.25276e+07
10.301 1.25454e+07
10.401 1.25636e+07
10.501 1.25688e+07
10.601 1.2575e+07
10.701 1.25914e+07
10.801 1.26091e+07
10.901 1.26166e+07
11.001 1.26224e+07
11.101 1.26375e+07
11.201 1.26551e+07
11.301 1.26645e+07
11.401 1.26696e+07
11.501 1.26843e+07
11.601 1.27015e+07
11.701 1.27122e+07
11.801 1.27177e+07
11.901 1.27313e+07
12.001 1.27483e+07
12.101 1.276e+07
12.201 1.27658e+07
12.301 1.27785e+07
12.401 1.27953e+07
12.501 1.28089e+07
12.601 1.28147e+07
12.701 1.28263e+07
12.801 1.28427e+07
12.901 1.28574e+07
13.001 1.28634e+07
13.101 1.28742e+07
13.201 1.28904e+07
13.301 1.29066e+07
13.401 1.29125e+07
13.501 1.29225e+07
13.601 1.29384e+07
13.701 1.29544e+07
13.801 1.29616e+07
13.901 1.29711e+07
14.001 1.29869e+07
14.101 1.30026e+07
14.201 1.30114e+07
14.301 1.30201e+07
14.401 1.30356e+07
14.501 1.30512e+07
14.601 1.30613e+07
14.701 1.30692e+07
14.801 1.30847e+07
14.901 1.31e+07
15.001 1.3111e+07
15.101 1.31191e+07
15.201 1.31341e+07
15.301 1.31495e+07
15.401 1.31611e+07
15.501 1.31699e+07
15.601 1.31838e+07
15.701 1.31991e+07
15.801 1.3212e+07
15.901 1.32204e+07
16.001 1.32338e+07
16.101 1.3249e+07
16.201 1.32632e+07
16.301 1.32706e+07
16.401 1.32841e+07
16.501 1.3299e+07
16.601 1.33138e+07
16.701 1.33218e+07
16.801 1.33345e+07
16.901 1.33494e+07
17.001 1.3364e+07
17.101 1.33732e+07
17.201 1.33854e+07
17.301 1.34002e+07
17.401 1.34148e+07
17.501 1.3425e+07
17.601 1.34367e+07
17.701 1.34514e+07
17.801 1.34658e+07
17.901 1.34771e+07
18.001 1.34882e+07
18.101 1.35028e+07
18.201 1.35172e+07
18.301 1.35294e+07
18.401 1.354e+07
18.501 1.35544e+07
18.601 1.35687e+07
18.701 1.35815e+07
18.801 1.3592e+07
18.901 1.36065e+07
19.001 1.36208e+07
19.101 1.36347e+07
19.201 1.36445e+07
19.301 1.36588e+07
19.401 1.36729e+07
19.501 1.3687e+07
19.601 1.36973e+07
19.701 1.37114e+07
19.801 1.37256e+07
19.901 1.37395e+07
20.001 1.37505e+07
20.101 1.37644e+07
20.201 1.37784e+07
20.301 1.37924e+07
20.401 1.38043e+07
20.501 1.38176e+07
20.601 1.38316e+07
20.701 1.38456e+07
20.801 1.38577e+07
20.901 1.38712e+07
21.001 1.38851e+07
21.101 1.38991e+07
21.201 1.39116e+07
21.301 1.3925e+07
21.401 1.39388e+07
21.501 1.39528e+07
21.601 1.39662e+07
21.701 1.39792e+07
21.801 1.3993e+07
21.901 1.40069e+07
22.001 1.40206e+07
22.101 1.40336e+07
22.201 1.40473e+07
22.301 1.40612e+07
22.401 1.40749e+07
22.501 1.40882e+07
22.601 1.4102e+07
22.701 1.41158e+07
22.801 1.41295e+07
22.901 1.41431e+07
23.001 1.41567e+07
23.101 1.41701e+07
23.201 1.41835e+07
23.301 1.41966e+07
23.401 1.42098e+07
23.501 1.42227e+07
23.601 1.42356e+07
23.701 1.42483e+07
23.801 1.4261e+07
23.901 1.42735e+07
24.001 1.4286e+07
24.101 1.42983e+07
24.201 1.43105e+07
24.301 1.43226e+07
24.401 1.43347e+07
24.501 1.43467e+07
24.601 1.43585e+07
24.701 1.43703e+07
24.801 1.43819e+07
24.901 1.43935e+07
25.001 1.44049e+07
25.101 1.44163e+07
25.201 1.44275e+07
25.301 1.44388e+07
25.401 1.44498e+07
25.501 1.44609e+07
25.601 1.44717e+07
25.701 1.44826e+07
25.801 1.44933e+07
25.901 1.45041e+07
26.001 1.45146e+07
26.101 1.45252e+07
26.201 1.45356e+07
26.301 1.4546e+07
26.401 1.45562e+07
26.501 1.45664e+07
26.601 1.45765e+07
26.701 1.45866e+07
26.801 1.45965e+07
26.901 1.46065e+07
27.001 1.46162e+07
27.101 1.4626e+07
27.201 1.46358e+07
27.301 1.46453e+07
27.401 1.46549e+07
27.501 1.46643e+07
27.601 1.46738e+07
27.701 1.46831e+07
27.801 1.46924e+07
27.901 1.47015e+07
28.001 1.47107e+07
28.101 1.47197e+07
28.201 1.47288e+07
28.301 1.47377e+07
28.401 1.47466e+07
28.501 1.47553e+07
28.601 1.47641e+07
28.701 1.47728e+07
28.801 1.47815e+07
28.901 1.479e+07
29.001 1.47985e+07
29.101 1.48069e+07
29.201 1.48154e+07
29.301 1.48237e+07
29.401 1.4832e+07
29.501 1.48402e+07
29.601 1.48484e+07
29.701 1.48565e+07
29.801 1.48646e+07
29.901 1.48725e+07
30.001 1.48805e+07
30.101 1.48885e+07
30.201 1.48963e+07
30.301 1.49041e+07
30.401 1.49118e+07
30.501 1.49196e+07
30.601 1.49272e+07
30.701 1.49348e+07
30.801 1.49423e+07
30.901 1.49498e+07
31.001 1.49572e+07
31.101 1.49647e+07
31.201 1.4972e+07
31.301 1.49793e+07
31.401 1.49865e+07
31.501 1.49938e+07
31.601 1.50009e+07
31.701 1.50081e+07
31.801 1.50151e+07
31.901 1.50222e+07
32.001 1.50291e+07
32.101 1.50361e+07
32.201 1.5043e+07
32.301 1.50499e+07
32.401 1.50567e+07
32.501 1.50635e+07
32.601 1.50702e+07
32.701 1.50769e+07
32.801 1.50836e+07
32.901 1.50902e+07
33.001 1.50968e+07
33.101 1.51033e+07
33.201 1.51098e+07
33.301 1.51162e+07
33.401 1.51227e+07
33.501 1.5129e+07
33.601 1.51354e+07
33.701 1.51416e+07
33.801 1.51479e+07
33.901 1.51541e+07
34.001 1.51604e+07
34.101 1.51665e+07
34.201 1.51726e+07
34.301 1.51787e+07
34.401 1.51847e+07
34.501 1.51907e+07
34.601 1.51967e+07
34.701 1.52026e+07
34.801 1.52086e+07
34.901 1.52144e+07
35.001 1.52203e+07
35.101 1.52261e+07
35.201 1.52319e+07
35.301 1.52376e+07
35.401 1.52433e+07
35.501 1.5249e+07
35.601 1.52546e+07
35.701 1.52603e+07
35.801 1.52658e+07
35.901 1.52714e+07
36.001 1.52769e+07
36.101 1.52824e+07
36.201 1.52879e+07
36.301 1.52933e+07
36.401 1.52987e+07
36.501 1.53041e+07
36.601 1.53094e+07
36.701 1.53147e+07
36.801 1.532e+07
36.901 1.53253e+07
37.001 1.53305e+07
37.101 1.53357e+07
37.201 1.53408e+07
37.301 1.5346e+07
37.401 1.53511e+07
37.501 1.53562e+07
37.601 1.53612e+07
37.701 1.53663e+07
37.801 1.53713e+07
37.901 1.53763e+07
38.001 1.53812e+07
38.101 1.53862e+07
38.201 1.5391e+07
38.301 1.53959e+07
38.401 1.54008e+07
38.501 1.54056e+07
38.601 1.54104e+07
38.701 1.54152e+07
38.801 1.542e+07
38.901 1.54247e+07
39.001 1.54294e+07
39.101 1.5434e+07
39.201 1.54387e+07
39.301 1.54433e+07
39.401 1.5448e+07
39.501 1.54525e+07
39.601 1.54571e+07
39.701 1.54616e+07
39.801 1.54662e+07
39.901 1.54706e+07
40.001 1.54751e+07
40.101 1.54795e+07
40.201 1.5484e+07
40.301 1.54884e+07
40.401 1.54928e+07
40.501 1.54971e+07
40.601 1.55015e+07
40.701 1.55058e+07
40.801 1.55101e+07
40.901 1.55143e+07
41.001 1.55186e+07
41.101 1.55228e+07
41.201 1.55271e+07
41.301 1.55313e+07
41.401 1.55354e+07
41.501 1.55396e+07
41.601 1.55437e+07
41.701 1.55479e+07
41.801 1.55519e+07
41.901 1.5556e+07
42.001 1.556e+07
42.101 1.55641e+07
42.201 1.55681e+07
42.301 1.55721e+07
42.401 1.55761e+07
42.501 1.558e+07
42.601 1.5584e+07
42.701 1.55879e+07
42.801 1.55918e+07
42.901 1.55957e+07
43.001 1.55995e+07
43.101 1.56034e+07
43.201 1.56072e+07
43.301 1.56111e+07
43.401 1.56148e+07
43.501 1.56186e+07
43.601 1.56224e+07
43.701 1.56261e+07
43.801 1.56298e+07
43.901 1.56336e+07
44.001 1.56372e+07
44.101 1.56409e+07
44.201 1.56446e+07
44.301 1.56482e+07
44.401 1.56519e+07
44.501 1.56555e+07
44.601 1.56591e+07
44.701 1.56627e+07
44.801 1.56662e+07
44.901 1.56698e+07
45.001 1.56733e+07
45.101 1.56768e+07
45.201 1.56803e+07
45.301 1.56838e+07
45.401 1.56873e+07
45.501 1.56907e+07
45.601 1.56942e+07
45.701 1.56976e+07
45.801 1.5701e+07
45.901 1.57044e+07
46.001 1.57078e+07
46.101 1.57111e+07
46.201 1.57145e+07
46.301 1.57178e+07
46.401 1.57211e+07
46.501 1.57244e+07
46.601 1.57277e+07
46.701 1.5731e+07
46.801 1.57343e+07
46.901 1.57376e+07
47.001 1.57408e+07
47.101 1.5744e+07
47.201 1.57472e+07
47.301 1.57504e+07
47.401 1.57536e+07
47.501 1.57568e+07
47.601 1.57599e+07
47.701 1.57631e+07
47.801 1.57662e+07
47.901 1.57693e+07
48.001 1.57724e+07
48.101 1.57755e+07
48.201 1.57786e+07
48.301 1.57816e+07
48.401 1.57847e+07
48.501 1.57877e+07
48.601 1.57907e+07
48.701 1.57938e+07
48.801 1.57967e+07
48.901 1.57998e+07
49.001 1.58027e+07
49.101 1.58057e+07
49.201 1.58086e+07
49.301 1.58116e+07
49.401 1.58145e+07
49.501 1.58174e+07
49.601 1.58203e+07
49.701 1.58232e+07
49.801 1.58261e+07
49.901 1.5829e+07
50.001 1.58319e+07
50.101 1.58347e+07
50.201 1.58376e+07
50.301 1.58404e+07
50.401 1.58432e+07
50.501 1.5846e+07
50.601 1.58488e+07
50.701 1.58515e+07
50.801 1.58543e+07
50.901 1.58571e+07
51.001 1.58598e+07
51.101 1.58626e+07
51.201 1.58653e+07
51.301 1.5868e+07
51.401 1.58707e+07
51.501 1.58734e+07
51.601 1.58761e+07
51.701 1.58788e+07
51.801 1.58814e+07
51.901 1.58841e+07
52.001 1.58867e+07
52.101 1.58894e+07
52.201 1.5892e+07
52.301 1.58946e+07
52.401 1.58972e+07
52.501 1.58998e+07
52.601 1.59024e+07
52.701 1.5905e+07
52.801 1.59075e+07
52.901 1.59101e+07
53.001 1.59126e+07
53.101 1.59152e+07
53.201 1.59177e+07
53.301 1.59202e+07
53.401 1.59227e+07
53.501 1.59252e+07
53.601 1.59277e+07
53.701 1.59302e+07
53.801 1.59326e+07
53.901 1.59351e+07
54.001 1.59375e+07
54.101 1.594e+07
54.201 1.59424e+07
54.301 1.59449e+07
54.401 1.59473e+07
54.501 1.59497e+07
54.601 1.59521e+07
54.701 1.59545e+07
54.801 1.59568e+07
54.901 1.59592e+07
55.001 1.59616e+07
55.101 1.59639e+07
55.201 1.59663e+07
55.301 1.59686e+07
55.401 1.5971e+07
55.501 1.59733e+07
55.601 1.59756e+07
55.701 1.59779e+07
55.801 1.59802e+07
55.901 1.59825e+07
56.001 1.59848e+07
56.101 1.5987e+07
56.201 1.59893e+07
56.301 1.59915e+07
56.401 1.59938e+07
56.501 1.5996e+07
56.601 1.59983e+07
56.701 1.60005e+07
56.801 1.60027e+07
56.901 1.60049e+07
57.001 1.60071e+07
57.101 1.60093e+07
57.201 1.60115e+07
57.301 1.60136e+07
57.401 1.60158e+07
57.501 1.6018e+07
57.601 1.60201e+07
57.701 1.60223e+07
57.801 1.60244e+07
57.901 1.60265e+07
58.001 1.60287e+07
58.101 1.60308e+07
58.201 1.60329e+07
58.301 1.6035e+07
58.401 1.60371e+07
58.501 1.60392e+07
58.601 1.60413e+07
58.701 1.60434e+07
58.801 1.60454e+07
58.901 1.60475e+07
59.001 1.60495e+07
59.101 1.60516e+07
59.201 1.60536e+07
59.301 1.60557e+07
59.401 1.60577e+07
59.501 1.60597e+07
59.601 1.60617e+07
59.701 1.60637e+07
59.801 1.60657e+07
59.901 1.60677e+07
60.001 1.60697e+07
60.101 1.60717e+07
60.201 1.60736e+07
60.301 1.60756e+07
60.401 1.60775e+07
60.501 1.60795e+07
60.601 1.60814e+07
60.701 1.60834e+07
60.801 1.60853e+07
60.901 1.60873e+07
61.001 1.60892e+07
61.101 1.60911e+07
61.201 1.6093e+07
61.301 1.60949e+07
61.401 1.60968e+07
61.501 1.60987e+07
61.601 1.61006e+07
61.701 1.61024e+07
61.801 1.61043e+07
61.901 1.61062e+07
62.001 1.61081e+07
62.101 1.61099e+07
62.201 1.61118e+07
62.301 1.61136e+07
62.401 1.61154e+07
62.501 1.61172e+07
62.601 1.61191e+07
62.701 1.61209e+07
62.801 1.61227e+07
62.901 1.61245e+07
63.001 1.61263e+07
63.101 1.61281e+07
63.201 1.61299e+07
63.301 1.61317e+07
63.401 1.61335e+07
63.501 1.61352e+07
63.601 1.6137e+07
63.701 1.61387e+07
63.801 1.61405e+07
63.901 1.61423e+07
64.001 1.6144e+07
64.101 1.61458e+07
64.201 1.61475e+07
64.301 1.61492e+07
64.401 1.61509e+07
64.501 1.61527e+07
64.601 1.61544e+07
64.701 1.61561e+07
64.801 1.61578e+07
64.901 1.61595e+07
65.001 1.61612e+07
65.101 1.61629e+07
65.201 1.61645e+07
65.301 1.61662e+07
65.401 1.61679e+07
65.501 1.61696e+07
65.601 1.61712e+07
65.701 1.61729e+07
65.801 1.61745e+07
65.901 1.61762e+07
66.001 1.61778e+07
66.101 1.61794e+07
66.201 1.6181e+07
66.301 1.61827e+07
66.401 1.61843e+07
66.501 1.61859e+07
66.601 1.61876e+07
66.701 1.61891e+07
66.801 1.61908e+07
66.901 1.61923e+07
67.001 1.61939e+07
67.101 1.61955e+07
67.201 1.61971e+07
67.301 1.61987e+07
67.401 1.62003e+07
67.501 1.62018e+07
67.601 1.62034e+07
67.701 1.62049e+07
67.801 1.62065e+07
67.901 1.6208e+07
68.001 1.62096e+07
68.101 1.62111e+07
68.201 1.62127e+07
68.301 1.62142e+07
68.401 1.62157e+07
68.501 1.62172e+07
68.601 1.62188e+07
68.701 1.62203e+07
68.801 1.62218e+07
68.901 1.62233e+07
69.001 1.62248e+07
69.101 1.62263e+07
69.201 1.62278e+07
69.301 1.62293e+07
69.401 1.62308e+07
69.501 1.62323e+07
69.601 1.62337e+07
69.701 1.62352e+07
69.801 1.62366e+07
69.901 1.62381e+07
70.001 1.62396e+07
70.101 1.6241e+07
70.201 1.62425e+07
70.301 1.62439e+07
70.401 1.62454e+07
70.501 1.62468e+07
70.601 1.62482e+07
70.701 1.62497e+07
70.801 1.62511e+07
70.901 1.62525e+07
71.001 1.62539e+07
71.101 1.62553e+07
71.201 1.62567e+07
71.301 1.62582e+07
71.401 1.62595e+07
71.501 1.6261e+07
71.601 1.62623e+07
71.701 1.62637e+07
71.801 1.62651e+07
71.901 1.62665e+07
72.001 1.62679e+07
72.101 1.62693e+07
72.201 1.62706e+07
72.301 1.6272e+07
72.401 1.62734e+07
72.501 1.62747e+07
72.601 1.62761e+07
72.701 1.62774e+07
72.801 1.62788e+07
72.901 1.62801e+07
73.001 1.62815e+07
73.101 1.62828e+07
73.201 1.62841e+07
73.301 1.62855e+07
73.401 1.62868e+07
73.501 1.62881e+07
73.601 1.62894e+07
73.701 1.62907e+07
73.801 1.62921e+07
73.901 1.62934e+07
74.001 1.62947e+07
74.101 1.6296e+07
74.201 1.62973e+07
74.301 1.62985e+07
74.401 1.62999e+07
74.501 1.63011e+07
74.601 1.63024e+07
74.701 1.63037e+07
74.801 1.6305e+07
74.901 1.63062e+07
75.001 1.63075e+07
75.101 1.63088e+07
75.201 1.63101e+07
75.301 1.63113e+07
75.401 1.63126e+07
75.501 1.63138e+07
75.601 1.63151e+07
75.701 1.63163e+07
75.801 1.63176e+07
75.901 1.63188e+07
76.001 1.632e+07
76.101 1.63213e+07
76.201 1.63225e+07
76.301 1.63237e+07
76.401 1.63249e+07
76.501 1.63262e+07
76.601 1.63274e+07
76.701 1.63286e+07
76.801 1.63298e+07
76.901 1.6331e+07
77.001 1.63322e+07
77.101 1.63334e+07
77.201 1.63346e+07
77.301 1.63358e+07
77.401 1.6337e+07
77.501 1.63382e+07
77.601 1.63394e+07
77.701 1.63406e+07
77.801 1.63418e+07
77.901 1.63429e+07
78.001 1.63441e+07
78.101 1.63453e+07
78.201 1.63465e+07
78.301 1.63476e+07
78.401 1.63488e+07
78.501 1.63499e+07
78.601 1.63511e+07
78.701 1.63522e+07
78.801 1.63534e+07
78.901 1.63545e+07
79.001 1.63557e+07
79.101 1.63568e+07
79.201 1.6358e+07
79.301 1.63591e+07
79.401 1.63603e+07
79.501 1.63614e+07
79.601 1.63625e+07
79.701 1.63636e+07
79.801 1.63648e+07
79.901 1.63659e+07
80.001 1.6367e+07
80.101 1.63681e+07
80.201 1.63692e+07
80.301 1.63703e+07
80.401 1.63714e+07
80.501 1.63725e+07
80.601 1.63736e+07
80.701 1.63747e+07
80.801 1.63758e+07
80.901 1.63769e+07
81.001 1.6378e+07
81.101 1.63791e+07
81.201 1.63802e+07
81.301 1.63813e+07
81.401 1.63823e+07
81.501 1.63834e+07
81.601 1.63845e+07
81.701 1.63856e+07
81.801 1.63866e+07
81.901 1.63877e+07
82.001 1.63887e+07
82.101 1.63898e+07
82.201 1.63908e+07
82.301 1.63919e+07
82.401 1.6393e+07
82.501 1.6394e+07
82.601 1.6395e+07
82.701 1.63961e+07
82.801 1.63971e+07
82.901 1.63982e+07
83.001 1.63992e+07
83.101 1.64003e+07
83.201 1.64013e+07
83.301 1.64023e+07
83.401 1.64033e+07
83.501 1.64044e+07
83.601 1.64054e+07
83.701 1.64064e+07
83.801 1.64074e+07
83.901 1.64084e+07
84.001 1.64095e+07
84.101 1.64105e+07
84.201 1.64115e+07
84.301 1.64125e+07
84.401 1.64135e+07
84.501 1.64145e+07
84.601 1.64155e+07
84.701 1.64165e+07
84.801 1.64175e+07
84.901 1.64185e+07
85.001 1.64195e+07
85.101 1.64204e+07
85.201 1.64214e+07
85.301 1.64224e+07
85.401 1.64234e+07
85.501 1.64243e+07
85.601 1.64253e+07
85.701 1.64263e+07
85.801 1.64273e+07
85.901 1.64282e+07
86.001 1.64292e+07
86.101 1.64302e+07
86.201 1.64311e+07
86.301 1.64321e+07
86.401 1.6433e+07
86.501 1.6434e+07
86.601 1.6435e+07
86.701 1.64359e+07
86.801 1.64369e+07
86.901 1.64378e+07
87.001 1.64387e+07
87.101 1.64397e+07
87.201 1.64239e+07
87.301 1.64263e+07
87.401 1.64424e+07
87.501 1.64433e+07
87.601 1.64443e+07
87.701 1.64452e+07
87.801 1.64461e+07
87.901 1.64471e+07
88.001 1.6448e+07
88.101 1.64489e+07
88.201 1.64498e+07
88.301 1.64507e+07
88.401 1.64516e+07
88.501 1.64526e+07
88.601 1.64535e+07
88.701 1.64544e+07
88.801 1.64553e+07
88.901 1.64562e+07
89.001 1.64571e+07
89.101 1.6458e+07
89.201 1.64589e+07
89.301 1.64598e+07
89.401 1.64607e+07
89.501 1.64616e+07
89.601 1.64625e+07
89.701 1.64633e+07
89.801 1.64642e+07
89.901 1.64651e+07
90.001 1.6466e+07
90.101 1.64669e+07
90.201 1.64678e+07
90.301 1.64686e+07
90.401 1.64695e+07
90.501 1.64704e+07
90.601 1.64712e+07
90.701 1.64721e+07
90.801 1.6473e+07
90.901 1.64738e+07
91.001 1.64747e+07
91.101 1.64756e+07
91.201 1.64764e+07
91.301 1.64773e+07
91.401 1.64781e+07
91.501 1.6479e+07
91.601 1.64798e+07
91.701 1.64807e+07
91.801 1.64815e+07
91.901 1.64824e+07
92.001 1.64832e+07
92.101 1.64841e+07
92.201 1.64849e+07
92.301 1.64858e+07
92.401 1.64866e+07
92.501 1.64874e+07
92.601 1.64883e+07
92.701 1.64891e+07
92.801 1.64899e+07
92.901 1.64908e+07
93.001 1.64916e+07
93.101 1.64924e+07
93.201 1.64932e+07
93.301 1.6494e+07
93.401 1.64948e+07
93.501 1.64957e+07
93.601 1.64965e+07
93.701 1.64973e+07
93.801 1.64981e+07
93.901 1.64989e+07
94.001 1.64997e+07
94.101 1.65005e+07
94.201 1.65013e+07
94.301 1.65021e+07
94.401 1.65029e+07
94.501 1.65037e+07
94.601 1.65045e+07
94.701 1.65053e+07
94.801 1.65062e+07
94.901 1.65069e+07
95.001 1.65077e+07
95.101 1.65085e+07
95.201 1.65093e+07
95.301 1.65101e+07
95.401 1.65109e+07
95.501 1.65117e+07
95.601 1.65124e+07
95.701 1.65132e+07
95.801 1.6514e+07
95.901 1.65148e+07
96.001 1.65156e+07
96.101 1.65163e+07
96.201 1.65171e+07
96.301 1.65179e+07
96.401 1.65186e+07
96.501 1.65194e+07
96.601 1.65202e+07
96.701 1.65209e+07
96.801 1.65217e+07
96.901 1.65224e+07
97.001 1.65232e+07
97.101 1.6524e+07
97.201 1.65247e+07
97.301 1.65255e+07
97.401 1.65262e+07
97.501 1.6527e+07
97.601 1.65277e+07
97.701 1.65285e+07
97.801 1.65292e+07
97.901 1.653e+07
98.001 1.65307e+07
98.101 1.65315e+07
98.201 1.65322e+07
98.301 1.65329e+07
98.401 1.65337e+07
98.501 1.65344e+07
98.601 1.65351e+07
98.701 1.65359e+07
98.801 1.65366e+07
98.901 1.65374e+07
99.001 1.65381e+07
99.101 1.65388e+07
99.201 1.65395e+07
99.301 1.65403e+07
99.401 1.6541e+07
99.501 1.65417e+07
99.601 1.65424e+07
99.701 1.65431e+07
99.801 1.65438e+07
99.901 1.65446e+07
100.001 1.65453e+07
100.101 1.6546e+07
100.201 1.65467e+07
100.301 1.65474e+07
100.401 1.65481e+07
100.501 1.65488e+07
100.601 1.65495e+07
100.701 1.65502e+07
100.801 1.6551e+07
100.901 1.65516e+07
101.001 1.65524e+07
101.101 1.6553e+07
101.201 1.65538e+07
101.301 1.65544e+07
101.401 1.65551e+07
101.501 1.65558e+07
101.601 1.65565e+07
101.701 1.65572e+07
101.801 1.65579e+07
101.901 1.65586e+07
102.001 1.65593e+07
102.101 1.65599e+07
102.201 1.65606e+07
102.301 1.65613e+07
102.401 1.6562e+07
102.501 1.65627e+07
102.601 1.65634e+07
102.701 1.6564e+07
102.801 1.65647e+07
102.901 1.65654e+07
103.001 1.65661e+07
103.101 1.65667e+07
103.201 1.65674e+07
103.301 1.65681e+07
103.401 1.65687e+07
103.501 1.65694e+07
103.601 1.65701e+07
103.701 1.65708e+07
103.801 1.65714e+07
103.901 1.65721e+07
104.001 1.65727e+07
104.101 1.65734e+07
104.201 1.6574e+07
104.301 1.65747e+07
104.401 1.65753e+07
104.501 1.6576e+07
104.601 1.65767e+07
104.701 1.65773e+07
104.801 1.6578e+07
104.901 1.65786e+07
105.001 1.65793e+07
105.101 1.65799e+07
105.201 1.65805e+07
105.301 1.65812e+07
105.401 1.65818e+07
105.501 1.65825e+07
105.601 1.65831e+07
105.701 1.65838e+07
105.801 1.65844e+07
105.901 1.6585e+07
106.001 1.65857e+07
106.101 1.65863e+07
106.201 1.6587e+07
106.301 1.65876e+07
106.401 1.65882e+07
106.501 1.65888e+07
106.601 1.65895e+07
106.701 1.65901e+07
106.801 1.65907e+07
106.901 1.65913e+07
107.001 1.6592e+07
107.101 1.65926e+07
107.201 1.65932e+07
107.301 1.65938e+07
107.401 1.65945e+07
107.501 1.65951e+07
107.601 1.65957e+07
107.701 1.65963e+07
107.801 1.65969e+07
107.901 1.65975e+07
108.001 1.65981e+07
108.101 1.65987e+07
108.201 1.65994e+07
108.301 1.66e+07
108.401 1.66006e+07
108.501 1.66012e+07
108.601 1.66018e+07
108.701 1.66024e+07
108.801 1.6603e+07
108.901 1.66036e+07
109.001 1.66042e+07
109.101 1.66048e+07
109.201 1.66054e+07
109.301 1.6606e+07
109.401 1.66066e+07
109.501 1.66072e+07
109.601 1.66078e+07
109.701 1.66084e+07
109.801 1.6609e+07
109.901 1.66096e+07
110.001 1.66101e+07
110.101 1.66107e+07
110.201 1.66113e+07
110.301 1.66119e+07
110.401 1.66125e+07
110.501 1.66131e+07
110.601 1.66137e+07
110.701 1.66143e+07
110.801 1.66148e+07
110.901 1.66154e+07
111.001 1.6616e+07
111.101 1.66166e+07
111.201 1.66171e+07
111.301 1.66177e+07
111.401 1.66183e+07
111.501 1.66189e+07
111.601 1.66195e+07
111.701 1.662e+07
111.801 1.66206e+07
111.901 1.66212e+07
112.001 1.66217e+07
112.101 1.66223e+07
112.201 1.66229e+07
112.301 1.66234e+07
112.401 1.6624e+07
112.501 1.66246e+07
112.601 1.66251e+07
112.701 1.66257e+07
112.801 1.66263e+07
112.901 1.66268e+07
113.001 1.66274e+07
113.101 1.66279e+07
113.201 1.66285e+07
113.301 1.6629e+07
113.401 1.66296e+07
113.501 1.66301e+07
113.601 1.66307e+07
113.701 1.66313e+07
113.801 1.66318e+07
113.901 1.66324e+07
114.001 1.66329e+07
114.101 1.66335e+07
114.201 1.6634e+07
114.301 1.66345e+07
114.401 1.66351e+07
114.501 1.66357e+07
114.601 1.66362e+07
114.701 1.66367e+07
114.801 1.66373e+07
114.901 1.66378e+07
115.001 1.66384e+07
115.101 1.66389e+07
115.201 1.66394e+07
115.301 1.664e+07
115.401 1.66405e+07
115.501 1.66411e+07
115.601 1.66416e+07
115.701 1.66421e+07
115.801 1.66426e+07
115.901 1.66432e+07
116.001 1.66437e+07
116.101 1.66442e+07
116.201 1.66448e+07
116.301 1.66453e+07
116.401 1.66458e+07
116.501 1.66464e+07
116.601 1.66469e+07
116.701 1.66474e+07
116.801 1.66479e+07
116.901 1.66484e+07
117.001 1.6649e+07
117.101 1.66495e+07
117.201 1.665e+07
117.301 1.66505e+07
117.401 1.66511e+07
117.501 1.66516e+07
117.601 1.66521e+07
117.701 1.66526e+07
117.801 1.66531e+07
117.901 1.66536e+07
118.001 1.66541e+07
118.101 1.66546e+07
118.201 1.66552e+07
118.301 1.66557e+07
118.401 1.66562e+07
118.501 1.66567e+07
118.601 1.66572e+07
118.701 1.66577e+07
118.801 1.66582e+07
118.901 1.66587e+07
119.001 1.66592e+07
119.101 1.66597e+07
119.201 1.66602e+07
119.301 1.66607e+07
119.401 1.66612e+07
119.501 1.66617e+07
119.601 1.66622e+07
119.701 1.66627e+07
119.801 1.66632e+07
119.901 1.66637e+07
120.001 1.66642e+07
120.101 1.66647e+07
120.201 1.66652e+07
120.301 1.66657e+07
120.401 1.66662e+07
120.501 1.66667e+07
120.601 1.66672e+07
120.701 1.66677e+07
120.801 1.66681e+07
120.901 1.66686e+07
121.001 1.66691e+07
121.101 1.66696e+07
121.201 1.66701e+07
121.301 1.66706e+07
121.401 1.66711e+07
121.501 1.66716e+07
121.601 1.6672e+07
121.701 1.66725e+07
121.801 1.6673e+07
121.901 1.66735e+07
122.001 1.6674e+07
122.101 1.66744e+07
122.201 1.66749e+07
122.301 1.66754e+07
122.401 1.66759e+07
122.501 1.66764e+07
122.601 1.66768e+07
122.701 1.66773e+07
122.801 1.66778e+07
122.901 1.66782e+07
123.001 1.66787e+07
123.101 1.66792e+07
123.201 1.66797e+07
123.301 1.66801e+07
123.401 1.66806e+07
123.501 1.66811e+07
123.601 1.66815e+07
123.701 1.6682e+07
123.801 1.66825e+07
123.901 1.66829e+07
124.001 1.66834e+07
124.101 1.66839e+07
124.201 1.66843e+07
124.301 1.66848e+07
124.401 1.66853e+07
124.501 1.66857e+07
124.601 1.66862e+07
124.701 1.66866e+07
124.801 1.66871e+07
124.901 1.66875e+07
125.001 1.6688e+07
125.101 1.66884e+07
125.201 1.66889e+07
125.301 1.66894e+07
125.401 1.66898e+07
125.501 1.66903e+07
125.601 1.66907e+07
125.701 1.66912e+07
125.801 1.66916e+07
125.901 1.66921e+07
126.001 1.66925e+07
126.101 1.6693e+07
126.201 1.66934e+07
126.301 1.66939e+07
126.401 1.66943e+07
126.501 1.66948e+07
126.601 1.66952e+07
126.701 1.66957e+07
126.801 1.66961e+07
126.901 1.66966e+07
127.001 1.6697e+07
127.101 1.66974e+07
127.201 1.66979e+07
127.301 1.66983e+07
127.401 1.66987e+07
127.501 1.66992e+07
127.601 1.66996e+07
127.701 1.67001e+07
127.801 1.67005e+07
127.901 1.67009e+07
128.001 1.67014e+07
128.101 1.67018e+07
128.201 1.67022e+07
128.301 1.67027e+07
128.401 1.67031e+07
128.501 1.67035e+07
128.601 1.6704e+07
128.701 1.67044e+07
128.801 1.67049e+07
128.901 1.67053e+07
129.001 1.67057e+07
129.101 1.67061e+07
129.201 1.67066e+07
129.301 1.6707e+07
129.401 1.67074e+07
129.501 1.67078e+07
129.601 1.67083e+07
129.701 1.67087e+07
129.801 1.67091e+07
129.901 1.67095e+07
130.001 1.671e+07
130.101 1.67104e+07
130.201 1.67108e+07
130.301 1.67112e+07
130.401 1.67116e+07
130.501 1.67121e+07
130.601 1.67125e+07
130.701 1.67129e+07
130.801 1.67133e+07
130.901 1.67137e+07
131.001 1.67141e+07
131.101 1.67146e+07
131.201 1.6715e+07
131.301 1.67154e+07
131.401 1.67158e+07
131.501 1.67162e+07
131.601 1.67166e+07
131.701 1.67171e+07
131.801 1.67175e+07
131.901 1.67179e+07
132.001 1.67183e+07
132.101 1.67187e+07
132.201 1.67191e+07
132.301 1.67195e+07
132.401 1.67199e+07
132.501 1.67203e+07
132.601 1.67207e+07
132.701 1.67211e+07
132.801 1.67215e+07
132.901 1.67219e+07
133.001 1.67223e+07
133.101 1.67227e+07
133.201 1.67231e+07
133.301 1.67235e+07
133.401 1.67239e+07
133.501 1.67243e+07
133.601 1.67247e+07
133.701 1.67251e+07
133.801 1.67255e+07
133.901 1.67259e+07
134.001 1.67263e+07
134.101 1.67267e+07
134.201 1.67271e+07
134.301 1.67275e+07
134.401 1.67279e+07
134.501 1.67283e+07
134.601 1.67287e+07
134.701 1.67291e+07
134.801 1.67295e+07
134.901 1.67299e+07
135.001 1.67303e+07
135.101 1.67307e+07
135.201 1.67311e+07
135.301 1.67315e+07
135.401 1.67319e+07
135.501 1.67322e+07
135.601 1.67326e+07
135.701 1.6733e+07
135.801 1.67334e+07
135.901 1.67338e+07
136.001 1.67342e+07
136.101 1.67346e+07
136.201 1.67349e+07
136.301 1.67353e+07
136.401 1.67357e+07
136.501 1.67361e+07
136.601 1.67365e+07
136.701 1.67369e+07
136.801 1.67372e+07
136.901 1.67376e+07
137.001 1.6738e+07
137.101 1.67384e+07
137.201 1.67388e+07
137.301 1.67392e+07
137.401 1.67395e+07
137.501 1.67399e+07
137.601 1.67403e+07
137.701 1.67407e+07
137.801 1.6741e+07
137.901 1.67414e+07
138.001 1.67418e+07
138.101 1.67422e+07
138.201 1.67425e+07
138.301 1.67429e+07
138.401 1.67433e+07
138.501 1.67436e+07
138.601 1.6744e+07
138.701 1.67444e+07
138.801 1.67448e+07
138.901 1.67451e+07
139.001 1.67455e+07
139.101 1.67459e+07
139.201 1.67462e+07
139.301 1.67466e+07
139.401 1.6747e+07
139.501 1.67473e+07
139.601 1.67477e+07
139.701 1.67481e+07
139.801 1.67484e+07
139.901 1.67488e+07
140.001 1.67492e+07
140.101 1.67495e+07
140.201 1.67499e+07
140.301 1.67503e+07
140.401 1.67506e+07
140.501 1.6751e+07
140.601 1.67513e+07
140.701 1.67517e+07
140.801 1.67521e+07
140.901 1.67524e+07
141.001 1.67528e+07
141.101 1.67531e+07
141.201 1.67535e+07
141.301 1.67538e+07
141.401 1.67542e+07
141.501 1.67546e+07
141.601 1.67549e+07
141.701 1.67553e+07
141.801 1.67556e+07
141.901 1.6756e+07
142.001 1.67563e+07
142.101 1.67567e+07
142.201 1.67571e+07
142.301 1.67574e+07
142.401 1.67578e+07
142.501 1.67581e+07
142.601 1.67585e+07
142.701 1.67588e+07
142.801 1.67592e+07
142.901 1.67595e+07
143.001 1.67599e+07
143.101 1.67602e+07
143.201 1.67606e+07
143.301 1.67609e+07
143.401 1.67612e+07
143.501 1.67616e+07
143.601 1.67619e+07
143.701 1.67623e+07
143.801 1.67626e+07
143.901 1.6763e+07
144.001 1.67633e+07
144.101 1.67637e+07
144.201 1.6764e+07
144.301 1.67644e+07
144.401 1.67647e+07
144.501 1.6765e+07
144.601 1.67654e+07
144.701 1.67657e+07
144.801 1.67661e+07
144.901 1.67664e+07
145.001 1.67667e+07
145.101 1.67671e+07
145.201 1.67674e+07
145.301 1.67678e+07
145.401 1.67681e+07
145.501 1.67684e+07
145.601 1.67688e+07
145.701 1.67691e+07
145.801 1.67694e+07
145.901 1.67698e+07
146.001 1.67701e+07
146.101 1.67704e+07
146.201 1.67708e+07
146.301 1.67711e+07
146.401 1.67715e+07
146.501 1.67718e+07
146.601 1.67721e+07
146.701 1.67724e+07
146.801 1.67728e+07
146.901 1.67731e+07
147.001 1.67734e+07
147.101 1.67657e+07
147.201 1.67543e+07
147.301 1.67744e+07
147.401 1.67747e+07
147.501 1.6775e+07
147.601 1.67754e+07
147.701 1.67757e+07
147.801 1.6776e+07
147.901 1.67763e+07
148.001 1.67767e+07
148.101 1.6777e+07
148.201 1.67773e+07
148.301 1.67776e+07
148.401 1.6778e+07
148.501 1.67783e+07
148.601 1.67786e+07
148.701 1.67789e+07
148.801 1.67793e+07
148.901 1.67796e+07
149.001 1.67799e+07
149.101 1.67802e+07
149.201 1.67805e+07
149.301 1.67809e+07
149.401 1.67812e+07
149.501 1.67815e+07
149.601 1.67818e+07
149.701 1.67821e+07
149.801 1.67825e+07
149.901 1.67828e+07
150.001 1.67831e+07
150.101 1.67834e+07
150.201 1.67837e+07
150.301 1.6784e+07
150.401 1.67844e+07
150.501 1.67847e+07
150.601 1.6785e+07
150.701 1.67853e+07
150.801 1.67856e+07
150.901 1.67859e+07
151.001 1.67863e+07
151.101 1.67866e+07
151.201 1.67869e+07
151.301 1.67872e+07
151.401 1.67875e+07
151.501 1.67878e+07
151.601 1.67881e+07
151.701 1.67884e+07
151.801 1.67887e+07
151.901 1.6789e+07
152.001 1.67894e+07
152.101 1.67897e+07
152.201 1.679e+07
152.301 1.67903e+07
152.401 1.67906e+07
152.501 1.67909e+07
152.601 1.67912e+07
152.701 1.67915e+07
152.801 1.67918e+07
152.901 1.67921e+07
153.001 1.67924e+07
153.101 1.67927e+07
153.201 1.6793e+07
153.301 1.67933e+07
153.401 1.67936e+07
153.501 1.67939e+07
153.601 1.67942e+07
153.701 1.67945e+07
153.801 1.67948e+07
153.901 1.67952e+07
154.001 1.67954e+07
154.101 1.67958e+07
154.201 1.6796e+07
154.301 1.67964e+07
154.401 1.67966e+07
154.501 1.6797e+07
154.601 1.67972e+07
154.701 1.67976e+07
154.801 1.67978e+07
154.901 1.67981e+07
155.001 1.67984e+07
155.101 1.67987e+07
155.201 1.6799e+07
155.301 1.67993e+07
155.401 1.67996e+07
155.501 1.67999e+07
155.601 1.68002e+07
155.701 1.68005e+07
155.801 1.68008e+07
155.901 1.68011e+07
156.001 1.68014e+07
156.101 1.68017e+07
156.201 1.6802e+07
156.301 1.68023e+07
156.401 1.68026e+07
156.501 1.68029e+07
156.601 1.68032e+07
156.701 1.68034e+07
156.801 1.68037e+07
156.901 1.6804e+07
157.001 1.68043e+07
157.101 1.68046e+07
157.201 1.68049e+07
157.301 1.68052e+07
157.401 1.68055e+07
157.501 1.68057e+07
157.601 1.6806e+07
157.701 1.68063e+07
157.801 1.68066e+07
157.901 1.68069e+07
158.001 1.68072e+07
158.101 1.68075e+07
158.201 1.68078e+07
158.301 1.6808e+07
158.401 1.68083e+07
158.501 1.68086e+07
158.601 1.68089e+07
158.701 1.68092e+07
158.801 1.68095e+07
158.901 1.68097e+07
159.001 1.681e+07
159.101 1.68103e+07
159.201 1.68106e+07
159.301 1.68109e+07
159.401 1.68111e+07
159.501 1.68114e+07
159.601 1.68117e+07
159.701 1.6812e+07
159.801 1.68123e+07
159.901 1.68126e+07
160.001 1.68128e+07
160.101 1.68131e+07
160.201 1.68134e+07
160.301 1.68137e+07
160.401 1.68139e+07
160.501 1.68142e+07
160.601 1.68145e+07
160.701 1.68148e+07
160.801 1.6815e+07
160.901 1.68153e+07
161.001 1.68156e+07
161.101 1.68159e+07
161.201 1.68161e+07
161.301 1.68164e+07
161.401 1.68167e+07
161.501 1.6817e+07
161.601 1.68172e+07
161.701 1.68175e+07
161.801 1.68178e+07
161.901 1.68181e+07
162.001 1.68183e+07
162.101 1.68186e+07
162.201 1.68189e+07
162.301 1.68191e+07
162.401 1.68194e+07
162.501 1.68197e+07
162.601 1.682e+07
162.701 1.68202e+07
162.801 1.68205e+07
162.901 1.68208e+07
163.001 1.6821e+07
163.101 1.68213e+07
163.201 1.68216e+07
163.301 1.68218e+07
163.401 1.68221e+07
163.501 1.68224e+07
163.601 1.68226e+07
163.701 1.68229e+07
163.801 1.68232e+07
163.901 1.68234e+07
164.001 1.68237e+07
164.101 1.6824e+07
164.201 1.68242e+07
164.301 1.68245e+07
164.401 1.68248e+07
164.501 1.6825e+07
164.601 1.68253e+07
164.701 1.68256e+07
164.801 1.68258e+07
164.901 1.68261e+07
165.001 1.68263e+07
165.101 1.68266e+07
165.201 1.68269e+07
165.301 1.68271e+07
165.401 1.68274e+07
165.501 1.68277e+07
165.601 1.68279e+07
165.701 1.68282e+07
165.801 1.68284e+07
165.901 1.68287e+07
166.001 1.68289e+07
166.101 1.68292e+07
166.201 1.68295e+07
166.301 1.68297e+07
166.401 1.683e+07
166.501 1.68302e+07
166.601 1.68305e+07
166.701 1.68308e+07
166.801 1.6831e+07
166.901 1.68313e+07
167.001 1.68315e+07
167.101 1.68318e+07
167.201 1.6832e+07
167.301 1.68323e+07
167.401 1.68325e+07
167.501 1.68328e+07
167.601 1.6833e+07
167.701 1.68333e+07
167.801 1.68336e+07
167.901 1.68338e+07
168.001 1.68341e+07
168.101 1.68343e+07
168.201 1.68346e+07
168.301 1.68348e+07
168.401 1.68351e+07
168.501 1.68353e+07
168.601 1.68356e+07
168.701 1.68358e+07
168.801 1.68361e+07
168.901 1.68363e+07
169.001 1.68366e+07
169.101 1.68368e+07
169.201 1.68371e+07
169.301 1.68373e+07
169.401 1.68376e+07
169.501 1.68378e+07
169.601 1.68381e+07
169.701 1.68383e+07
169.801 1.68386e+07
169.901 1.68388e+07
170.001 1.68391e+07
170.101 1.68393e+07
170.201 1.68396e+07
170.301 1.68398e+07
170.401 1.68401e+07
170.501 1.68403e+07
170.601 1.68405e+07
170.701 1.68408e+07
170.801 1.6841e+07
170.901 1.68413e+07
171.001 1.68415e+07
171.101 1.68418e+07
171.201 1.6842e+07
171.301 1.68423e+07
171.401 1.68425e+07
171.501 1.68427e+07
171.601 1.6843e+07
171.701 1.68432e+07
171.801 1.68435e+07
171.901 1.68437e+07
172.001 1.68439e+07
172.101 1.68442e+07
172.201 1.68444e+07
172.301 1.68447e+07
172.401 1.68449e+07
172.501 1.68452e+07
172.601 1.68454e+07
172.701 1.68456e+07
172.801 1.68459e+07
172.901 1.68461e+07
173.001 1.68463e+07
173.101 1.68466e+07
173.201 1.68468e+07
173.301 1.68471e+07
173.401 1.68473e+07
173.501 1.68475e+07
173.601 1.68478e+07
173.701 1.6848e+07
173.801 1.68483e+07
173.901 1.68485e+07
174.001 1.68487e+07
174.101 1.6849e+07
174.201 1.68492e+07
174.301 1.68494e+07
174.401 1.68497e+07
174.501 1.68499e+07
174.601 1.68501e+07
174.701 1.68504e+07
174.801 1.68506e+07
174.901 1.68508e+07
175.001 1.68511e+07
175.101 1.68513e+07
175.201 1.68515e+07
175.301 1.68518e+07
175.401 1.6852e+07
175.501 1.68522e+07
175.601 1.68525e+07
175.701 1.68527e+07
175.801 1.68529e+07
175.901 1.68531e+07
176.001 1.68534e+07
176.101 1.68536e+07
176.201 1.68538e+07
176.301 1.68541e+07
176.401 1.68543e+07
176.501 1.68545e+07
176.601 1.68548e+07
176.701 1.6855e+07
176.801 1.68552e+07
176.901 1.68554e+07
177.001 1.68557e+07
177.101 1.68559e+07
177.201 1.68561e+07
177.301 1.68564e+07
177.401 1.68566e+07
177.501 1.68568e+07
177.601 1.6857e+07
177.701 1.68573e+07
177.801 1.68575e+07
177.901 1.68577e+07
178.001 1.68579e+07
178.101 1.68582e+07
178.201 1.68584e+07
178.301 1.68586e+07
178.401 1.68588e+07
178.501 1.68591e+07
178.601 1.68593e+07
178.701 1.68595e+07
178.801 1.68597e+07
178.901 1.686e+07
179.001 1.68602e+07
179.101 1.68604e+07
179.201 1.68606e+07
179.301 1.68608e+07
179.401 1.68611e+07
179.501 1.68613e+07
179.601 1.68615e+07
179.701 1.68617e+07
179.801 1.6862e+07
179.901 1.68622e+07
180.001 1.68624e+07
180.101 1.68626e+07
180.201 1.68628e+07
180.301 1.6863e+07
180.401 1.68633e+07
180.501 1.68635e+07
180.601 1.68637e+07
180.701 1.68639e+07
180.801 1.68641e+07
180.901 1.68644e+07
181.001 1.68646e+07
181.101 1.68648e+07
181.201 1.6865e+07
181.301 1.68652e+07
181.401 1.68655e+07
181.501 1.68657e+07
181.601 1.68659e+07
181.701 1.68661e+07
181.801 1.68663e+07
181.901 1.68665e+07
182.001 1.68667e+07
182.101 1.6867e+07
182.201 1.68672e+07
182.301 1.68674e+07
182.401 1.68676e+07
182.501 1.68678e+07
182.601 1.6868e+07
182.701 1.68683e+07
182.801 1.68685e+07
182.901 1.68687e+07
183.001 1.68689e+07
183.101 1.68691e+07
183.201 1.68693e+07
183.301 1.68695e+07
183.401 1.68697e+07
183.501 1.687e+07
183.601 1.68702e+07
183.701 1.68704e+07
183.801 1.68706e+07
183.901 1.68708e+07
184.001 1.6871e+07
184.101 1.68712e+07
184.201 1.68714e+07
184.301 1.68716e+07
184.401 1.68718e+07
184.501 1.68721e+07
184.601 1.68723e+07
184.701 1.68725e+07
184.801 1.68727e+07
184.901 1.68729e+07
185.001 1.68731e+07
185.101 1.68733e+07
185.201 1.68735e+07
185.301 1.68737e+07
185.401 1.68739e+07
185.501 1.68741e+07
185.601 1.68744e+07
185.701 1.68746e+07
185.801 1.68748e+07
185.901 1.6875e+07
186.001 1.68752e+07
186.101 1.68754e+07
186.201 1.68756e+07
186.301 1.68758e+07
186.401 1.6876e+07
186.501 1.68762e+07
186.601 1.68764e+07
186.701 1.68766e+07
186.801 1.68768e+07
186.901 1.6877e+07
187.001 1.68772e+07
187.101 1.68774e+07
187.201 1.68776e+07
187.301 1.68778e+07
187.401 1.6878e+07
187.501 1.68782e+07
187.601 1.68785e+07
187.701 1.68787e+07
187.801 1.68789e+07
187.901 1.68791e+07
188.001 1.68793e+07
188.101 1.68795e+07
188.201 1.68797e+07
188.301 1.68799e+07
188.401 1.68801e+07
188.501 1.68803e+07
188.601 1.68805e+07
188.701 1.68807e+07
188.801 1.68809e+07
188.901 1.68811e+07
189.001 1.68813e+07
189.101 1.68815e+07
189.201 1.68817e+07
189.301 1.68819e+07
189.401 1.68821e+07
189.501 1.68823e+07
189.601 1.68825e+07
189.701 1.68827e+07
189.801 1.68829e+07
189.901 1.68831e+07
190.001 1.68833e+07
190.101 1.68835e+07
190.201 1.68836e+07
190.301 1.68839e+07
190.401 1.68841e+07
190.501 1.68842e+07
190.601 1.68844e+07
190.701 1.68846e+07
190.801 1.68848e+07
190.901 1.6885e+07
191.001 1.68852e+07
191.101 1.68854e+07
191.201 1.68856e+07
191.301 1.68858e+07
191.401 1.6886e+07
191.501 1.68862e+07
191.601 1.68864e+07
191.701 1.68866e+07
191.801 1.68868e+07
191.901 1.6887e+07
192.001 1.68872e+07
192.101 1.68874e+07
192.201 1.68876e+07
192.301 1.68877e+07
192.401 1.68879e+07
192.501 1.68881e+07
192.601 1.68883e+07
192.701 1.68885e+07
192.801 1.68887e+07
192.901 1.68889e+07
193.001 1.68891e+07
193.101 1.68893e+07
193.201 1.68895e+07
193.301 1.68897e+07
193.401 1.68899e+07
193.501 1.68901e+07
193.601 1.68902e+07
193.701 1.68904e+07
193.801 1.68906e+07
193.901 1.68908e+07
194.001 1.6891e+07
194.101 1.68912e+07
194.201 1.68914e+07
194.301 1.68916e+07
194.401 1.68918e+07
194.501 1.6892e+07
194.601 1.68921e+07
194.701 1.68923e+07
194.801 1.68925e+07
194.901 1.68927e+07
195.001 1.68929e+07
195.101 1.68931e+07
195.201 1.68933e+07
195.301 1.68935e+07
195.401 1.68936e+07
195.501 1.68938e+07
195.601 1.6894e+07
195.701 1.68942e+07
195.801 1.68944e+07
195.901 1.68946e+07
196.001 1.68948e+07
196.101 1.68949e+07
196.201 1.68951e+07
196.301 1.68953e+07
196.401 1.68955e+07
196.501 1.68957e+07
196.601 1.68959e+07
196.701 1.68961e+07
196.801 1.68962e+07
196.901 1.68964e+07
197.001 1.68966e+07
197.101 1.68968e+07
197.201 1.6897e+07
197.301 1.68972e+07
197.401 1.68973e+07
197.501 1.68975e+07
197.601 1.68977e+07
197.701 1.68979e+07
197.801 1.68981e+07
197.901 1.68982e+07
198.001 1.68984e+07
198.101 1.68926e+07
198.201 1.68841e+07
198.301 1.68756e+07
198.401 1.68671e+07
198.501 1.68586e+07
198.601 1.68501e+07
198.701 1.68416e+07
198.801 1.68331e+07
198.901 1.68247e+07
199.001 1.68162e+07
199.101 1.68078e+07
199.201 1.67993e+07
199.301 1.67909e+07
199.401 1.67825e+07
199.501 1.67741e+07
199.601 1.67657e+07
199.701 1.67573e+07
199.801 1.67489e+07
199.901 1.67405e+07
200.001 1.67321e+07
